-7.993333333333333193e-03 1.667596114906903793e-21
-7.979999999999999247e-03 1.667596114906903793e-21
-7.966666666666667035e-03 1.667596114906903793e-21
-7.953333333333333088e-03 1.667596114906903793e-21
-7.939999999999999142e-03 1.667596114906903793e-21
-7.926666666666666930e-03 1.667596114906903793e-21
-7.913333333333332983e-03 1.667596114906903793e-21
-7.899999999999999037e-03 1.667596114906903793e-21
-7.886666666666666825e-03 1.667596114906903793e-21
-7.873333333333332879e-03 1.667596114906903793e-21
-7.860000000000000667e-03 1.667596114906903793e-21
-7.846666666666666720e-03 1.667596114906903793e-21
-7.833333333333332774e-03 1.667596114906903793e-21
-7.820000000000000562e-03 1.667596114906903793e-21
-7.806666666666666615e-03 1.667596114906903793e-21
-7.793333333333333536e-03 1.667596114906903793e-21
-7.779999999999999589e-03 1.667596114906903793e-21
-7.766666666666666510e-03 1.667596114906903793e-21
-7.753333333333333431e-03 1.667596114906903793e-21
-7.739999999999999485e-03 1.667596114906903793e-21
-7.726666666666666405e-03 1.667596114906903793e-21
-7.713333333333333326e-03 1.667596114906903793e-21
-7.700000000000000247e-03 1.667596114906903793e-21
-7.686666666666666300e-03 1.667596114906903793e-21
-7.673333333333333221e-03 1.667596114906903793e-21
-7.660000000000000142e-03 1.667596114906903793e-21
-7.646666666666666196e-03 1.667596114906903793e-21
-7.633333333333333116e-03 1.667596114906903793e-21
-7.620000000000000037e-03 1.667596114906903793e-21
-7.606666666666666091e-03 1.667596114906903793e-21
-7.593333333333333011e-03 1.667596114906903793e-21
-7.579999999999999932e-03 1.667596114906903793e-21
-7.566666666666666853e-03 1.667596114906903793e-21
-7.553333333333332907e-03 1.667596114906903793e-21
-7.539999999999999827e-03 1.667596114906903793e-21
-7.526666666666666748e-03 1.667596114906903793e-21
-7.513333333333332802e-03 1.667596114906903793e-21
-7.499999999999999722e-03 1.667596114906903793e-21
-7.486666666666666643e-03 1.667596114906903793e-21
-7.473333333333333564e-03 1.667596114906903793e-21
-7.459999999999999618e-03 1.667596114906903793e-21
-7.446666666666666538e-03 1.667596114906903793e-21
-7.433333333333333459e-03 1.667596114906903793e-21
-7.419999999999999513e-03 1.667596114906903793e-21
-7.406666666666666433e-03 1.667596114906903793e-21
-7.393333333333333354e-03 1.667596114906903793e-21
-7.379999999999999408e-03 1.667596114906903793e-21
-7.366666666666666329e-03 1.667596114906903793e-21
-7.353333333333333249e-03 1.667596114906903793e-21
-7.340000000000000170e-03 1.667596114906903793e-21
-7.326666666666666224e-03 1.667596114906903793e-21
-7.313333333333333144e-03 1.667596114906903793e-21
-7.300000000000000065e-03 1.667596114906903793e-21
-7.286666666666666986e-03 1.667596114906903793e-21
-7.273333333333333039e-03 1.667596114906903793e-21
-7.259999999999999960e-03 1.667596114906903793e-21
-7.246666666666666881e-03 1.667596114906903793e-21
-7.233333333333332935e-03 1.667596114906903793e-21
-7.219999999999999855e-03 1.667596114906903793e-21
-7.206666666666666776e-03 1.667596114906903793e-21
-7.193333333333332830e-03 1.667596114906903793e-21
-7.179999999999999750e-03 1.667596114906903793e-21
-7.166666666666666671e-03 1.667596114906903793e-21
-7.153333333333332725e-03 1.667596114906903793e-21
-7.139999999999999646e-03 2.508011617260779910e-21
-7.126666666666666566e-03 2.508011617260779910e-21
-7.113333333333333487e-03 2.508011617260779910e-21
-7.099999999999999541e-03 2.508011617260779910e-21
-7.086666666666666461e-03 2.508011617260779910e-21
-7.073333333333333382e-03 2.508011617260779910e-21
-7.060000000000000303e-03 2.508011617260779910e-21
-7.046666666666666357e-03 2.508011617260779910e-21
-7.033333333333333277e-03 2.508011617260779910e-21
-7.020000000000000198e-03 2.508011617260779910e-21
-7.006666666666666252e-03 2.508011617260779910e-21
-6.993333333333333172e-03 2.508011617260779910e-21
-6.980000000000000093e-03 2.508011617260779910e-21
-6.966666666666666147e-03 2.508011617260779910e-21
-6.953333333333333068e-03 3.626359805432473327e-21
-6.939999999999999988e-03 3.626359805432473327e-21
-6.926666666666666042e-03 3.626359805432473327e-21
-6.913333333333332963e-03 3.626359805432473327e-21
-6.899999999999999883e-03 4.466775307786349444e-21
-6.886666666666666804e-03 4.466775307786349444e-21
-6.873333333333333725e-03 4.466775307786349444e-21
-6.859999999999999779e-03 4.466775307786349444e-21
-6.846666666666666699e-03 4.466775307786349444e-21
-6.833333333333333620e-03 5.585123495958042861e-21
-6.819999999999999674e-03 5.585123495958042861e-21
-6.806666666666666594e-03 5.585123495958042861e-21
-6.793333333333333515e-03 6.425538998311918978e-21
-6.779999999999999569e-03 6.425538998311918978e-21
-6.766666666666666489e-03 6.425538998311918978e-21
-6.753333333333333410e-03 6.425538998311918978e-21
-6.739999999999999464e-03 7.265954500665795096e-21
-6.726666666666666385e-03 7.265954500665795096e-21
-6.713333333333333305e-03 8.384302688837488512e-21
-6.699999999999999359e-03 8.384302688837488512e-21
-6.686666666666666280e-03 9.224718191191364630e-21
-6.673333333333333200e-03 1.006513369354524075e-20
-6.660000000000000121e-03 1.006513369354524075e-20
-6.646666666666667042e-03 1.118348188171693416e-20
-6.633333333333333096e-03 1.118348188171693416e-20
-6.620000000000000016e-03 1.202389738407081028e-20
-6.606666666666666937e-03 1.314555429469271581e-20
-6.593333333333332991e-03 1.398266107459637982e-20
-6.579999999999999911e-03 1.482307657695025593e-20
-6.566666666666666832e-03 1.594473348757216146e-20
-6.553333333333332886e-03 1.594473348757216146e-20
-6.539999999999999807e-03 1.678184026747582547e-20
-6.526666666666666727e-03 1.874391268045160711e-20
-6.513333333333332781e-03 1.958101946035527112e-20
-6.499999999999999702e-03 2.070267637097717665e-20
-6.486666666666666622e-03 2.238019865323471677e-20
-6.473333333333332676e-03 2.350185556385662230e-20
-6.459999999999999597e-03 2.546061925438219183e-20
-6.446666666666666518e-03 2.714145025908994407e-20
-6.433333333333333438e-03 2.910021394961551360e-20
-6.420000000000000359e-03 3.021856213778720702e-20
-6.406666666666666413e-03 3.189939314249495925e-20
-6.393333333333333333e-03 3.469857233537440491e-20
-6.380000000000000254e-03 3.665733602589997444e-20
-6.366666666666666308e-03 3.945651521877942009e-20
-6.353333333333333229e-03 4.141527890930498963e-20
-6.340000000000000149e-03 4.533611501280634080e-20
-6.326666666666666203e-03 4.813529420568578646e-20
-6.313333333333333124e-03 5.093447339856523211e-20
-6.300000000000000044e-03 5.373365259144467776e-20
-6.286666666666666098e-03 5.765117997249581683e-20
-6.273333333333333019e-03 6.129077466772913860e-20
-6.259999999999999939e-03 6.604871755113415378e-20
-6.246666666666665993e-03 6.996955365463550496e-20
-6.233333333333332914e-03 7.472749653804052015e-20
-6.219999999999999835e-03 8.032585492379941145e-20
-6.206666666666666755e-03 8.508379780720442664e-20
-6.193333333333333676e-03 9.152257169531719406e-20
-6.179999999999999730e-03 9.740217148934411477e-20
-6.166666666666666650e-03 1.038409453774568822e-19
-6.153333333333333571e-03 1.116793088620093724e-19
-6.139999999999999625e-03 1.181180827501221399e-19
-6.126666666666666546e-03 1.267935530145782941e-19
-6.113333333333333466e-03 1.351910905932166311e-19
-6.099999999999999520e-03 1.447102850824768736e-19
-6.086666666666666441e-03 1.550665863516407800e-19
-6.073333333333333361e-03 1.654228876208046865e-19
-6.059999999999999415e-03 1.760604302982366224e-19
-6.046666666666666336e-03 1.883788039803763106e-19
-6.033333333333333257e-03 2.015342844424196627e-19
-6.019999999999999310e-03 2.146930736269132270e-19
-6.006666666666667098e-03 2.300885591877501780e-19
-5.993333333333333152e-03 2.452028033403190997e-19
-5.980000000000000072e-03 2.622791199058638030e-19
-5.966666666666666993e-03 2.801958519737623825e-19
-5.953333333333333047e-03 3.000680390097363193e-19
-5.939999999999999968e-03 3.199435347681604683e-19
-5.926666666666666888e-03 3.417777942171101868e-19
-5.913333333333332942e-03 3.652928846707676576e-19
-5.899999999999999863e-03 3.899263233125968217e-19
-5.886666666666666783e-03 4.176401825555734609e-19
-5.873333333333332837e-03 4.459132158926359469e-19
-5.859999999999999758e-03 4.772633611083956957e-19
-5.846666666666666679e-03 5.094539218265093207e-19
-5.833333333333332732e-03 5.444469704599526035e-19
-5.819999999999999653e-03 5.813954740614712437e-19
-5.806666666666666574e-03 6.219868810806734177e-19
-5.793333333333332627e-03 6.648149844762189786e-19
-5.780000000000000415e-03 7.101643343788261679e-19
-5.766666666666666469e-03 7.594312116624844962e-19
-5.753333333333333389e-03 8.114972681390222702e-19
-5.740000000000000310e-03 8.674841607190613953e-19
-5.726666666666666364e-03 9.271073392718836301e-19
-5.713333333333333285e-03 9.914917694305610922e-19
-5.700000000000000205e-03 1.059793726970289693e-18
-5.686666666666666259e-03 1.132575694707605492e-18
-5.673333333333333180e-03 1.210393538014144124e-18
-5.660000000000000100e-03 1.293813048428891859e-18
-5.646666666666666154e-03 1.382830917229398485e-18
-5.633333333333333075e-03 1.477443835693213791e-18
-5.619999999999999996e-03 1.579898426364031798e-18
-5.606666666666666049e-03 1.687670134012340668e-18
-5.593333333333333837e-03 1.804401862055823934e-18
-5.579999999999999891e-03 1.929246577547227295e-18
-5.566666666666665944e-03 2.061092549743279482e-18
-5.553333333333333732e-03 2.203016890522677758e-18
-5.539999999999999786e-03 2.355578773979507970e-18
-5.526666666666666707e-03 2.517656543203148213e-18
-5.513333333333333627e-03 2.690931029198306238e-18
-5.499999999999999681e-03 2.876523888875603951e-18
-5.486666666666666602e-03 3.074431813512591141e-18
-5.473333333333333522e-03 3.285776460019889712e-18
-5.459999999999999576e-03 3.512238659402207417e-18
-5.446666666666666497e-03 3.754655518439447919e-18
-5.433333333333333418e-03 4.013308278539879249e-18
-5.419999999999999471e-03 4.289877770708209158e-18
-5.406666666666666392e-03 4.585479034410159128e-18
-5.393333333333333313e-03 4.900959102592983459e-18
-5.379999999999999366e-03 5.239110537004661172e-18
-5.366666666666667154e-03 5.599936646367642480e-18
-5.353333333333333208e-03 5.986517851283074858e-18
-5.339999999999999261e-03 6.398569601620240064e-18
-5.326666666666667049e-03 6.838897694016917968e-18
-5.313333333333333103e-03 7.310575931629355621e-18
-5.300000000000000024e-03 7.814725971368174928e-18
-5.286666666666666944e-03 8.353584509609719277e-18
-5.273333333333332998e-03 8.929394860175232478e-18
-5.259999999999999919e-03 9.545237443665862006e-18
-5.246666666666666839e-03 1.020250523223314716e-17
-5.233333333333332893e-03 1.090652526902192944e-17
-5.219999999999999814e-03 1.165756886927312623e-17
-5.206666666666666735e-03 1.246180018291148271e-17
-5.193333333333332788e-03 1.332090004094170662e-17
-5.179999999999999709e-03 1.423878266202239888e-17
-5.166666666666666630e-03 1.522020598903696452e-17
-5.153333333333332683e-03 1.626881623412553728e-17
-5.140000000000000471e-03 1.739048637963724366e-17
-5.126666666666666525e-03 1.858969643576967084e-17
-5.113333333333332578e-03 1.987036392990386999e-17
-5.100000000000000366e-03 2.124004929283857576e-17
-5.086666666666666420e-03 2.270435088295954704e-17
-5.073333333333333341e-03 2.426942623274662859e-17
-5.060000000000000261e-03 2.594199204877375097e-17
-5.046666666666666315e-03 2.773156752553017444e-17
-5.033333333333333236e-03 2.964207349911940033e-17
-5.020000000000000157e-03 3.168638420859520399e-17
-5.006666666666666210e-03 3.386953883824925845e-17
-4.993333333333333131e-03 3.620553659276841115e-17
-4.980000000000000052e-03 3.870052838718760640e-17
-4.966666666666666105e-03 4.136823880223032405e-17
-4.953333333333333026e-03 4.422126083554207138e-17
-4.939999999999999947e-03 4.726939161429792645e-17
-4.926666666666666000e-03 5.052718951727882255e-17
-4.913333333333333788e-03 5.401116506951131812e-17
-4.899999999999999842e-03 5.773364326212245326e-17
-4.886666666666665895e-03 6.171421173201748368e-17
-4.873333333333333683e-03 6.596910968898205040e-17
-4.859999999999999737e-03 7.051681303917813786e-17
-4.846666666666666658e-03 7.537831562655234190e-17
-4.833333333333333579e-03 8.057377087954890448e-17
-4.819999999999999632e-03 8.612865265231200865e-17
-4.806666666666666553e-03 9.206591686120122603e-17
-4.793333333333333474e-03 9.841355198942290086e-17
-4.779999999999999527e-03 1.051975976826602025e-16
-4.766666666666666448e-03 1.124496787100922582e-16
-4.753333333333333369e-03 1.202019922498820821e-16
-4.739999999999999422e-03 1.284878472109359594e-16
-4.726666666666666343e-03 1.373455949951742989e-16
-4.713333333333333264e-03 1.468141428698891446e-16
-4.699999999999999317e-03 1.569354851404185886e-16
-4.686666666666667105e-03 1.677541241237179840e-16
-4.673333333333333159e-03 1.793182116576052675e-16
-4.660000000000000080e-03 1.916806509053368805e-16
-4.646666666666667000e-03 2.048949108217082508e-16
-4.633333333333333054e-03 2.190192149956757608e-16
-4.619999999999999975e-03 2.341185070314921740e-16
-4.606666666666666896e-03 2.502588488815984252e-16
-4.593333333333332949e-03 2.675110604413188546e-16
-4.579999999999999870e-03 2.859529694801273513e-16
-4.566666666666666791e-03 3.056663047512666047e-16
-4.553333333333332844e-03 3.267378507358832283e-16
-4.539999999999999765e-03 3.492636199420374771e-16
-4.526666666666666686e-03 3.733415869502025819e-16
-4.513333333333332739e-03 3.990784051198386799e-16
-4.499999999999999660e-03 4.265905249375809863e-16
-4.486666666666666581e-03 4.559997106983197570e-16
-4.473333333333332634e-03 4.874352937451888830e-16
-4.460000000000000422e-03 5.210380767620571407e-16
-4.446666666666666476e-03 5.569586595599683844e-16
-4.433333333333333397e-03 5.953546398979486673e-16
-4.420000000000000318e-03 6.363978959811191578e-16
-4.406666666666666371e-03 6.802698185916453843e-16
-4.393333333333333292e-03 7.271672006146986125e-16
-4.380000000000000213e-03 7.772977437933684575e-16
-4.366666666666666266e-03 8.308837115582479177e-16
-4.353333333333333187e-03 8.881638844824014505e-16
-4.340000000000000108e-03 9.493924353157319002e-16
-4.326666666666666161e-03 1.014843693545308803e-15
-4.313333333333333082e-03 1.084804866205977921e-15
-4.300000000000000003e-03 1.159590308400289005e-15
-4.286666666666666056e-03 1.239531454856079805e-15
-4.273333333333333844e-03 1.324984095807144076e-15
-4.259999999999999898e-03 1.416327252027598519e-15
-4.246666666666665951e-03 1.513966255252483916e-15
-4.233333333333333739e-03 1.618338918945134785e-15
-4.219999999999999793e-03 1.729905440076261327e-15
-4.206666666666666714e-03 1.849162411563526077e-15
-4.193333333333333635e-03 1.976642253171282467e-15
-4.179999999999999688e-03 2.112910141016141027e-15
-4.166666666666666609e-03 2.258572676419788946e-15
-4.153333333333333530e-03 2.414275930454021991e-15
-4.139999999999999583e-03 2.580713848095768048e-15
-4.126666666666666504e-03 2.758626276228506795e-15
-4.113333333333333425e-03 2.948803169028503925e-15
-4.099999999999999478e-03 3.152090748806013435e-15
-4.086666666666666399e-03 3.369392898977429171e-15
-4.073333333333333320e-03 3.601676772349837933e-15
-4.060000000000000241e-03 3.849972222020758042e-15
-4.046666666666666294e-03 4.115385238100009648e-15
-4.033333333333333215e-03 4.399097120529102181e-15
-4.020000000000000136e-03 4.702367258408092526e-15
-4.006666666666666189e-03 5.026542946975094803e-15
-3.993333333333333110e-03 5.373068046532932573e-15
-3.980000000000000031e-03 5.743483005610195989e-15
-3.966666666666666952e-03 6.139433794511857368e-15
-3.953333333333333005e-03 6.562680875265833718e-15
-3.939999999999999926e-03 7.015105647014319748e-15
-3.926666666666666847e-03 7.498720782462722334e-15
-3.913333333333332900e-03 8.015675568157695159e-15
-3.899999999999999821e-03 8.568269327974119225e-15
-3.886666666666666742e-03 9.158958149747844132e-15
-3.873333333333332795e-03 9.790368027521260326e-15
-3.859999999999999716e-03 1.046530691852790766e-14
-3.846666666666666637e-03 1.118677592667435713e-14
-3.833333333333333558e-03 1.195798218008798709e-14
-3.819999999999999611e-03 1.278235451115267478e-14
-3.806666666666666532e-03 1.366355829282026315e-14
-3.793333333333333453e-03 1.460551138665277079e-14
-3.779999999999999506e-03 1.561240291320485205e-14
-3.766666666666666427e-03 1.668870723137614918e-14
-3.753333333333333348e-03 1.783921166219670262e-14
-3.740000000000000269e-03 1.906903132513841779e-14
-3.726666666666666322e-03 2.038363263997062891e-14
-3.713333333333333243e-03 2.178886133509564009e-14
-3.700000000000000164e-03 2.329096623395441987e-14
-3.686666666666666217e-03 2.489662472888074540e-14
-3.673333333333333138e-03 2.661297525290332887e-14
-3.660000000000000059e-03 2.844765030741331546e-14
-3.646666666666666112e-03 3.040880641933734762e-14
-3.633333333333333033e-03 3.250516165874142797e-14
-3.619999999999999954e-03 3.474603788790788611e-14
-3.606666666666666875e-03 3.714139940721359706e-14
-3.593333333333332928e-03 3.970189354322827804e-14
-3.579999999999999849e-03 4.243890578526539879e-14
-3.566666666666666770e-03 4.536460654755657040e-14
-3.553333333333332823e-03 4.849200181917481319e-14
-3.539999999999999744e-03 5.183499672459282528e-14
-3.526666666666666665e-03 5.540845541486805385e-14
-3.513333333333333586e-03 5.922826349661788577e-14
-3.499999999999999639e-03 6.331140725276127303e-14
-3.486666666666666560e-03 6.767603886736439375e-14
-3.473333333333333481e-03 7.234156403399368891e-14
-3.459999999999999534e-03 7.732872622887666924e-14
-3.446666666666666455e-03 8.265969962313703968e-14
-3.433333333333333376e-03 8.835818456921588995e-14
-3.420000000000000297e-03 9.444951842653016449e-14
-3.406666666666666350e-03 1.009607836243478864e-13
-3.393333333333333271e-03 1.079209299885658641e-13
-3.380000000000000192e-03 1.153609015484975959e-13
-3.366666666666666245e-03 1.233137784645227716e-13
-3.353333333333333166e-03 1.318149192237432932e-13
-3.340000000000000087e-03 1.409021213181629017e-13
-3.326666666666666140e-03 1.506157878123927657e-13
-3.313333333333333061e-03 1.609991039698733191e-13
-3.299999999999999982e-03 1.720982373974952738e-13
-3.286666666666666903e-03 1.839625348384847913e-13
-3.273333333333332956e-03 1.966447461265912478e-13
-3.259999999999999877e-03 2.102012579010062274e-13
-3.246666666666666798e-03 2.246923444373037497e-13
-3.233333333333332851e-03 2.401824310647606994e-13
-3.219999999999999772e-03 2.567403914319079202e-13
-3.206666666666666693e-03 2.744398420059893405e-13
-3.193333333333333614e-03 2.933594768528082093e-13
-3.179999999999999667e-03 3.135834147614167918e-13
-3.166666666666666588e-03 3.352015720974318395e-13
-3.153333333333333509e-03 3.583100650576577523e-13
-3.139999999999999562e-03 3.830116368493159577e-13
-3.126666666666666483e-03 4.094161120041071047e-13
-3.113333333333333404e-03 4.376408876540117491e-13
-3.099999999999999457e-03 4.678114530768156526e-13
-3.086666666666666378e-03 5.000619492672505631e-13
-3.073333333333333299e-03 5.345357665915303964e-13
-3.060000000000000220e-03 5.713861757342527121e-13
-3.046666666666666273e-03 6.107770177258482604e-13
-3.033333333333333194e-03 6.528834281094287700e-13
-3.020000000000000115e-03 6.978926151523072384e-13
-3.006666666666666168e-03 7.460046937267734463e-13
-2.993333333333333089e-03 7.974335738311120152e-13
-2.980000000000000010e-03 8.524079128697020805e-13
-2.966666666666666931e-03 9.111721306962731229e-13
-2.953333333333332984e-03 9.739874979619066833e-13
-2.939999999999999905e-03 1.041133297254931984e-12
-2.926666666666666826e-03 1.112908064298669954e-12
-2.913333333333332879e-03 1.189630913971585988e-12
-2.899999999999999800e-03 1.271642964292097011e-12
-2.886666666666666721e-03 1.359308845235713446e-12
-2.873333333333333642e-03 1.453018327913577751e-12
-2.859999999999999695e-03 1.553188050034826256e-12
-2.846666666666666616e-03 1.660263375203465393e-12
-2.833333333333333537e-03 1.774720366660648750e-12
-2.819999999999999590e-03 1.897067909730867214e-12
-2.806666666666666511e-03 2.027849968562565912e-12
-2.793333333333333432e-03 2.167648012563209464e-12
-2.779999999999999485e-03 2.317083590327267901e-12
-2.766666666666666406e-03 2.476821105111721903e-12
-2.753333333333333327e-03 2.647570756882582364e-12
-2.740000000000000248e-03 2.830091712487896717e-12
-2.726666666666666301e-03 3.025195470112320105e-12
-2.713333333333333222e-03 3.233749473136567389e-12
-2.700000000000000143e-03 3.456680963624471182e-12
-2.686666666666666196e-03 3.694981108733319898e-12
-2.673333333333333117e-03 3.949709403131205166e-12
-2.660000000000000038e-03 4.221998381580629158e-12
-2.646666666666666959e-03 4.513058652597229777e-12
-2.633333333333333012e-03 4.824184285930049769e-12
-2.619999999999999933e-03 5.156758556679072584e-12
-2.606666666666666854e-03 5.512260102017065220e-12
-2.593333333333332907e-03 5.892269495571455954e-12
-2.579999999999999828e-03 6.298476271646881526e-12
-2.566666666666666749e-03 6.732686432597312651e-12
-2.553333333333332802e-03 7.196830490593251210e-12
-2.539999999999999723e-03 7.692972033953784676e-12
-2.526666666666666644e-03 8.223316916888272290e-12
-2.513333333333333565e-03 8.790223055296722435e-12
-2.499999999999999618e-03 9.396210913107162815e-12
-2.486666666666666539e-03 1.004397471005016240e-11
-2.473333333333333460e-03 1.073639439692130421e-11
-2.459999999999999513e-03 1.147654845614160756e-11
-2.446666666666666434e-03 1.226772759438591882e-11
-2.433333333333333355e-03 1.311344936573655181e-11
-2.420000000000000276e-03 1.401747381234518215e-11
-2.406666666666666329e-03 1.498382017862628424e-11
-2.393333333333333250e-03 1.601678478044616631e-11
-2.380000000000000171e-03 1.712096010231125556e-11
-2.366666666666666224e-03 1.830125521334697759e-11
-2.353333333333333145e-03 1.956291759296776183e-11
-2.340000000000000066e-03 2.091155645302596297e-11
-2.326666666666666120e-03 2.235316767264533954e-11
-2.313333333333333040e-03 2.389416045992310127e-11
-2.299999999999999961e-03 2.554138582698722154e-11
-2.286666666666666882e-03 2.730216705984942786e-11
-2.273333333333332935e-03 2.918433225464469789e-11
-2.259999999999999856e-03 3.119624912942476841e-11
-2.246666666666666777e-03 3.334686220301830249e-11
-2.233333333333332830e-03 3.564573256181493863e-11
-2.219999999999999751e-03 3.810308035249327004e-11
-2.206666666666666672e-03 4.072983020500305658e-11
-2.193333333333333593e-03 4.353765979162074964e-11
-2.179999999999999646e-03 4.653905172269609791e-11
-2.166666666666666567e-03 4.974734902858735944e-11
-2.153333333333333488e-03 5.317681445389328592e-11
-2.139999999999999541e-03 5.684269384118664604e-11
-2.126666666666666462e-03 6.076128388802186897e-11
-2.113333333333333383e-03 6.495000455972214810e-11
-2.100000000000000304e-03 6.942747649856243778e-11
-2.086666666666666357e-03 7.421360376393628331e-11
-2.073333333333333278e-03 7.932966227012616657e-11
-2.060000000000000199e-03 8.479839431532269466e-11
-2.046666666666666252e-03 9.064410962398966326e-11
-2.033333333333333173e-03 9.689279334402474400e-11
-2.020000000000000094e-03 1.035722214832781986e-10
-2.006666666666666148e-03 1.107120842907046251e-10
-1.993333333333333068e-03 1.183441181388932288e-10
-1.979999999999999989e-03 1.265022464815932835e-10
-1.966666666666666910e-03 1.352227305171452912e-10
-1.953333333333332963e-03 1.445443302181958260e-10
-1.939999999999999884e-03 1.545084764459998539e-10
-1.926666666666666805e-03 1.651594549140290803e-10
-1.913333333333332859e-03 1.765446028032018865e-10
-1.899999999999999779e-03 1.887145189048878697e-10
-1.886666666666666700e-03 2.017232882221725317e-10
-1.873333333333333621e-03 2.156287220152755266e-10
-1.859999999999999674e-03 2.304926143646639370e-10
-1.846666666666666595e-03 2.463810163553195146e-10
-1.833333333333333516e-03 2.633645291281188832e-10
-1.819999999999999570e-03 2.815186170599657321e-10
-1.806666666666666490e-03 3.009239424751233356e-10
-1.793333333333333411e-03 3.216667233380067692e-10
-1.779999999999999465e-03 3.438391155250448400e-10
-1.766666666666666385e-03 3.675396213386120310e-10
-1.753333333333333306e-03 3.928735260691462401e-10
-1.740000000000000227e-03 4.199533645100654519e-10
-1.726666666666666280e-03 4.488994194891335349e-10
-1.713333333333333201e-03 4.798402545728011955e-10
-1.700000000000000122e-03 5.129132833086498353e-10
-1.686666666666666176e-03 5.482653774715718132e-10
-1.673333333333333096e-03 5.860535169706772641e-10
-1.660000000000000017e-03 6.264454842669484992e-10
-1.646666666666666938e-03 6.696206063086089481e-10
-1.633333333333332991e-03 7.157705472223507365e-10
-1.619999999999999912e-03 7.651001552010819640e-10
-1.606666666666666833e-03 8.178283672569084452e-10
-1.593333333333332887e-03 8.741891757524072107e-10
-1.579999999999999807e-03 9.344326608988160131e-10
-1.566666666666666728e-03 9.988260936593400214e-10
-1.553333333333332782e-03 1.067655113797330536e-09
-1.539999999999999702e-03 1.141224988149475388e-09
-1.526666666666666623e-03 1.219861954483449785e-09
-1.513333333333333544e-03 1.303914656690332470e-09
-1.499999999999999598e-03 1.393755677429330425e-09
-1.486666666666666518e-03 1.489783174707909681e-09
-1.473333333333333439e-03 1.592422629345685762e-09
-1.459999999999999493e-03 1.702128710672198850e-09
-1.446666666666666413e-03 1.819387268298111768e-09
-1.433333333333333334e-03 1.944717458284152928e-09
-1.420000000000000255e-03 2.078674012576100260e-09
-1.406666666666666309e-03 2.221849661094067821e-09
-1.393333333333333229e-03 2.374877716466402037e-09
-1.380000000000000150e-03 2.538434832021943849e-09
-1.366666666666666204e-03 2.713243944254800562e-09
-1.353333333333333124e-03 2.900077411722973396e-09
-1.340000000000000045e-03 3.099760362962972541e-09
-1.326666666666666966e-03 3.313174266831525446e-09
-1.313333333333333020e-03 3.541260739396684053e-09
-1.299999999999999940e-03 3.785025602339894139e-09
-1.286666666666666861e-03 4.045543208671534805e-09
-1.273333333333332915e-03 4.323961052422852909e-09
-1.259999999999999835e-03 4.621504679877805135e-09
-1.246666666666666756e-03 4.939482920866513224e-09
-1.233333333333332810e-03 5.279293459554520622e-09
-1.219999999999999730e-03 5.642428765177757085e-09
-1.206666666666666651e-03 6.030482404156079635e-09
-1.193333333333333572e-03 6.445155755995022915e-09
-1.179999999999999626e-03 6.888265156463066053e-09
-1.166666666666666546e-03 7.361749492462493255e-09
-1.153333333333333467e-03 7.867678274061392509e-09
-1.139999999999999521e-03 8.408260210096813199e-09
-1.126666666666666441e-03 8.985852314702787407e-09
-1.113333333333333362e-03 9.602969572961120402e-09
-1.100000000000000283e-03 1.026229519471972000e-08
-1.086666666666666337e-03 1.096669148624989989e-08
-1.073333333333333257e-03 1.171921137006471593e-08
-1.060000000000000178e-03 1.252311058356437243e-08
-1.046666666666666232e-03 1.338186058744772997e-08
-1.033333333333333152e-03 1.429916221480394880e-08
-1.020000000000000073e-03 1.527896009148709013e-08
-1.006666666666666127e-03 1.632545785781494117e-08
-9.933333333333330475e-04 1.744313422053738502e-08
-9.799999999999999684e-04 1.863675986263043958e-08
-9.666666666666668892e-04 1.991141523638481187e-08
-9.533333333333329426e-04 2.127250926265435910e-08
-9.399999999999998634e-04 2.272579895575326193e-08
-9.266666666666667843e-04 2.427740998928147099e-08
-9.133333333333328377e-04 2.616725848795017216e-08
-8.999999999999997585e-04 2.850848854103937970e-08
-8.866666666666666793e-04 3.100745479044980977e-08
-8.733333333333336002e-04 3.367451804611260665e-08
-8.599999999999996536e-04 3.652068222962557409e-08
-8.466666666666665744e-04 3.955762900870219824e-08
-8.333333333333334952e-04 4.279775353142679143e-08
-8.199999999999995487e-04 4.625420117269864224e-08
-8.066666666666664695e-04 4.994090518008970298e-08
-7.933333333333333903e-04 5.387262507756403613e-08
-7.800000000000003111e-04 5.806498565278276499e-08
-7.666666666666663646e-04 6.354576575809194661e-08
-7.533333333333332854e-04 6.953384234130220017e-08
-7.400000000000002062e-04 7.591545403678944104e-08
-7.266666666666662597e-04 8.271508403867879023e-08
-7.133333333333331805e-04 8.995854783434544216e-08
-7.000000000000001013e-04 9.767303896089326939e-08
-6.866666666666661548e-04 1.070374313118608644e-07
-6.733333333333330756e-04 1.176689196696536109e-07
-6.599999999999999964e-04 1.289828726774252105e-07
-6.466666666666669172e-04 1.410195380280459158e-07
-6.333333333333329707e-04 1.542444161541923573e-07
-6.199999999999998915e-04 1.704241952914459688e-07
-6.066666666666668123e-04 1.876202085678550390e-07
-5.933333333333328657e-04 2.058893730749789078e-07
-5.799999999999997866e-04 2.274899744022258696e-07
-5.666666666666667074e-04 2.515526975497383476e-07
-5.533333333333336282e-04 2.770843608007780434e-07
-5.399999999999996816e-04 3.073801522185720998e-07
-5.266666666666666025e-04 3.404662764467770255e-07
-5.133333333333335233e-04 3.770250379475991885e-07
-4.999999999999995767e-04 4.193451430887425466e-07
-4.866666666666664975e-04 4.649347355253977475e-07
-4.733333333333334184e-04 5.184566557328168947e-07
-4.599999999999994718e-04 5.764565995636791574e-07
-4.466666666666663926e-04 6.434570696881822691e-07
-4.333333333333333134e-04 7.179263163067572178e-07
-4.200000000000002343e-04 8.010172779613704615e-07
-4.066666666666662877e-04 8.967729401262734748e-07
-3.933333333333332085e-04 1.003069879128265649e-06
-3.800000000000001293e-04 1.121775478244177984e-06
-3.666666666666661828e-04 1.258633960507917225e-06
-3.533333333333331036e-04 1.412296191120152326e-06
-3.400000000000000244e-04 1.585142365121233835e-06
-3.266666666666669452e-04 1.780018469181598231e-06
-3.133333333333329987e-04 2.000088761126935845e-06
-2.999999999999999195e-04 2.248865535792483810e-06
-2.866666666666668403e-04 2.530245588857085242e-06
-2.733333333333328938e-04 2.848556826231863423e-06
-2.599999999999998146e-04 3.208619586339674375e-06
-2.466666666666667354e-04 3.615829338536193965e-06
-2.333333333333327889e-04 4.076270189340450079e-06
-2.199999999999997097e-04 4.596870309620632645e-06
-2.066666666666666305e-04 5.194654098042594469e-06
-1.933333333333335513e-04 5.874460480791015313e-06
-1.799999999999996048e-04 6.647616857207075149e-06
-1.666666666666673929e-04 7.545881214199495608e-06
-1.533333333333334464e-04 8.584433328897742385e-06
-1.399999999999994998e-04 9.801086627797549221e-06
-1.266666666666672880e-04 1.125241851635693447e-05
-1.133333333333333415e-04 1.299870022304311929e-05
-9.999999999999939493e-05 1.515456368843621363e-05
-8.666666666666718311e-05 1.787688747876259434e-05
-7.333333333333323656e-05 2.135343992390709739e-05
-5.999999999999929001e-05 2.605891050024666027e-05
-4.666666666666707819e-05 3.240048041411009263e-05
-3.333333333333313164e-05 4.133002027953888431e-05
-1.999999999999918510e-05 5.443290875535464158e-05
-6.666666666666973273e-06 7.367145694708277198e-05
6.666666666666973273e-06 1.033148535261690069e-04
2.000000000000091982e-05 1.507325871325800959e-04
3.333333333333313164e-05 2.259293186496622236e-04
4.666666666666707819e-05 3.511478935320884389e-04
5.999999999999929001e-05 5.641866973361349576e-04
7.333333333333323656e-05 9.129507001391313960e-04
8.666666666666718311e-05 1.518193914579544623e-03
9.999999999999939493e-05 2.495894053039732566e-03
1.133333333333333415e-04 4.027439110637956975e-03
1.266666666666672880e-04 6.318670047439625334e-03
1.399999999999994998e-04 9.461703351566378567e-03
1.533333333333334464e-04 1.357772061648401286e-02
1.666666666666673929e-04 1.860157030246663637e-02
1.799999999999996048e-04 2.442607527947312021e-02
1.933333333333335513e-04 3.102137388149444480e-02
2.066666666666674979e-04 3.812803499313877770e-02
2.199999999999997097e-04 4.563433904580878331e-02
2.333333333333336562e-04 5.347037303361976135e-02
2.466666666666676028e-04 6.143395012141435879e-02
2.599999999999998146e-04 6.942620607382152254e-02
2.733333333333337611e-04 7.736146553285142002e-02
2.866666666666659730e-04 8.516847924204402898e-02
2.999999999999999195e-04 9.279058921861464693e-02
3.133333333333338661e-04 1.001849941779787839e-01
3.266666666666660779e-04 1.073213538188518973e-01
3.400000000000000244e-04 1.141799976132338718e-01
3.533333333333339710e-04 1.207499833174403014e-01
3.666666666666661828e-04 1.270271873697789156e-01
3.800000000000001293e-04 1.330125026918327347e-01
3.933333333333340759e-04 1.387079087156720403e-01
4.066666666666662877e-04 1.441200745747110434e-01
4.200000000000002343e-04 1.492584669429949107e-01
4.333333333333341808e-04 1.541290434154334310e-01
4.466666666666663926e-04 1.587439821133603546e-01
4.600000000000003392e-04 1.631137549275754883e-01
4.733333333333342857e-04 1.672460828125637289e-01
4.866666666666664975e-04 1.711549764048369560e-01
5.000000000000004441e-04 1.748465564789981053e-01
5.133333333333326559e-04 1.783344566255466446e-01
5.266666666666666025e-04 1.816257987719459566e-01
5.400000000000005490e-04 1.847313586029948052e-01
5.533333333333327608e-04 1.876605166329899654e-01
5.666666666666667074e-04 1.904204036480844631e-01
5.800000000000006539e-04 1.930215031733933384e-01
5.933333333333328657e-04 1.954712478716435775e-01
6.066666666666668123e-04 1.977768685962639772e-01
6.200000000000007588e-04 1.999470545714069902e-01
6.333333333333329707e-04 2.019889888965416824e-01
6.466666666666669172e-04 2.039086760938459975e-01
6.600000000000008638e-04 2.057134903998348030e-01
6.733333333333330756e-04 2.074099390133747889e-01
6.866666666666670221e-04 2.090040567962629658e-01
7.000000000000009687e-04 2.105013783331955157e-01
7.133333333333331805e-04 2.119072376939626634e-01
7.266666666666671270e-04 2.132272588352760456e-01
7.399999999999993389e-04 2.144663974033419185e-01
7.533333333333332854e-04 2.156293579138553185e-01
7.666666666666672320e-04 2.167206020904837993e-01
7.799999999999994438e-04 2.177443191787969134e-01
7.933333333333333903e-04 2.187042866572803390e-01
8.066666666666673369e-04 2.196045725864994580e-01
8.199999999999995487e-04 2.204487547331426545e-01
8.333333333333334952e-04 2.212402127356618287e-01
8.466666666666674418e-04 2.219821370315915587e-01
8.599999999999996536e-04 2.226775376512404592e-01
8.733333333333336002e-04 2.233292528378461594e-01
8.866666666666675467e-04 2.239399574617824684e-01
8.999999999999997585e-04 2.245121712029962691e-01
9.133333333333337051e-04 2.250482664816080003e-01
9.266666666666659169e-04 2.255504094444238938e-01
9.399999999999998634e-04 2.260207235549070437e-01
9.533333333333338100e-04 2.264612351486730568e-01
9.666666666666660218e-04 2.268738009995313332e-01
9.799999999999999684e-04 2.272601661357192826e-01
9.933333333333339149e-04 2.276219700736782370e-01
1.006666666666666127e-03 2.279607527666231703e-01
1.020000000000000073e-03 2.282779602725362456e-01
1.033333333333334020e-03 2.285749501474908518e-01
1.046666666666666232e-03 2.288529965712349512e-01
1.060000000000000178e-03 2.291132952127608591e-01
1.073333333333334125e-03 2.293569678442034243e-01
1.086666666666666337e-03 2.295850667118510269e-01
1.100000000000000283e-03 2.297985786733672542e-01
1.113333333333334230e-03 2.299984291105033607e-01
1.126666666666666441e-03 2.301854856266727922e-01
1.140000000000000388e-03 2.303605615387600281e-01
1.153333333333332600e-03 2.305244191724684644e-01
1.166666666666666546e-03 2.306777729703880786e-01
1.180000000000000493e-03 2.308212924217850348e-01
1.193333333333332705e-03 2.309556048229118030e-01
1.206666666666666651e-03 2.310812978763878700e-01
1.220000000000000598e-03 2.311989221379403547e-01
1.233333333333332810e-03 2.313089933185126512e-01
1.246666666666666756e-03 2.314119944494547054e-01
1.260000000000000703e-03 2.315083779182055823e-01
1.273333333333332915e-03 2.315985673815779411e-01
1.286666666666666861e-03 2.316829595634436467e-01
1.300000000000000808e-03 2.317619259433157941e-01
1.313333333333333020e-03 2.318358143420218842e-01
1.326666666666666966e-03 2.319049504103660175e-01
1.340000000000000913e-03 2.319696390263875918e-01
1.353333333333333124e-03 2.320301656065432983e-01
1.366666666666667071e-03 2.320867973358632652e-01
1.379999999999999283e-03 2.321397843218718782e-01
1.393333333333333229e-03 2.321893606768042628e-01
1.406666666666667176e-03 2.322357455324068898e-01
1.419999999999999388e-03 2.322791439913765021e-01
1.433333333333333334e-03 2.323197480192637776e-01
1.446666666666667281e-03 2.323577372804550012e-01
1.459999999999999493e-03 2.323932799216417711e-01
1.473333333333333439e-03 2.324265333059880312e-01
1.486666666666667386e-03 2.324576447010254232e-01
1.499999999999999598e-03 2.324867519231244850e-01
1.513333333333333544e-03 2.325139839412272424e-01
1.526666666666667491e-03 2.325394614423652584e-01
1.539999999999999702e-03 2.325632973613379617e-01
1.553333333333333649e-03 2.325855973767843587e-01
1.566666666666667596e-03 2.326064603757463656e-01
1.579999999999999807e-03 2.326259788886951285e-01
1.593333333333333754e-03 2.326442394968740446e-01
1.606666666666665966e-03 2.326613232136954534e-01
1.619999999999999912e-03 2.326773058418245277e-01
1.633333333333333859e-03 2.326922583074848283e-01
1.646666666666666071e-03 2.327062469734203221e-01
1.660000000000000017e-03 2.327193339318648635e-01
1.673333333333333964e-03 2.327315772787856563e-01
1.686666666666666176e-03 2.327430313705853571e-01
1.700000000000000122e-03 2.327537470643776252e-01
1.713333333333334069e-03 2.327637719428780894e-01
1.726666666666666280e-03 2.327731505248908372e-01
1.740000000000000227e-03 2.327819244623047790e-01
1.753333333333334174e-03 2.327901327244617791e-01
1.766666666666666385e-03 2.327978117706988592e-01
1.780000000000000332e-03 2.328049957118213387e-01
1.793333333333334279e-03 2.328117164612123757e-01
1.806666666666666490e-03 2.328180038762406312e-01
1.820000000000000437e-03 2.328238858905882780e-01
1.833333333333332649e-03 2.328293886380765620e-01
1.846666666666666595e-03 2.328345365685372537e-01
1.860000000000000542e-03 2.328393525562350019e-01
1.873333333333332754e-03 2.328438580013223735e-01
1.886666666666666700e-03 2.328480729247692504e-01
1.900000000000000647e-03 2.328520160571892483e-01
1.913333333333332859e-03 2.328557049219512343e-01
1.926666666666666805e-03 2.328591559129447597e-01
1.940000000000000752e-03 2.328623843673420790e-01
1.953333333333332963e-03 2.328654046336775252e-01
1.966666666666666910e-03 2.328682301355441131e-01
1.980000000000000857e-03 2.328708734311920603e-01
1.993333333333333068e-03 2.328733462692886835e-01
2.006666666666667015e-03 2.328756596410892221e-01
2.020000000000000961e-03 2.328778238292475433e-01
2.033333333333333173e-03 2.328798484534836677e-01
2.046666666666667120e-03 2.328817425133105912e-01
2.059999999999999332e-03 2.328835144280085312e-01
2.073333333333333278e-03 2.328851720740241216e-01
2.086666666666667225e-03 2.328867228199607564e-01
2.099999999999999437e-03 2.328881735593140989e-01
2.113333333333333383e-03 2.328895307410990545e-01
2.126666666666667330e-03 2.328908003985029618e-01
2.139999999999999541e-03 2.328919881756921773e-01
2.153333333333333488e-03 2.328930993528919580e-01
2.166666666666667435e-03 2.328941388698494153e-01
2.179999999999999646e-03 2.328951113477842894e-01
2.193333333333333593e-03 2.328960211099256883e-01
2.206666666666667539e-03 2.328968722007247749e-01
2.219999999999999751e-03 2.328976684038282507e-01
2.233333333333333698e-03 2.328984132588950706e-01
2.246666666666665910e-03 2.328991100773275258e-01
2.259999999999999856e-03 2.328997619569886102e-01
2.273333333333333803e-03 2.329003717959718667e-01
2.286666666666666015e-03 2.329009423054814454e-01
2.299999999999999961e-03 2.329014760218838520e-01
2.313333333333333908e-03 2.329019753179813745e-01
2.326666666666666120e-03 2.329024424135587301e-01
2.340000000000000066e-03 2.329028793852508383e-01
2.353333333333334013e-03 2.329032881757736040e-01
2.366666666666666224e-03 2.329036706025589820e-01
2.380000000000000171e-03 2.329040283658343202e-01
2.393333333333334118e-03 2.329043630561806189e-01
2.406666666666666329e-03 2.329046761616029582e-01
2.420000000000000276e-03 2.329049690741449019e-01
2.433333333333334222e-03 2.329052430960769915e-01
2.446666666666666434e-03 2.329054994456865590e-01
2.460000000000000381e-03 2.329057392626925627e-01
2.473333333333332593e-03 2.329059636133129496e-01
2.486666666666666539e-03 2.329061734950048645e-01
2.500000000000000486e-03 2.329063698408979921e-01
2.513333333333332698e-03 2.329065535239437934e-01
2.526666666666666644e-03 2.329067253607960686e-01
2.540000000000000591e-03 2.329068861154416636e-01
2.553333333333332802e-03 2.329070365025966705e-01
2.566666666666666749e-03 2.329071771908843014e-01
2.580000000000000696e-03 2.329073088058070673e-01
2.593333333333332907e-03 2.329074319325275255e-01
2.606666666666666854e-03 2.329075471184704760e-01
2.620000000000000800e-03 2.329076548757560983e-01
2.633333333333333012e-03 2.329077556834770746e-01
2.646666666666666959e-03 2.329078499898283583e-01
2.660000000000000905e-03 2.329079382140997467e-01
2.673333333333333117e-03 2.329080207485402787e-01
2.686666666666667064e-03 2.329080979601019230e-01
2.699999999999999276e-03 2.329081701920714398e-01
2.713333333333333222e-03 2.329082377655958269e-01
2.726666666666667169e-03 2.329083009811105387e-01
2.739999999999999380e-03 2.329083601196757225e-01
2.753333333333333327e-03 2.329084154442247756e-01
2.766666666666667274e-03 2.329084672007341872e-01
2.779999999999999485e-03 2.329085156193166084e-01
2.793333333333333432e-03 2.329085609152441172e-01
2.806666666666667379e-03 2.329086032899056191e-01
2.819999999999999590e-03 2.329086429317016871e-01
2.833333333333333537e-03 2.329086800168825855e-01
2.846666666666667483e-03 2.329087147103314770e-01
2.859999999999999695e-03 2.329087471662982523e-01
2.873333333333333642e-03 2.329087775290843154e-01
2.886666666666667588e-03 2.329088059336849870e-01
2.899999999999999800e-03 2.329088325063892462e-01
2.913333333333333747e-03 2.329088573653411987e-01
2.926666666666665959e-03 2.329088806210660445e-01
2.939999999999999905e-03 2.329089023769602695e-01
2.953333333333333852e-03 2.329089227297524156e-01
2.966666666666666063e-03 2.329089417699325704e-01
2.980000000000000010e-03 2.329089595821550174e-01
2.993333333333333957e-03 2.329089762456141854e-01
3.006666666666666168e-03 2.329089918343973387e-01
3.020000000000000115e-03 2.329090064178135910e-01
3.033333333333334061e-03 2.329090200607017713e-01
3.046666666666666273e-03 2.329090328237193863e-01
3.060000000000000220e-03 2.329090447636119332e-01
3.073333333333334166e-03 2.329090559334650312e-01
3.086666666666666378e-03 2.329090663829410379e-01
3.100000000000000325e-03 2.329090761584990676e-01
3.113333333333334271e-03 2.329090853036021036e-01
3.126666666666666483e-03 2.329090938589100379e-01
3.140000000000000430e-03 2.329091018624606380e-01
3.153333333333332641e-03 2.329091093498382170e-01
3.166666666666666588e-03 2.329091163543323406e-01
3.180000000000000535e-03 2.329091229070857361e-01
3.193333333333332746e-03 2.329091290372322376e-01
3.206666666666666693e-03 2.329091347720274041e-01
3.220000000000000639e-03 2.329091401369683956e-01
3.233333333333332851e-03 2.329091451559079928e-01
3.246666666666666798e-03 2.329091498511613179e-01
3.260000000000000744e-03 2.329091542436036721e-01
3.273333333333332956e-03 2.329091583527641840e-01
3.286666666666666903e-03 2.329091621969125447e-01
3.300000000000000849e-03 2.329091657931401937e-01
3.313333333333333061e-03 2.329091691574363965e-01
3.326666666666667008e-03 2.329091723047588824e-01
3.340000000000000954e-03 2.329091752491011524e-01
3.353333333333333166e-03 2.329091780035539849e-01
3.366666666666667113e-03 2.329091805803638893e-01
3.379999999999999324e-03 2.329091829909875067e-01
3.393333333333333271e-03 2.329091852461428469e-01
3.406666666666667218e-03 2.329091873558563064e-01
3.419999999999999429e-03 2.329091893295079652e-01
3.433333333333333376e-03 2.329091911758729982e-01
3.446666666666667322e-03 2.329091929031603114e-01
3.459999999999999534e-03 2.329091945190497615e-01
3.473333333333333481e-03 2.329091960307255460e-01
3.486666666666667427e-03 2.329091974449088165e-01
3.499999999999999639e-03 2.329091987678871545e-01
3.513333333333333586e-03 2.329092000055427159e-01
3.526666666666667532e-03 2.329092011633780157e-01
3.539999999999999744e-03 2.329092022465410194e-01
3.553333333333333691e-03 2.329092032598477635e-01
3.566666666666667637e-03 2.329092042078030611e-01
3.579999999999999849e-03 2.329092050946221237e-01
3.593333333333333796e-03 2.329092059242472978e-01
3.606666666666666007e-03 2.329092067003677713e-01
3.619999999999999954e-03 2.329092074264335066e-01
3.633333333333333900e-03 2.329092081056733377e-01
3.646666666666666112e-03 2.329092087411068768e-01
3.660000000000000059e-03 2.329092093355593363e-01
3.673333333333334005e-03 2.329092098916739351e-01
3.686666666666666217e-03 2.329092104119227791e-01
3.700000000000000164e-03 2.329092108986194343e-01
3.713333333333334110e-03 2.329092113539274200e-01
3.726666666666666322e-03 2.329092117798713391e-01
3.740000000000000269e-03 2.329092121783446767e-01
3.753333333333334215e-03 2.329092125511194045e-01
3.766666666666666427e-03 2.329092128998527522e-01
3.780000000000000374e-03 2.329092132260951464e-01
3.793333333333332585e-03 2.329092135312972600e-01
3.806666666666666532e-03 2.329092138168158965e-01
3.820000000000000479e-03 2.329092140839206515e-01
3.833333333333332690e-03 2.329092143337991028e-01
3.846666666666666637e-03 2.329092145675619729e-01
3.860000000000000583e-03 2.329092147862487638e-01
3.873333333333332795e-03 2.329092149908319198e-01
3.886666666666666742e-03 2.329092151822208245e-01
3.900000000000000688e-03 2.329092153612663807e-01
3.913333333333332900e-03 2.329092155287648958e-01
3.926666666666666847e-03 2.329092156854609408e-01
3.940000000000000793e-03 2.329092158320510697e-01
3.953333333333333005e-03 2.329092159691871777e-01
3.966666666666666952e-03 2.329092160974790826e-01
3.980000000000000898e-03 2.329092162174969949e-01
3.993333333333333110e-03 2.329092163297745433e-01
4.006666666666667057e-03 2.329092164348110228e-01
4.019999999999999268e-03 2.329092165330732545e-01
4.033333333333333215e-03 2.329092166249984164e-01
4.046666666666667161e-03 2.329092167109949041e-01
4.059999999999999373e-03 2.329092167914454947e-01
4.073333333333333320e-03 2.329092168667073193e-01
4.086666666666667266e-03 2.329092169371153598e-01
4.099999999999999478e-03 2.329092170029825326e-01
4.113333333333333425e-03 2.329092170646018534e-01
4.126666666666667371e-03 2.329092171222469920e-01
4.139999999999999583e-03 2.329092171761746044e-01
4.153333333333333530e-03 2.329092172266241656e-01
4.166666666666667476e-03 2.329092172738200794e-01
4.179999999999999688e-03 2.329092173179722058e-01
4.193333333333333635e-03 2.329092173592768600e-01
4.206666666666667581e-03 2.329092173979175617e-01
4.219999999999999793e-03 2.329092174340661459e-01
4.233333333333333739e-03 2.329092174678835669e-01
4.246666666666665951e-03 2.329092174995199827e-01
4.259999999999999898e-03 2.329092175291159750e-01
4.273333333333333844e-03 2.329092175568033274e-01
4.286666666666666056e-03 2.329092175827050804e-01
4.300000000000000003e-03 2.329092176069362252e-01
4.313333333333333949e-03 2.329092176296046202e-01
4.326666666666666161e-03 2.329092176508110734e-01
4.340000000000000108e-03 2.329092176706500095e-01
4.353333333333334054e-03 2.329092176892094135e-01
4.366666666666666266e-03 2.329092177065717195e-01
4.380000000000000213e-03 2.329092177228145322e-01
4.393333333333334159e-03 2.329092177380095441e-01
4.406666666666666371e-03 2.329092177522247009e-01
4.420000000000000318e-03 2.329092177655229523e-01
4.433333333333334264e-03 2.329092177779637507e-01
4.446666666666666476e-03 2.329092177896021076e-01
4.460000000000000422e-03 2.329092178004898983e-01
4.473333333333332634e-03 2.329092178106754452e-01
4.486666666666666581e-03 2.329092178202041841e-01
4.500000000000000527e-03 2.329092178291183590e-01
4.513333333333332739e-03 2.329092178374574940e-01
4.526666666666666686e-03 2.329092178452589756e-01
4.540000000000000632e-03 2.329092178525572487e-01
4.553333333333332844e-03 2.329092178593848705e-01
4.566666666666666791e-03 2.329092178657722056e-01
4.580000000000000737e-03 2.329092178717476203e-01
4.593333333333332949e-03 2.329092178773374266e-01
4.606666666666666896e-03 2.329092178825669934e-01
4.620000000000000842e-03 2.329092178874591357e-01
4.633333333333333054e-03 2.329092178920358913e-01
4.646666666666667000e-03 2.329092178963173831e-01
4.660000000000000947e-03 2.329092179003227070e-01
4.673333333333333159e-03 2.329092179040698762e-01
4.686666666666667105e-03 2.329092179075751834e-01
4.699999999999999317e-03 2.329092179108545324e-01
4.713333333333333264e-03 2.329092179139223562e-01
4.726666666666667210e-03 2.329092179167923937e-01
4.739999999999999422e-03 2.329092179194772461e-01
4.753333333333333369e-03 2.329092179219889591e-01
4.766666666666667315e-03 2.329092179243388572e-01
4.779999999999999527e-03 2.329092179265369600e-01
4.793333333333333474e-03 2.329092179285933428e-01
4.806666666666667420e-03 2.329092179305173038e-01
4.819999999999999632e-03 2.329092179323169753e-01
4.833333333333333579e-03 2.329092179340006563e-01
4.846666666666667525e-03 2.329092179355756465e-01
4.859999999999999737e-03 2.329092179370491900e-01
4.873333333333333683e-03 2.329092179384276429e-01
4.886666666666667630e-03 2.329092179397173057e-01
4.899999999999999842e-03 2.329092179409237018e-01
4.913333333333333788e-03 2.329092179420522157e-01
4.926666666666666000e-03 2.329092179431080656e-01
4.939999999999999947e-03 2.329092179440958033e-01
4.953333333333333893e-03 2.329092179450197309e-01
4.966666666666666105e-03 2.329092179458842338e-01
4.980000000000000052e-03 2.329092179466928092e-01
4.993333333333333998e-03 2.329092179474494262e-01
5.006666666666666210e-03 2.329092179481571934e-01
5.020000000000000157e-03 2.329092179488191916e-01
5.033333333333334103e-03 2.329092179494385018e-01
5.046666666666666315e-03 2.329092179500181770e-01
5.060000000000000261e-03 2.329092179505600768e-01
5.073333333333334208e-03 2.329092179510671989e-01
5.086666666666666420e-03 2.329092179515416527e-01
5.100000000000000366e-03 2.329092179519854366e-01
5.113333333333332578e-03 2.329092179524006323e-01
5.126666666666666525e-03 2.329092179527889606e-01
5.140000000000000471e-03 2.329092179531525031e-01
5.153333333333332683e-03 2.329092179534923424e-01
5.166666666666666630e-03 2.329092179538103657e-01
5.180000000000000576e-03 2.329092179541078500e-01
5.193333333333332788e-03 2.329092179543862384e-01
5.206666666666666735e-03 2.329092179546464469e-01
5.220000000000000681e-03 2.329092179548900576e-01
5.233333333333332893e-03 2.329092179551178754e-01
5.246666666666666839e-03 2.329092179553310105e-01
5.260000000000000786e-03 2.329092179555303788e-01
5.273333333333332998e-03 2.329092179557169795e-01
5.286666666666666944e-03 2.329092179558915621e-01
5.300000000000000891e-03 2.329092179560547371e-01
5.313333333333333103e-03 2.329092179562075315e-01
5.326666666666667049e-03 2.329092179563505005e-01
5.339999999999999261e-03 2.329092179564841436e-01
5.353333333333333208e-03 2.329092179566092935e-01
5.366666666666667154e-03 2.329092179567262000e-01
5.379999999999999366e-03 2.329092179568356957e-01
5.393333333333333313e-03 2.329092179569380583e-01
5.406666666666667259e-03 2.329092179570337873e-01
5.419999999999999471e-03 2.329092179571233823e-01
5.433333333333333418e-03 2.329092179572072596e-01
5.446666666666667364e-03 2.329092179572856136e-01
5.459999999999999576e-03 2.329092179573589438e-01
5.473333333333333522e-03 2.329092179574276666e-01
5.486666666666667469e-03 2.329092179574918098e-01
5.499999999999999681e-03 2.329092179575518451e-01
5.513333333333333627e-03 2.329092179576080779e-01
5.526666666666667574e-03 2.329092179576607025e-01
5.539999999999999786e-03 2.329092179577098298e-01
5.553333333333333732e-03 2.329092179577559596e-01
5.566666666666665944e-03 2.329092179577987864e-01
5.579999999999999891e-03 2.329092179578390875e-01
5.593333333333333837e-03 2.329092179578768351e-01
5.606666666666666049e-03 2.329092179579120570e-01
5.619999999999999996e-03 2.329092179579449196e-01
5.633333333333333942e-03 2.329092179579758670e-01
5.646666666666666154e-03 2.329092179580046496e-01
5.660000000000000100e-03 2.329092179580316557e-01
5.673333333333334047e-03 2.329092179580569411e-01
5.686666666666666259e-03 2.329092179580804778e-01
5.700000000000000205e-03 2.329092179581025990e-01
5.713333333333334152e-03 2.329092179581233046e-01
5.726666666666666364e-03 2.329092179581425670e-01
5.740000000000000310e-03 2.329092179581607192e-01
5.753333333333334257e-03 2.329092179581776223e-01
5.766666666666666469e-03 2.329092179581935818e-01
5.780000000000000415e-03 2.329092179582082922e-01
5.793333333333332627e-03 2.329092179582221978e-01
5.806666666666666574e-03 2.329092179582351319e-01
5.820000000000000520e-03 2.329092179582473165e-01
5.833333333333332732e-03 2.329092179582585298e-01
5.846666666666666679e-03 2.329092179582692712e-01
5.860000000000000625e-03 2.329092179582790689e-01
5.873333333333332837e-03 2.329092179582883948e-01
5.886666666666666783e-03 2.329092179582970823e-01
5.900000000000000730e-03 2.329092179583051592e-01
5.913333333333332942e-03 2.329092179583128752e-01
5.926666666666666888e-03 2.329092179583199806e-01
5.940000000000000835e-03 2.329092179583266420e-01
5.953333333333333047e-03 2.329092179583329425e-01
5.966666666666666993e-03 2.329092179583386324e-01
5.980000000000000940e-03 2.329092179583440170e-01
5.993333333333333152e-03 2.329092179583492073e-01
6.006666666666667098e-03 2.329092179583539535e-01
6.019999999999999310e-03 2.329092179583585331e-01
6.033333333333333257e-03 2.329092179583626410e-01
6.046666666666667203e-03 2.329092179583664435e-01
6.059999999999999415e-03 2.329092179583702182e-01
6.073333333333333361e-03 2.329092179583735489e-01
6.086666666666667308e-03 2.329092179583768518e-01
6.099999999999999520e-03 2.329092179583797106e-01
6.113333333333333466e-03 2.329092179583825695e-01
6.126666666666667413e-03 2.329092179583850952e-01
6.139999999999999625e-03 2.329092179583877598e-01
6.153333333333333571e-03 2.329092179583898137e-01
6.166666666666667518e-03 2.329092179583920341e-01
6.179999999999999730e-03 2.329092179583940880e-01
6.193333333333333676e-03 2.329092179583959754e-01
6.206666666666667623e-03 2.329092179583977240e-01
6.219999999999999835e-03 2.329092179583994449e-01
6.233333333333333781e-03 2.329092179584008881e-01
6.246666666666665993e-03 2.329092179584023037e-01
6.259999999999999939e-03 2.329092179584035804e-01
6.273333333333333886e-03 2.329092179584049960e-01
6.286666666666666098e-03 2.329092179584061062e-01
6.300000000000000044e-03 2.329092179584072164e-01
6.313333333333333991e-03 2.329092179584081601e-01
6.326666666666666203e-03 2.329092179584092426e-01
6.340000000000000149e-03 2.329092179584100475e-01
6.353333333333334096e-03 2.329092179584109912e-01
6.366666666666666308e-03 2.329092179584116296e-01
6.380000000000000254e-03 2.329092179584124067e-01
6.393333333333334201e-03 2.329092179584131839e-01
6.406666666666666413e-03 2.329092179584138222e-01
6.420000000000000359e-03 2.329092179584144606e-01
6.433333333333332571e-03 2.329092179584149602e-01
6.446666666666666518e-03 2.329092179584155708e-01
6.460000000000000464e-03 2.329092179584160427e-01
6.473333333333332676e-03 2.329092179584165145e-01
6.486666666666666622e-03 2.329092179584168476e-01
6.500000000000000569e-03 2.329092179584173194e-01
6.513333333333332781e-03 2.329092179584177635e-01
6.526666666666666727e-03 2.329092179584180966e-01
6.540000000000000674e-03 2.329092179584184297e-01
6.553333333333332886e-03 2.329092179584187350e-01
6.566666666666666832e-03 2.329092179584188738e-01
6.580000000000000779e-03 2.329092179584192068e-01
6.593333333333332991e-03 2.329092179584193734e-01
6.606666666666666937e-03 2.329092179584198452e-01
6.620000000000000884e-03 2.329092179584200117e-01
6.633333333333333096e-03 2.329092179584201505e-01
6.646666666666667042e-03 2.329092179584203171e-01
6.659999999999999254e-03 2.329092179584204558e-01
6.673333333333333200e-03 2.329092179584206224e-01
6.686666666666667147e-03 2.329092179584207889e-01
6.699999999999999359e-03 2.329092179584209277e-01
6.713333333333333305e-03 2.329092179584210942e-01
6.726666666666667252e-03 2.329092179584212607e-01
6.739999999999999464e-03 2.329092179584213995e-01
6.753333333333333410e-03 2.329092179584213995e-01
6.766666666666667357e-03 2.329092179584215661e-01
6.779999999999999569e-03 2.329092179584217326e-01
6.793333333333333515e-03 2.329092179584217326e-01
6.806666666666667462e-03 2.329092179584218714e-01
6.819999999999999674e-03 2.329092179584218991e-01
6.833333333333333620e-03 2.329092179584220379e-01
6.846666666666667567e-03 2.329092179584222044e-01
6.859999999999999779e-03 2.329092179584222044e-01
6.873333333333333725e-03 2.329092179584223710e-01
6.886666666666665937e-03 2.329092179584223710e-01
6.899999999999999883e-03 2.329092179584223710e-01
6.913333333333333830e-03 2.329092179584225097e-01
6.926666666666666042e-03 2.329092179584225097e-01
6.939999999999999988e-03 2.329092179584225097e-01
6.953333333333333935e-03 2.329092179584225097e-01
6.966666666666666147e-03 2.329092179584226763e-01
6.980000000000000093e-03 2.329092179584226763e-01
6.993333333333334040e-03 2.329092179584226763e-01
7.006666666666666252e-03 2.329092179584226763e-01
7.020000000000000198e-03 2.329092179584226763e-01
7.033333333333334145e-03 2.329092179584226763e-01
7.046666666666666357e-03 2.329092179584228151e-01
7.060000000000000303e-03 2.329092179584228151e-01
7.073333333333334250e-03 2.329092179584228151e-01
7.086666666666666461e-03 2.329092179584228151e-01
7.100000000000000408e-03 2.329092179584228151e-01
7.113333333333332620e-03 2.329092179584228428e-01
7.126666666666666566e-03 2.329092179584228428e-01
7.140000000000000513e-03 2.329092179584228428e-01
7.153333333333332725e-03 2.329092179584229816e-01
7.166666666666666671e-03 2.329092179584229816e-01
7.180000000000000618e-03 2.329092179584229816e-01
7.193333333333332830e-03 2.329092179584229816e-01
7.206666666666666776e-03 2.329092179584229816e-01
7.220000000000000723e-03 2.329092179584229816e-01
7.233333333333332935e-03 2.329092179584229816e-01
7.246666666666666881e-03 2.329092179584229816e-01
7.260000000000000828e-03 2.329092179584229816e-01
7.273333333333333039e-03 2.329092179584229816e-01
7.286666666666666986e-03 2.329092179584229816e-01
7.300000000000000933e-03 2.329092179584230093e-01
7.313333333333333144e-03 2.329092179584230093e-01
7.326666666666667091e-03 2.329092179584230093e-01
7.339999999999999303e-03 2.329092179584230093e-01
7.353333333333333249e-03 2.329092179584230093e-01
7.366666666666667196e-03 2.329092179584230093e-01
7.379999999999999408e-03 2.329092179584230093e-01
7.393333333333333354e-03 2.329092179584230093e-01
7.406666666666667301e-03 2.329092179584231481e-01
7.419999999999999513e-03 2.329092179584231481e-01
7.433333333333333459e-03 2.329092179584231481e-01
7.446666666666667406e-03 2.329092179584231481e-01
7.459999999999999618e-03 2.329092179584231481e-01
7.473333333333333564e-03 2.329092179584231481e-01
7.486666666666667511e-03 2.329092179584231481e-01
7.499999999999999722e-03 2.329092179584231481e-01
7.513333333333333669e-03 2.329092179584231481e-01
7.526666666666667616e-03 2.329092179584231481e-01
7.539999999999999827e-03 2.329092179584231481e-01
7.553333333333333774e-03 2.329092179584231481e-01
7.566666666666665986e-03 2.329092179584231481e-01
7.579999999999999932e-03 2.329092179584231481e-01
7.593333333333333879e-03 2.329092179584231481e-01
7.606666666666666091e-03 2.329092179584231481e-01
7.620000000000000037e-03 2.329092179584231481e-01
7.633333333333333984e-03 2.329092179584231481e-01
7.646666666666667930e-03 2.329092179584231481e-01
7.659999999999998407e-03 2.329092179584231481e-01
7.673333333333332354e-03 2.329092179584231481e-01
7.686666666666666300e-03 2.329092179584231481e-01
7.700000000000000247e-03 2.329092179584231481e-01
7.713333333333334194e-03 2.329092179584231481e-01
7.726666666666668140e-03 2.329092179584231481e-01
7.739999999999998617e-03 2.329092179584231481e-01
7.753333333333332564e-03 2.329092179584231481e-01
7.766666666666666510e-03 2.329092179584231481e-01
7.780000000000000457e-03 2.329092179584231481e-01
7.793333333333334403e-03 2.329092179584231481e-01
7.806666666666668350e-03 2.329092179584231481e-01
7.819999999999998827e-03 2.329092179584231481e-01
7.833333333333332774e-03 2.329092179584231481e-01
7.846666666666666720e-03 2.329092179584231481e-01
7.860000000000000667e-03 2.329092179584231481e-01
7.873333333333334613e-03 2.329092179584231481e-01
7.886666666666665090e-03 2.329092179584231481e-01
7.899999999999999037e-03 2.329092179584231481e-01
7.913333333333332983e-03 2.329092179584231481e-01
7.926666666666666930e-03 2.329092179584231481e-01
7.940000000000000877e-03 2.329092179584231481e-01
7.953333333333334823e-03 2.329092179584231481e-01
7.966666666666665300e-03 2.329092179584231481e-01
7.979999999999999247e-03 2.329092179584231481e-01
7.993333333333333193e-03 2.329092179584231481e-01
