-7.993333333333333193e-03 0.000000000000000000e+00
-7.979999999999999247e-03 0.000000000000000000e+00
-7.966666666666667035e-03 0.000000000000000000e+00
-7.953333333333333088e-03 0.000000000000000000e+00
-7.939999999999999142e-03 0.000000000000000000e+00
-7.926666666666666930e-03 0.000000000000000000e+00
-7.913333333333332983e-03 0.000000000000000000e+00
-7.899999999999999037e-03 0.000000000000000000e+00
-7.886666666666666825e-03 0.000000000000000000e+00
-7.873333333333332879e-03 0.000000000000000000e+00
-7.860000000000000667e-03 0.000000000000000000e+00
-7.846666666666666720e-03 0.000000000000000000e+00
-7.833333333333332774e-03 0.000000000000000000e+00
-7.820000000000000562e-03 0.000000000000000000e+00
-7.806666666666666615e-03 0.000000000000000000e+00
-7.793333333333333536e-03 0.000000000000000000e+00
-7.779999999999999589e-03 0.000000000000000000e+00
-7.766666666666666510e-03 0.000000000000000000e+00
-7.753333333333333431e-03 0.000000000000000000e+00
-7.739999999999999485e-03 0.000000000000000000e+00
-7.726666666666666405e-03 0.000000000000000000e+00
-7.713333333333333326e-03 0.000000000000000000e+00
-7.700000000000000247e-03 0.000000000000000000e+00
-7.686666666666666300e-03 0.000000000000000000e+00
-7.673333333333333221e-03 0.000000000000000000e+00
-7.660000000000000142e-03 0.000000000000000000e+00
-7.646666666666666196e-03 0.000000000000000000e+00
-7.633333333333333116e-03 0.000000000000000000e+00
-7.620000000000000037e-03 0.000000000000000000e+00
-7.606666666666666091e-03 0.000000000000000000e+00
-7.593333333333333011e-03 0.000000000000000000e+00
-7.579999999999999932e-03 0.000000000000000000e+00
-7.566666666666666853e-03 0.000000000000000000e+00
-7.553333333333332907e-03 0.000000000000000000e+00
-7.539999999999999827e-03 0.000000000000000000e+00
-7.526666666666666748e-03 0.000000000000000000e+00
-7.513333333333332802e-03 0.000000000000000000e+00
-7.499999999999999722e-03 0.000000000000000000e+00
-7.486666666666666643e-03 0.000000000000000000e+00
-7.473333333333333564e-03 0.000000000000000000e+00
-7.459999999999999618e-03 0.000000000000000000e+00
-7.446666666666666538e-03 0.000000000000000000e+00
-7.433333333333333459e-03 0.000000000000000000e+00
-7.419999999999999513e-03 0.000000000000000000e+00
-7.406666666666666433e-03 0.000000000000000000e+00
-7.393333333333333354e-03 0.000000000000000000e+00
-7.379999999999999408e-03 0.000000000000000000e+00
-7.366666666666666329e-03 0.000000000000000000e+00
-7.353333333333333249e-03 0.000000000000000000e+00
-7.340000000000000170e-03 0.000000000000000000e+00
-7.326666666666666224e-03 0.000000000000000000e+00
-7.313333333333333144e-03 0.000000000000000000e+00
-7.300000000000000065e-03 0.000000000000000000e+00
-7.286666666666666986e-03 0.000000000000000000e+00
-7.273333333333333039e-03 0.000000000000000000e+00
-7.259999999999999960e-03 0.000000000000000000e+00
-7.246666666666666881e-03 0.000000000000000000e+00
-7.233333333333332935e-03 0.000000000000000000e+00
-7.219999999999999855e-03 0.000000000000000000e+00
-7.206666666666666776e-03 0.000000000000000000e+00
-7.193333333333332830e-03 0.000000000000000000e+00
-7.179999999999999750e-03 0.000000000000000000e+00
-7.166666666666666671e-03 0.000000000000000000e+00
-7.153333333333332725e-03 0.000000000000000000e+00
-7.139999999999999646e-03 8.986703432277766487e-27
-7.126666666666666566e-03 8.986703432277766487e-27
-7.113333333333333487e-03 8.986703432277766487e-27
-7.099999999999999541e-03 8.986703432277766487e-27
-7.086666666666666461e-03 8.986703432277766487e-27
-7.073333333333333382e-03 8.986703432277766487e-27
-7.060000000000000303e-03 8.986703432277766487e-27
-7.046666666666666357e-03 8.986703432277766487e-27
-7.033333333333333277e-03 8.986703432277766487e-27
-7.020000000000000198e-03 8.986703432277766487e-27
-7.006666666666666252e-03 8.986703432277766487e-27
-6.993333333333333172e-03 8.986703432277766487e-27
-6.980000000000000093e-03 8.986703432277766487e-27
-6.966666666666666147e-03 8.986703432277766487e-27
-6.953333333333333068e-03 2.095214564267007355e-26
-6.939999999999999988e-03 2.095214564267007355e-26
-6.926666666666666042e-03 2.095214564267007355e-26
-6.913333333333332963e-03 2.095214564267007355e-26
-6.899999999999999883e-03 2.993884907494784004e-26
-6.886666666666666804e-03 2.993884907494784004e-26
-6.873333333333333725e-03 2.993884907494784004e-26
-6.859999999999999779e-03 2.993884907494784004e-26
-6.846666666666666699e-03 2.993884907494784004e-26
-6.833333333333333620e-03 4.190429128534014710e-26
-6.819999999999999674e-03 4.190429128534014710e-26
-6.806666666666666594e-03 4.190429128534014710e-26
-6.793333333333333515e-03 5.084050761968376884e-26
-6.779999999999999569e-03 5.084050761968376884e-26
-6.766666666666666489e-03 5.084050761968376884e-26
-6.753333333333333410e-03 5.084050761968376884e-26
-6.739999999999999464e-03 5.982721105196153532e-26
-6.726666666666666385e-03 5.982721105196153532e-26
-6.713333333333333305e-03 7.179265326235384239e-26
-6.699999999999999359e-03 7.179265326235384239e-26
-6.686666666666666280e-03 8.077935669463160887e-26
-6.673333333333333200e-03 8.976606012690937536e-26
-6.660000000000000121e-03 8.976606012690937536e-26
-6.646666666666667042e-03 1.017315023373016824e-25
-6.633333333333333096e-03 1.017315023373016824e-25
-6.620000000000000016e-03 1.106677186716453042e-25
-6.606666666666666937e-03 1.226331608820376112e-25
-6.593333333333332991e-03 1.316198643143153777e-25
-6.579999999999999911e-03 1.406065677465931442e-25
-6.566666666666666832e-03 1.525720099569854513e-25
-6.553333333333332886e-03 1.525720099569854513e-25
-6.539999999999999807e-03 1.615082262913290730e-25
-6.526666666666666727e-03 1.824603719339991465e-25
-6.513333333333332781e-03 1.914470753662769130e-25
-6.499999999999999702e-03 2.034125175766692201e-25
-6.486666666666666622e-03 2.213354373432906083e-25
-6.473333333333332676e-03 2.333008795536829154e-25
-6.459999999999999597e-03 2.542530251963529889e-25
-6.446666666666666518e-03 2.721759449629743772e-25
-6.433333333333333438e-03 2.931280906056444507e-25
-6.420000000000000359e-03 3.050935328160367578e-25
-6.406666666666666413e-03 3.230669396805922907e-25
-6.393333333333333333e-03 3.529553016576059860e-25
-6.380000000000000254e-03 3.739074473002760596e-25
-6.366666666666666308e-03 4.037958092772897549e-25
-6.353333333333333229e-03 4.247479549199598284e-25
-6.340000000000000149e-03 4.666017591073658308e-25
-6.326666666666666203e-03 4.965406081823136708e-25
-6.313333333333333124e-03 5.264289701593273661e-25
-6.300000000000000044e-03 5.563678192342752061e-25
-6.286666666666666098e-03 5.982216234216812085e-25
-6.273333333333333019e-03 6.370966888309726702e-25
-6.259999999999999939e-03 6.879371964506564391e-25
-6.246666666666665993e-03 7.298414877359965862e-25
-6.233333333333332914e-03 7.806819953556803550e-25
-6.219999999999999835e-03 8.405092064076418903e-25
-6.206666666666666755e-03 8.913497140273256592e-25
-6.193333333333333676e-03 9.601636285115649610e-25
-6.179999999999999730e-03 1.022969578341641037e-24
-6.166666666666666650e-03 1.091733005727946194e-24
-6.153333333333333571e-03 1.175491101200692343e-24
-6.139999999999999625e-03 1.244305015684931645e-24
-6.126666666666666546e-03 1.336999327492021416e-24
-6.113333333333333466e-03 1.426765387618930792e-24
-6.099999999999999520e-03 1.528446402858298329e-24
-6.086666666666666441e-03 1.639114121529943634e-24
-6.073333333333333361e-03 1.749781840201588938e-24
-6.059999999999999415e-03 1.863428297651348782e-24
-6.046666666666666336e-03 1.995048161965664160e-24
-6.033333333333333257e-03 2.135654729712257304e-24
-6.019999999999999310e-03 2.276210810360916304e-24
-6.006666666666667098e-03 2.440697775430359917e-24
-5.993333333333333152e-03 2.602256488819623135e-24
-5.980000000000000072e-03 2.784716860753622282e-24
-5.966666666666666993e-03 2.976113449021965050e-24
-5.953333333333333047e-03 3.188462182932977892e-24
-5.939999999999999968e-03 3.400861403941924878e-24
-5.926666666666666888e-03 3.634162283495607794e-24
-5.913333333333332942e-03 3.885386082815912097e-24
-5.899999999999999863e-03 4.148625811444542853e-24
-5.886666666666666783e-03 4.444732640828301844e-24
-5.873333333333332837e-03 4.746847434866224061e-24
-5.859999999999999758e-03 5.081829329659274514e-24
-5.846666666666666679e-03 5.425797927884602734e-24
-5.833333333333332732e-03 5.799705375184878793e-24
-5.819999999999999653e-03 6.194514481029890782e-24
-5.806666666666666574e-03 6.628198652284194232e-24
-5.793333333333332627e-03 7.085864195057216441e-24
-5.780000000000000415e-03 7.570388873931203660e-24
-5.766666666666666469e-03 8.096817844090531026e-24
-5.753333333333333389e-03 8.653135176226872087e-24
-5.740000000000000310e-03 9.251356799648553296e-24
-5.726666666666666364e-03 9.888453488479525966e-24
-5.713333333333333285e-03 1.057639068493018241e-23
-5.700000000000000205e-03 1.130623217266617899e-23
-5.686666666666666259e-03 1.208388494214581066e-23
-5.673333333333333180e-03 1.291540744512117478e-23
-5.660000000000000100e-03 1.380675715914850044e-23
-5.646666666666666154e-03 1.475793408422778764e-23
-5.633333333333333075e-03 1.576888773326110222e-23
-5.619999999999999996e-03 1.686359947776716296e-23
-5.606666666666666049e-03 1.801515969454707069e-23
-5.593333333333333837e-03 1.926244344901011687e-23
-5.579999999999999891e-03 2.059646403772402375e-23
-5.566666666666665944e-03 2.200525601847839901e-23
-5.553333333333333732e-03 2.352173697912630503e-23
-5.539999999999999786e-03 2.515186439722397090e-23
-5.526666666666666707e-03 2.688367283056100430e-23
-5.513333333333333627e-03 2.873513568600196078e-23
-5.499999999999999681e-03 3.071821840575723263e-23
-5.486666666666666602e-03 3.283292098982681986e-23
-5.473333333333333522e-03 3.509115839332318063e-23
-5.459999999999999576e-03 3.751090402311087048e-23
-5.446666666666666497e-03 4.010119506972010130e-23
-5.433333333333333418e-03 4.286490929773311937e-23
-5.419999999999999471e-03 4.582007060111241434e-23
-5.406666666666666392e-03 4.897864442206837854e-23
-5.393333333333333313e-03 5.234956697693535558e-23
-5.379999999999999366e-03 5.596277711478829330e-23
-5.366666666666667154e-03 5.981827483562719170e-23
-5.353333333333333208e-03 6.394892724020717902e-23
-5.339999999999999261e-03 6.835175558975014072e-23
-5.326666666666667049e-03 7.305669873333102463e-23
-5.313333333333333103e-03 7.809662377170495900e-23
-5.300000000000000024e-03 8.348354663418027027e-23
-5.286666666666666944e-03 8.924134771807980892e-23
-5.273333333333332998e-03 9.539395790782435955e-23
-5.259999999999999919e-03 1.019742947912669846e-22
-5.246666666666666839e-03 1.089973025493961908e-22
-5.233333333333332893e-03 1.165198296544858252e-22
-5.219999999999999814e-03 1.245448548453140024e-22
-5.206666666666666735e-03 1.331381628104889129e-22
-5.193333333333332788e-03 1.423177269568751124e-22
-5.179999999999999709e-03 1.521254515757579409e-22
-5.166666666666666630e-03 1.626120762005612139e-22
-5.153333333333332683e-03 1.738166273579880254e-22
-5.140000000000000471e-03 1.858018100236725830e-22
-5.126666666666666525e-03 1.986155364535543903e-22
-5.113333333333332578e-03 2.122996099647229190e-22
-5.100000000000000366e-03 2.269349108880686690e-22
-5.086666666666666420e-03 2.425811149733497995e-22
-5.073333333333333341e-03 2.593041583704683034e-22
-5.060000000000000261e-03 2.771757832455886006e-22
-5.046666666666666315e-03 2.962976201268521243e-22
-5.033333333333333236e-03 3.167116237926421489e-22
-5.020000000000000157e-03 3.385553715848292188e-22
-5.006666666666666210e-03 3.618826322627131983e-22
-4.993333333333333131e-03 3.868430495845708923e-22
-4.980000000000000052e-03 4.135024082390104914e-22
-4.966666666666666105e-03 4.420072217842368838e-22
-4.953333333333333026e-03 4.724921393104404335e-22
-4.939999999999999947e-03 5.050618205716386226e-22
-4.926666666666666000e-03 5.398717658294686170e-22
-4.913333333333333788e-03 5.770985284654061208e-22
-4.899999999999999842e-03 6.168736778566675152e-22
-4.886666666666665895e-03 6.594065839983856987e-22
-4.873333333333333683e-03 7.048707205590623925e-22
-4.859999999999999737e-03 7.534635425787180368e-22
-4.846666666666666658e-03 8.054093137463761027e-22
-4.833333333333333579e-03 8.609234120218236515e-22
-4.819999999999999632e-03 9.202780638371215919e-22
-4.806666666666666553e-03 9.837184850269360650e-22
-4.793333333333333474e-03 1.051543811646526878e-21
-4.779999999999999527e-03 1.124032227605511170e-21
-4.766666666666666448e-03 1.201521643050362170e-21
-4.753333333333333369e-03 1.284356127553501075e-21
-4.739999999999999422e-03 1.372891564668265672e-21
-4.726666666666666343e-03 1.467537758168587413e-21
-4.713333333333333264e-03 1.568710418818856048e-21
-4.699999999999999317e-03 1.676858275945510253e-21
-4.686666666666667105e-03 1.792456817036893805e-21
-4.673333333333333159e-03 1.916020606595151506e-21
-4.660000000000000080e-03 2.048114898168754042e-21
-4.646666666666667000e-03 2.189310953270826260e-21
-4.633333333333333054e-03 2.340230974896308561e-21
-4.619999999999999975e-03 2.501568857719207830e-21
-4.606666666666666896e-03 2.674030512342839278e-21
-4.593333333333332949e-03 2.858372689878137802e-21
-4.579999999999999870e-03 3.055426862340980832e-21
-4.566666666666666791e-03 3.266066406038531137e-21
-4.553333333333332844e-03 3.491218617498545155e-21
-4.539999999999999765e-03 3.731909394551044706e-21
-4.526666666666666686e-03 3.989185587171694283e-21
-4.513333333333332739e-03 4.264186840622161335e-21
-4.499999999999999660e-03 4.558157409431032859e-21
-4.486666666666666581e-03 4.872398396599169700e-21
-4.473333333333332634e-03 5.208291684484127334e-21
-4.460000000000000422e-03 5.567341788604343275e-21
-4.446666666666666476e-03 5.951157884232272519e-21
-4.433333333333333397e-03 6.361423918032410529e-21
-4.420000000000000318e-03 6.799976459166307690e-21
-4.406666666666666371e-03 7.268753656836557884e-21
-4.393333333333333292e-03 7.769858298672118240e-21
-4.380000000000000213e-03 8.305509646036879961e-21
-4.366666666666666266e-03 8.878082712991861082e-21
-4.353333333333333187e-03 9.490128814544065676e-21
-4.340000000000000108e-03 1.014436380315266519e-20
-4.326666666666666161e-03 1.084371901021081401e-20
-4.313333333333333082e-03 1.159126324347934117e-20
-4.300000000000000003e-03 1.239035540958380535e-20
-4.286666666666666056e-03 1.324453692600879711e-20
-4.273333333333333844e-03 1.415760952171585550e-20
-4.259999999999999898e-03 1.513362301926576793e-20
-4.246666666666665951e-03 1.617690850484191295e-20
-4.233333333333333739e-03 1.729214396147757460e-20
-4.219999999999999793e-03 1.848424673153734273e-20
-4.206666666666666714e-03 1.975852300901409593e-20
-4.193333333333333635e-03 2.112066168010305365e-20
-4.179999999999999688e-03 2.257670175902360861e-20
-4.166666666666666609e-03 2.413312488038274218e-20
-4.153333333333333530e-03 2.579683439751647964e-20
-4.139999999999999583e-03 2.757524519903711503e-20
-4.126666666666666504e-03 2.947626260522627467e-20
-4.113333333333333425e-03 3.150832745301337236e-20
-4.099999999999999478e-03 3.368048167871582582e-20
-4.086666666666666399e-03 3.600238341368133899e-20
-4.073333333333333320e-03 3.848436681149895405e-20
-4.060000000000000241e-03 4.113743593906020130e-20
-4.046666666666666294e-03 4.397340856381401569e-20
-4.033333333333333215e-03 4.700490686414071688e-20
-4.020000000000000136e-03 5.024538772161076974e-20
-4.006666666666666189e-03 5.370924707781621425e-20
-3.993333333333333110e-03 5.741191288111796222e-20
-3.980000000000000031e-03 6.136984483421030767e-20
-3.966666666666666952e-03 6.560063052155539339e-20
-3.953333333333333005e-03 7.012308062804991476e-20
-3.939999999999999926e-03 7.495729810634928956e-20
-3.926666666666666847e-03 8.012478869312503574e-20
-3.913333333333332900e-03 8.564851780802414328e-20
-3.899999999999999821e-03 9.155305398751430503e-20
-3.886666666666666742e-03 9.786464082899847292e-20
-3.873333333333332795e-03 1.046113374964084086e-19
-3.859999999999999716e-03 1.118231473108431219e-19
-3.846666666666666637e-03 1.195321374554780724e-19
-3.833333333333333558e-03 1.277725765024199423e-19
-3.819999999999999611e-03 1.365811020803588756e-19
-3.806666666666666532e-03 1.459968790001592077e-19
-3.793333333333333453e-03 1.560617703051472666e-19
-3.779999999999999506e-03 1.668205372000191919e-19
-3.766666666666666427e-03 1.783209887450863096e-19
-3.753333333333333348e-03 1.906142782155400056e-19
-3.740000000000000269e-03 2.037550611765553571e-19
-3.726666666666666322e-03 2.178017471109872370e-19
-3.713333333333333243e-03 2.328167984544513776e-19
-3.700000000000000164e-03 2.488669845959140768e-19
-3.686666666666666217e-03 2.660236544070468476e-19
-3.673333333333333138e-03 2.843630828866408329e-19
-3.660000000000000059e-03 3.039668243683439535e-19
-3.646666666666666112e-03 3.249220324069134184e-19
-3.633333333333333033e-03 3.473218606962604203e-19
-3.619999999999999954e-03 3.712659145250798623e-19
-3.606666666666666875e-03 3.968606638117985573e-19
-3.593333333333332928e-03 4.242198765363109925e-19
-3.579999999999999849e-03 4.534652082273348089e-19
-3.566666666666666770e-03 4.847267012798093695e-19
-3.553333333333332823e-03 5.181433263785340051e-19
-3.539999999999999744e-03 5.538636615496352292e-19
-3.526666666666666665e-03 5.920465322864814439e-19
-3.513333333333333586e-03 6.328616782318111615e-19
-3.499999999999999639e-03 6.764906001492879467e-19
-3.486666666666666560e-03 7.231272564435035167e-19
-3.473333333333333481e-03 7.729789994432089296e-19
-3.459999999999999534e-03 8.262674758891933381e-19
-3.446666666666666455e-03 8.832296197125777659e-19
-3.433333333333333376e-03 9.441186722276030639e-19
-3.420000000000000297e-03 1.009205366457973248e-18
-3.406666666666666350e-03 1.078779081675811060e-18
-3.393333333333333271e-03 1.153149150512623478e-18
-3.380000000000000192e-03 1.232646213932036077e-18
-3.366666666666666245e-03 1.317623737811727871e-18
-3.353333333333333166e-03 1.408459532049721054e-18
-3.340000000000000087e-03 1.505557467933504327e-18
-3.326666666666666140e-03 1.609349257355851196e-18
-3.313333333333333061e-03 1.720296340476924632e-18
-3.299999999999999982e-03 1.838892024206284266e-18
-3.286666666666666903e-03 1.965663584940028251e-18
-3.273333333333332956e-03 2.101174661396799847e-18
-3.259999999999999877e-03 2.246027752265009325e-18
-3.246666666666666798e-03 2.400866896007505211e-18
-3.233333333333332851e-03 2.566380485567771212e-18
-3.219999999999999772e-03 2.743304444866666942e-18
-3.206666666666666693e-03 2.932425375461293760e-18
-3.193333333333333614e-03 3.134584133606370509e-18
-3.179999999999999667e-03 3.350679539591805829e-18
-3.166666666666666588e-03 3.581672361427160655e-18
-3.153333333333333509e-03 3.828589613161705035e-18
-3.139999999999999562e-03 4.092529119321968158e-18
-3.126666666666666483e-03 4.374664369347178922e-18
-3.113333333333333404e-03 4.676249766833812341e-18
-3.099999999999999457e-03 4.998626180995904186e-18
-3.086666666666666378e-03 5.343226925852059327e-18
-3.073333333333333299e-03 5.711584146086033935e-18
-3.060000000000000220e-03 6.105335558891845213e-18
-3.046666666666666273e-03 6.526231827008579506e-18
-3.033333333333333194e-03 6.976144296423508783e-18
-3.020000000000000115e-03 7.457073311849555880e-18
-3.006666666666666168e-03 7.971157126738825020e-18
-2.993333333333333089e-03 8.520681397179419932e-18
-2.980000000000000010e-03 9.108089357317596992e-18
-2.966666666666666931e-03 9.735992665046630531e-18
-2.953333333333332984e-03 1.040718303125543809e-17
-2.939999999999999905e-03 1.112464462672997513e-17
-2.926666666666666826e-03 1.189156734440704300e-17
-2.913333333333332879e-03 1.271136096827540151e-17
-2.899999999999999800e-03 1.358767038877344760e-17
-2.886666666666666721e-03 1.452439172458176312e-17
-2.873333333333333642e-03 1.552568973067545673e-17
-2.859999999999999695e-03 1.659601623515210039e-17
-2.846666666666666616e-03 1.774013000600574066e-17
-2.833333333333333537e-03 1.896311784090037031e-17
-2.819999999999999590e-03 2.027041724562091069e-17
-2.806666666666666511e-03 2.166784054792287537e-17
-2.793333333333333432e-03 2.316160082396982395e-17
-2.779999999999999485e-03 2.475833940133142288e-17
-2.766666666666666406e-03 2.646515551510477208e-17
-2.753333333333333327e-03 2.828963774436226584e-17
-2.740000000000000248e-03 3.023989788556118398e-17
-2.726666666666666301e-03 3.232460690223518556e-17
-2.713333333333333222e-03 3.455303353979872832e-17
-2.700000000000000143e-03 3.693508550019881468e-17
-2.686666666666666196e-03 3.948135353335784664e-17
-2.673333333333333117e-03 4.220315847756787115e-17
-2.660000000000000038e-03 4.511260161405988206e-17
-2.646666666666666959e-03 4.822261845222191403e-17
-2.633333333333333012e-03 5.154703629549297792e-17
-2.619999999999999933e-03 5.510063561817460972e-17
-2.606666666666666854e-03 5.889921585077581095e-17
-2.593333333333332907e-03 6.295966562796306269e-17
-2.579999999999999828e-03 6.730003784343742088e-17
-2.566666666666666749e-03 7.193962986721834970e-17
-2.553333333333332802e-03 7.689906947276589574e-17
-2.539999999999999723e-03 8.220040636958437163e-17
-2.526666666666666644e-03 8.786721039674033141e-17
-2.513333333333333565e-03 9.392467619210816243e-17
-2.499999999999999618e-03 1.003997352405574758e-16
-2.486666666666666539e-03 1.073211756301571997e-16
-2.473333333333333460e-03 1.147197700095543485e-16
-2.459999999999999513e-03 1.226284123637322389e-16
-2.446666666666666434e-03 1.310822643213289003e-16
-2.433333333333333355e-03 1.401189114050360129e-16
-2.420000000000000276e-03 1.497785301540914631e-16
-2.406666666666666329e-03 1.601040667177434734e-16
-2.393333333333333250e-03 1.711414277894275397e-16
-2.380000000000000171e-03 1.829396846632974301e-16
-2.366666666666666224e-03 1.955512913812508319e-16
-2.353333333333333145e-03 2.090323179429826162e-16
-2.340000000000000066e-03 2.234426995064632214e-16
-2.326666666666666120e-03 2.388465028197140487e-16
-2.313333333333333040e-03 2.553122111045064364e-16
-2.299999999999999961e-03 2.729130283162010280e-16
-2.286666666666666882e-03 2.917272047179777098e-16
-2.273333333333332935e-03 3.118383845347395506e-16
-2.259999999999999856e-03 3.333359779218555407e-16
-2.246666666666666777e-03 3.563155582259704002e-16
-2.233333333333332830e-03 3.808792868982037703e-16
-2.219999999999999751e-03 4.071363675345678932e-16
-2.206666666666666672e-03 4.352035312265144343e-16
-2.193333333333333593e-03 4.652055554204750225e-16
-2.179999999999999646e-03 4.972758184311379157e-16
-2.166666666666666567e-03 5.315568922724630025e-16
-2.153333333333333488e-03 5.682011762250700513e-16
-2.139999999999999541e-03 6.073715740989985325e-16
-2.126666666666666462e-03 6.492422182263660326e-16
-2.113333333333333383e-03 6.939992432014886185e-16
-2.100000000000000304e-03 7.418416130081790145e-16
-2.086666666666666357e-03 7.929820051088101024e-16
-2.073333333333333278e-03 8.476477554136493606e-16
-2.060000000000000199e-03 9.060818683357870674e-16
-2.046666666666666252e-03 9.685440964417212129e-16
-2.033333333333333173e-03 1.035312094415164037e-15
-2.020000000000000094e-03 1.106682652511421113e-15
-2.006666666666666148e-03 1.182973014900625438e-15
-1.993333333333333068e-03 1.264522288850235889e-15
-1.979999999999999989e-03 1.351692950874065714e-15
-1.966666666666666910e-03 1.444872456590847371e-15
-1.953333333333332963e-03 1.544474961347754187e-15
-1.939999999999999884e-03 1.650943159283977960e-15
-1.926666666666666805e-03 1.764750249005749776e-15
-1.913333333333332859e-03 1.886402034445765728e-15
-1.899999999999999779e-03 2.016439170268385701e-15
-1.886666666666666700e-03 2.155439561763483817e-15
-1.873333333333333621e-03 2.304020929762881572e-15
-1.859999999999999674e-03 2.462843552050486696e-15
-1.846666666666666595e-03 2.632613193057046056e-15
-1.833333333333333516e-03 2.814084235152051551e-15
-1.819999999999999570e-03 3.008063025014267793e-15
-1.806666666666666490e-03 3.215411450065704674e-15
-1.793333333333333411e-03 3.437050760465898065e-15
-1.779999999999999465e-03 3.673965653736085494e-15
-1.766666666666666385e-03 3.927208639784028440e-15
-1.753333333333333306e-03 4.197904705626710327e-15
-1.740000000000000227e-03 4.487256300163067158e-15
-1.726666666666666280e-03 4.796548661046384997e-15
-1.713333333333333201e-03 5.127155506699382596e-15
-1.700000000000000122e-03 5.480545118743901882e-15
-1.686666666666666176e-03 5.858286841190232309e-15
-1.673333333333333096e-03 6.262058024776983693e-15
-1.660000000000000017e-03 6.693651446914113350e-15
-1.646666666666666938e-03 7.154983239358591758e-15
-1.633333333333332991e-03 7.648101358223383008e-15
-1.619999999999999912e-03 8.175194633083233047e-15
-1.606666666666666833e-03 8.738602434377619508e-15
-1.593333333333332887e-03 9.340825000923217408e-15
-1.579999999999999807e-03 9.984534472291430835e-15
-1.566666666666666728e-03 1.067258667347342078e-14
-1.553333333333332782e-03 1.140803370247815549e-14
-1.539999999999999702e-03 1.219413737514504022e-14
-1.526666666666666623e-03 1.303438358443758117e-14
-1.513333333333333544e-03 1.393249763566108390e-14
-1.499999999999999598e-03 1.489246062297053670e-14
-1.486666666666666518e-03 1.591852691644242990e-14
-1.473333333333333439e-03 1.701524283395350526e-14
-1.459999999999999493e-03 1.818746657640371045e-14
-1.446666666666666413e-03 1.944038951005099634e-14
-1.433333333333333334e-03 2.077955888490249104e-14
-1.420000000000000255e-03 2.221090208392249655e-14
-1.406666666666666309e-03 2.374075250337148601e-14
-1.393333333333333229e-03 2.537587717102364858e-14
-1.380000000000000150e-03 2.712350621567300833e-14
-1.366666666666666204e-03 2.899136430775202432e-14
-1.353333333333333124e-03 3.098770419887126533e-14
-1.340000000000000045e-03 3.312134249472285804e-14
-1.326666666666666966e-03 3.540169780464539022e-14
-1.313333333333333020e-03 3.783883141875055015e-14
-1.299999999999999940e-03 4.044349067247687835e-14
-1.286666666666666861e-03 4.322715516742266067e-14
-1.273333333333332915e-03 4.620208602650361666e-14
-1.259999999999999835e-03 4.938137837110375175e-14
-1.246666666666666756e-03 5.277901721812579309e-14
-1.233333333333332810e-03 5.640993700459903529e-14
-1.219999999999999730e-03 6.029008495835336172e-14
-1.206666666666666651e-03 6.443648854377303240e-14
-1.193333333333333572e-03 6.886732722208019396e-14
-1.179999999999999626e-03 7.360200877711258417e-14
-1.166666666666666546e-03 7.866125046750618971e-14
-1.153333333333333467e-03 8.406716527740664911e-14
-1.139999999999999521e-03 8.984335354790395492e-14
-1.126666666666666441e-03 9.601500028146824208e-14
-1.113333333333333362e-03 1.026089784206853578e-13
-1.100000000000000283e-03 1.096539584116387013e-13
-1.086666666666666337e-03 1.171805243689810608e-13
-1.073333333333333257e-03 1.252212971666912652e-13
-1.060000000000000178e-03 1.338110647821863823e-13
-1.046666666666666232e-03 1.429869202243770111e-13
-1.033333333333333152e-03 1.527884073759859643e-13
-1.020000000000000073e-03 1.632576750771258819e-13
-1.006666666666666127e-03 1.744396397711301469e-13
-9.933333333333330475e-04 1.863821570219219964e-13
-9.799999999999999684e-04 1.991362021973622320e-13
-9.666666666666668892e-04 2.127560605907139362e-13
-9.533333333333329426e-04 2.272995272245434293e-13
-9.399999999999998634e-04 2.428281165452980658e-13
-9.266666666666667843e-04 2.594072821718249865e-13
-9.133333333333328377e-04 2.772080921098525059e-13
-8.999999999999997585e-04 2.963507438974495583e-13
-8.866666666666666793e-04 3.167830976844263800e-13
-8.733333333333336002e-04 3.385898667933750431e-13
-8.599999999999996536e-04 3.618610228352299374e-13
-8.466666666666665744e-04 3.866920788916905354e-13
-8.333333333333334952e-04 4.131843816900125948e-13
-8.199999999999995487e-04 4.414454120537840015e-13
-8.066666666666664695e-04 4.715890927075949032e-13
-7.933333333333333903e-04 5.037361022782302969e-13
-7.800000000000003111e-04 5.380141940674460537e-13
-7.666666666666663646e-04 5.747319185021182574e-13
-7.533333333333332854e-04 6.138952079668182069e-13
-7.400000000000002062e-04 6.556323004386208191e-13
-7.266666666666662597e-04 7.001033211940181230e-13
-7.133333333333331805e-04 7.474771089896120988e-13
-7.000000000000001013e-04 7.979315153191786253e-13
-6.866666666666661548e-04 8.520565992210001970e-13
-6.733333333333330756e-04 9.099044420851121451e-13
-6.599999999999999964e-04 9.714656980202498742e-13
-6.466666666666669172e-04 1.036959361971848099e-12
-6.333333333333329707e-04 1.106922622558155959e-12
-6.199999999999998915e-04 1.182848044789830083e-12
-6.066666666666668123e-04 1.263542259317559897e-12
-5.933333333333328657e-04 1.349272355955871570e-12
-5.799999999999997866e-04 1.442938843600493211e-12
-5.666666666666667074e-04 1.543719775663228893e-12
-5.533333333333336282e-04 1.650653010267545309e-12
-5.399999999999996816e-04 1.769591694549519240e-12
-5.266666666666666025e-04 1.897338135403498425e-12
-5.133333333333335233e-04 2.036153292988073402e-12
-4.999999999999995767e-04 2.191468636285635623e-12
-4.866666666666664975e-04 2.358222511037819992e-12
-4.733333333333334184e-04 2.550369151447635624e-12
-4.599999999999994718e-04 2.758812731299465034e-12
-4.466666666666663926e-04 3.000462649625867820e-12
-4.333333333333333134e-04 3.272941737295013678e-12
-4.200000000000002343e-04 3.581449319055247884e-12
-4.066666666666662877e-04 3.953310119560732029e-12
-3.933333333333332085e-04 4.381380021737577522e-12
-3.800000000000001293e-04 4.880066463320586799e-12
-3.666666666666661828e-04 5.507334421581923960e-12
-3.533333333333331036e-04 6.269808308186048082e-12
-3.400000000000000244e-04 7.209542378448334374e-12
-3.266666666666669452e-04 8.387875623744826423e-12
-3.133333333333329987e-04 9.891983901726586707e-12
-2.999999999999999195e-04 1.184678104300841373e-11
-2.866666666666668403e-04 1.443262924864335073e-11
-2.733333333333328938e-04 1.791174364893812896e-11
-2.599999999999998146e-04 2.266755165730767989e-11
-2.466666666666667354e-04 2.926324348819503973e-11
-2.333333333333327889e-04 3.852852594211855739e-11
-2.199999999999997097e-04 5.168728347575432515e-11
-2.066666666666666305e-04 7.174345931558751357e-11
-1.933333333333335513e-04 1.014380718910997846e-10
-1.799999999999996048e-04 1.453349859147628634e-10
-1.666666666666673929e-04 2.150902265171139424e-10
-1.533333333333334464e-04 3.221274743905766738e-10
-1.399999999999994998e-04 4.898519818287291916e-10
-1.266666666666672880e-04 7.573163288347536854e-10
-1.133333333333333415e-04 1.177035120268871001e-09
-9.999999999999939493e-05 1.844076198404078396e-09
-8.666666666666718311e-05 2.901044215491873441e-09
-7.333333333333323656e-05 4.521786497679236923e-09
-5.999999999999929001e-05 7.112780688108884269e-09
-4.666666666666707819e-05 1.100400889658752759e-08
-3.333333333333313164e-05 1.688618417319184955e-08
-1.999999999999918510e-05 2.570806071766404044e-08
-6.666666666666973273e-06 3.831882368904957685e-08
6.666666666666973273e-06 5.631058103156215746e-08
2.000000000000091982e-05 8.144930047262240800e-08
3.333333333333313164e-05 1.150240482545914094e-07
4.666666666666707819e-05 1.596187788370532152e-07
5.999999999999929001e-05 2.171895258866694028e-07
7.333333333333323656e-05 2.881217996247757664e-07
8.666666666666718311e-05 3.741999783280022611e-07
9.999999999999939493e-05 4.710617435390291696e-07
1.133333333333333415e-04 5.734909997158063212e-07
1.266666666666672880e-04 6.731100216157285718e-07
1.399999999999994998e-04 7.635672850414049812e-07
1.533333333333334464e-04 8.410505301236744277e-07
1.666666666666673929e-04 9.066801945985834456e-07
1.799999999999996048e-04 9.636163422750345237e-07
1.933333333333335513e-04 1.015259971787440580e-06
2.066666666666674979e-04 1.065699663414927734e-06
2.199999999999997097e-04 1.118006894423421764e-06
2.333333333333336562e-04 1.176382310936911684e-06
2.466666666666676028e-04 1.243071639535744252e-06
2.599999999999998146e-04 1.321239829177927429e-06
2.733333333333337611e-04 1.414504882448143846e-06
2.866666666666659730e-04 1.527176602573517329e-06
2.999999999999999195e-04 1.664585818527962758e-06
3.133333333333338661e-04 1.833564340736005069e-06
3.266666666666660779e-04 2.042979446409546726e-06
3.400000000000000244e-04 2.303351683777233627e-06
3.533333333333339710e-04 2.623257445687146633e-06
3.666666666666661828e-04 3.003145450338747541e-06
3.800000000000001293e-04 3.437345623983700558e-06
3.933333333333340759e-04 3.921771038122921902e-06
4.066666666666662877e-04 4.385174526243925251e-06
4.200000000000002343e-04 4.814940410976192872e-06
4.333333333333341808e-04 5.153075290373880969e-06
4.466666666666663926e-04 5.397303257779421334e-06
4.600000000000003392e-04 5.565767086848982360e-06
4.733333333333342857e-04 5.603838428278047551e-06
4.866666666666664975e-04 5.609496095600141643e-06
5.000000000000004441e-04 5.503507226172657153e-06
5.133333333333326559e-04 5.386428343038543185e-06
5.266666666666666025e-04 5.211791223188203780e-06
5.400000000000005490e-04 5.020237990743852239e-06
5.533333333333327608e-04 4.826384407813223569e-06
5.666666666666667074e-04 4.600132543354154010e-06
5.800000000000006539e-04 4.386897865982921244e-06
5.933333333333328657e-04 4.174977962742398271e-06
6.066666666666668123e-04 3.954000385081330181e-06
6.200000000000007588e-04 3.746003278384571631e-06
6.333333333333329707e-04 3.550298192941455866e-06
6.466666666666669172e-04 3.351200070828160028e-06
6.600000000000008638e-04 3.160997022686113938e-06
6.733333333333330756e-04 2.982214254707733132e-06
6.866666666666670221e-04 2.814215773979458531e-06
7.000000000000009687e-04 2.652710314073724863e-06
7.133333333333331805e-04 2.494639771468863831e-06
7.266666666666671270e-04 2.346220616694069715e-06
7.399999999999993389e-04 2.206895651990701589e-06
7.533333333333332854e-04 2.076135915949559363e-06
7.666666666666672320e-04 1.953439745957184370e-06
7.799999999999994438e-04 1.837616567035096440e-06
7.933333333333333903e-04 1.724022461892942962e-06
8.066666666666673369e-04 1.617490546183376263e-06
8.199999999999995487e-04 1.517597458475436603e-06
8.333333333333334952e-04 1.423943282090423227e-06
8.466666666666674418e-04 1.336150488721520644e-06
8.599999999999996536e-04 1.253862897865722259e-06
8.733333333333336002e-04 1.176744656790530439e-06
8.866666666666675467e-04 1.104479244870727064e-06
8.999999999999997585e-04 1.036768505350764988e-06
9.133333333333337051e-04 9.733317069073002835e-07
9.266666666666659169e-04 9.123108246713507099e-07
9.399999999999998634e-04 8.540034705428667892e-07
9.533333333333338100e-04 7.993908937077132031e-07
9.666666666666660218e-04 7.482428999921924406e-07
9.799999999999999684e-04 7.003431489184513979e-07
9.933333333333339149e-04 6.554883808699649895e-07
1.006666666666666127e-03 6.134876796155453222e-07
1.020000000000000073e-03 5.741617696178903773e-07
1.033333333333334020e-03 5.373423473943833145e-07
1.046666666666666232e-03 5.028714460711142990e-07
1.060000000000000178e-03 4.706008321721990908e-07
1.073333333333334125e-03 4.403914336101467352e-07
1.086666666666666337e-03 4.121127977882873847e-07
1.100000000000000283e-03 3.856425786872621902e-07
1.113333333333334230e-03 3.608660517851528990e-07
1.126666666666666441e-03 3.376756556494135481e-07
1.140000000000000388e-03 3.159705590386584837e-07
1.153333333333332600e-03 2.956562523607704946e-07
1.166666666666666546e-03 2.766441623491367412e-07
1.180000000000000493e-03 2.588512888409806110e-07
1.193333333333332705e-03 2.421998625669515644e-07
1.206666666666666651e-03 2.266170228920137822e-07
1.220000000000000598e-03 2.120345144799308429e-07
1.233333333333332810e-03 1.983884018885490908e-07
1.246666666666666756e-03 1.856188011395895032e-07
1.260000000000000703e-03 1.736696273441944218e-07
1.273333333333332915e-03 1.624883575028367848e-07
1.286666666666666861e-03 1.520258076366114101e-07
1.300000000000000808e-03 1.422359234447071097e-07
1.313333333333333020e-03 1.330755837200137553e-07
1.326666666666666966e-03 1.245044157917298858e-07
1.340000000000000913e-03 1.164846222997220450e-07
1.353333333333333124e-03 1.089808186402930000e-07
1.366666666666667071e-03 1.019598804571381719e-07
1.379999999999999283e-03 9.539080058362277310e-08
1.393333333333333229e-03 8.924455487461730263e-08
1.406666666666667176e-03 8.349397639624154821e-08
1.419999999999999388e-03 7.811363747089375338e-08
1.433333333333333334e-03 7.307973910319653473e-08
1.446666666666667281e-03 6.837000733886526648e-08
1.459999999999999493e-03 6.396359613378972072e-08
1.473333333333333439e-03 5.984099633541875890e-08
1.486666666666667386e-03 5.598395040070946054e-08
1.499999999999999598e-03 5.237537249756522243e-08
1.513333333333333544e-03 4.899927365689864621e-08
1.526666666666667491e-03 4.584069166232993946e-08
1.539999999999999702e-03 4.288562538313407918e-08
1.553333333333333649e-03 4.012097327357195546e-08
1.566666666666667596e-03 3.753447577850510953e-08
1.579999999999999807e-03 3.511466140084265389e-08
1.593333333333333754e-03 3.285079620106059646e-08
1.606666666666665966e-03 3.073283651340768830e-08
1.619999999999999912e-03 2.875138467632022024e-08
1.633333333333333859e-03 2.689764758675216702e-08
1.646666666666666071e-03 2.516339790062682871e-08
1.660000000000000017e-03 2.354093771182577488e-08
1.673333333333333964e-03 2.202306455276623884e-08
1.686666666666666176e-03 2.060303956967870730e-08
1.700000000000000122e-03 1.927455773434508018e-08
1.713333333333334069e-03 1.803171996317835515e-08
1.726666666666666280e-03 1.686900702207672193e-08
1.740000000000000227e-03 1.578125510374666934e-08
1.753333333333334174e-03 1.476363297058252542e-08
1.766666666666666385e-03 1.381162056369525437e-08
1.780000000000000332e-03 1.292098898422394369e-08
1.793333333333334279e-03 1.208778175948317526e-08
1.806666666666666490e-03 1.130829731188997838e-08
1.820000000000000437e-03 1.057907255355976756e-08
1.833333333333332649e-03 9.896867534982558326e-09
1.846666666666666595e-03 9.258651079831597945e-09
1.860000000000000542e-03 8.661587343249248381e-09
1.873333333333332754e-03 8.103023233946205857e-09
1.886666666666666700e-03 7.580476645265628077e-09
1.900000000000000647e-03 7.091625442921136840e-09
1.913333333333332859e-03 6.634297161217904646e-09
1.926666666666666805e-03 6.206459362033320925e-09
1.940000000000000752e-03 5.806210614150840269e-09
1.953333333333332963e-03 5.431772053073559533e-09
1.966666666666666910e-03 5.081479484229447546e-09
1.980000000000000857e-03 4.753775994208818022e-09
1.993333333333333068e-03 4.447205037929475338e-09
2.006666666666667015e-03 4.160403970731779318e-09
2.020000000000000961e-03 3.892097997054487609e-09
2.033333333333333173e-03 3.641094508784957208e-09
2.046666666666667120e-03 3.406277788199426564e-09
2.059999999999999332e-03 3.186604052126585594e-09
2.073333333333333278e-03 2.981096815373708984e-09
2.086666666666667225e-03 2.788842552795058225e-09
2.099999999999999437e-03 2.608986640889535170e-09
2.113333333333333383e-03 2.440729560806813577e-09
2.126666666666667330e-03 2.283323346061708900e-09
2.139999999999999541e-03 2.136068259189817691e-09
2.153333333333333488e-03 1.998309682435121000e-09
2.166666666666667435e-03 1.869435208949609736e-09
2.179999999999999646e-03 1.748871921423281344e-09
2.193333333333333593e-03 1.636083846028384919e-09
2.206666666666667539e-03 1.530569570546284311e-09
2.219999999999999751e-03 1.431860016062537300e-09
2.233333333333333698e-03 1.339516352140863384e-09
2.246666666666665910e-03 1.253128046543528609e-09
2.259999999999999856e-03 1.172311040629103259e-09
2.273333333333333803e-03 1.096706042254887080e-09
2.286666666666666015e-03 1.025976928951270621e-09
2.299999999999999961e-03 9.598092538060321056e-10
2.313333333333333908e-03 8.979088478347695467e-10
2.326666666666666120e-03 8.400005124612742498e-10
2.340000000000000066e-03 7.858267961554641508e-10
2.353333333333334013e-03 7.351468500429367935e-10
2.366666666666666224e-03 6.877353573702785314e-10
2.380000000000000171e-03 6.433815318626604996e-10
2.393333333333334118e-03 6.018881806966023316e-10
2.406666666666666329e-03 5.630708279231257503e-10
2.420000000000000276e-03 5.267568944668603522e-10
2.433333333333334222e-03 4.927849308878419732e-10
2.446666666666666434e-03 4.610038995866424548e-10
2.460000000000000381e-03 4.312725035194711869e-10
2.473333333333332593e-03 4.034585579448156566e-10
2.486666666666666539e-03 3.774384027688335532e-10
2.500000000000000486e-03 3.530963529209974359e-10
2.513333333333332698e-03 3.303241839389799085e-10
2.526666666666666644e-03 3.090206508839612721e-10
2.540000000000000591e-03 2.890910382303243817e-10
2.553333333333332802e-03 2.704467387952981229e-10
2.566666666666666749e-03 2.530048597941338155e-10
2.580000000000000696e-03 2.366878543310988934e-10
2.593333333333332907e-03 2.214231766743961603e-10
2.606666666666666854e-03 2.071429596531027568e-10
2.620000000000000800e-03 1.937837129858763238e-10
2.633333333333333012e-03 1.812860409963244850e-10
2.646666666666666959e-03 1.695943785537061328e-10
2.660000000000000905e-03 1.586567440687347336e-10
2.673333333333333117e-03 1.484245083253087390e-10
2.686666666666667064e-03 1.388521783294526167e-10
2.699999999999999276e-03 1.298971949852160350e-10
2.713333333333333222e-03 1.215197439812687455e-10
2.726666666666667169e-03 1.136825787335350468e-10
2.739999999999999380e-03 1.063508547097616542e-10
2.753333333333333327e-03 9.949197464879385239e-11
2.766666666666667274e-03 9.307544353770159973e-11
2.779999999999999485e-03 8.707273307422118164e-11
2.793333333333333432e-03 8.145715483139199019e-11
2.806666666666667379e-03 7.620374155039821221e-11
2.819999999999999590e-03 7.128913620565116136e-11
2.833333333333333537e-03 6.669148810682543631e-11
2.846666666666667483e-03 6.239035580980975049e-11
2.859999999999999695e-03 5.836661612909488506e-11
2.873333333333333642e-03 5.460237925159882966e-11
2.886666666666667588e-03 5.108090908093077045e-11
2.899999999999999800e-03 4.778654890330979394e-11
2.913333333333333747e-03 4.470465175553901783e-11
2.926666666666665959e-03 4.182151524586092209e-11
2.939999999999999905e-03 3.912432075205154794e-11
2.953333333333333852e-03 3.660107632376001272e-11
2.966666666666666063e-03 3.424056341701777900e-11
2.980000000000000010e-03 3.203228699371554710e-11
2.993333333333333957e-03 2.996642889483208991e-11
3.006666666666666168e-03 2.803380412477725609e-11
3.020000000000000115e-03 2.622582006131011024e-11
3.033333333333334061e-03 2.453443829180037310e-11
3.046666666666666273e-03 2.295213877882618863e-11
3.060000000000000220e-03 2.147188648192005940e-11
3.073333333333334166e-03 2.008710009062350221e-11
3.086666666666666378e-03 1.879162269643038305e-11
3.100000000000000325e-03 1.757969451708247878e-11
3.113333333333334271e-03 1.644592721268933509e-11
3.126666666666666483e-03 1.538527995941802847e-11
3.140000000000000430e-03 1.439303700933058450e-11
3.153333333333332641e-03 1.346478679087600901e-11
3.166666666666666588e-03 1.259640221520872003e-11
3.180000000000000535e-03 1.178402235407891227e-11
3.193333333333332746e-03 1.102403532688648724e-11
3.206666666666666693e-03 1.031306211657729531e-11
3.220000000000000639e-03 9.647941704829146207e-12
3.233333333333332851e-03 9.025716935850650210e-12
3.246666666666666798e-03 8.443621285662265454e-12
3.260000000000000744e-03 7.899066729302297141e-12
3.273333333333332956e-03 7.389632135303870521e-12
3.286666666666666903e-03 6.913052518933883656e-12
3.300000000000000849e-03 6.467208953964465908e-12
3.313333333333333061e-03 6.050119171898977837e-12
3.326666666666667008e-03 5.659928779684619256e-12
3.340000000000000954e-03 5.294902931278528706e-12
3.353333333333333166e-03 4.953418690005575474e-12
3.366666666666667113e-03 4.633957793599879558e-12
3.379999999999999324e-03 4.335099897572314486e-12
3.393333333333333271e-03 4.055516236835132094e-12
3.406666666666667218e-03 3.793963784563133895e-12
3.419999999999999429e-03 3.549279639093967944e-12
3.433333333333333376e-03 3.320375896941097091e-12
3.446666666666667322e-03 3.106234855073026960e-12
3.459999999999999534e-03 2.905904404522925930e-12
3.473333333333333481e-03 2.718493876739333310e-12
3.486666666666667427e-03 2.543170018973652359e-12
3.499999999999999639e-03 2.379153320069225559e-12
3.513333333333333586e-03 2.225714546491360371e-12
3.526666666666667532e-03 2.082171514183189224e-12
3.539999999999999744e-03 1.947886008368861923e-12
3.553333333333333691e-03 1.822260953643589331e-12
3.566666666666667637e-03 1.704737871059269606e-12
3.579999999999999849e-03 1.594794170576989231e-12
3.593333333333333796e-03 1.491941102052030355e-12
3.606666666666666007e-03 1.395721301310376448e-12
3.619999999999999954e-03 1.305707050377025137e-12
3.633333333333333900e-03 1.221498057153551521e-12
3.646666666666666112e-03 1.142719963708497930e-12
3.660000000000000059e-03 1.069022517514803728e-12
3.673333333333334005e-03 1.000078017446580432e-12
3.686666666666666217e-03 9.355799867026238709e-13
3.700000000000000164e-03 8.752415998926262911e-13
3.713333333333334110e-03 8.187946373943441749e-13
3.726666666666666322e-03 7.659880937587263524e-13
3.740000000000000269e-03 7.165872232827345697e-13
3.753333333333334215e-03 6.703723464191758649e-13
3.766666666666666427e-03 6.271380110376667096e-13
3.780000000000000374e-03 5.866919968391722740e-13
3.793333333333332585e-03 5.488544599311797834e-13
3.806666666666666532e-03 5.134571886414719933e-13
3.820000000000000479e-03 4.803427836896521281e-13
3.833333333333332690e-03 4.493640163404280892e-13
3.846666666666666637e-03 4.203831843321243294e-13
3.860000000000000583e-03 3.932714144106661035e-13
3.873333333333332795e-03 3.679081472948665442e-13
3.886666666666666742e-03 3.441806426646608536e-13
3.900000000000000688e-03 3.219834051699356780e-13
3.913333333333332900e-03 3.012177194531855104e-13
3.926666666666666847e-03 2.817912752754339610e-13
3.940000000000000793e-03 2.636177114379780292e-13
3.953333333333333005e-03 2.466162142110457133e-13
3.966666666666666952e-03 2.307111813932273618e-13
3.980000000000000898e-03 2.158319219672579508e-13
3.993333333333333110e-03 2.019122712144651241e-13
4.006666666666667057e-03 1.888903393155350590e-13
4.019999999999999268e-03 1.767082432654893386e-13
4.033333333333333215e-03 1.653117909560635943e-13
4.046666666666667161e-03 1.546503454646167424e-13
4.059999999999999373e-03 1.446764568543684978e-13
4.073333333333333320e-03 1.353458477133814272e-13
4.086666666666667266e-03 1.266169837735689326e-13
4.099999999999999478e-03 1.184510783602391363e-13
4.113333333333333425e-03 1.108118020593516610e-13
4.126666666666667371e-03 1.036652282106040284e-13
4.139999999999999583e-03 9.697953145082843773e-14
4.153333333333333530e-03 9.072503109704545436e-14
4.166666666666667476e-03 8.487390081372060126e-14
4.179999999999999688e-03 7.940012745448272610e-14
4.193333333333333635e-03 7.427936645194534255e-14
4.206666666666667581e-03 6.948887507454732687e-14
4.219999999999999793e-03 6.500734111911034590e-14
4.233333333333333739e-03 6.081481283052162139e-14
4.246666666666665951e-03 5.689267776640004289e-14
4.259999999999999898e-03 5.322350372589968214e-14
4.273333333333333844e-03 4.979095754553253046e-14
4.286666666666666056e-03 4.657977840190470549e-14
4.300000000000000003e-03 4.357571106855710993e-14
4.313333333333333949e-03 4.076539134020845423e-14
4.326666666666666161e-03 3.813631154878958953e-14
4.340000000000000108e-03 3.567677384323192468e-14
4.353333333333334054e-03 3.337586682936166629e-14
4.366666666666666266e-03 3.122336656754667709e-14
4.380000000000000213e-03 2.920966093044923307e-14
4.393333333333334159e-03 2.732585305492302131e-14
4.406666666666666371e-03 2.556352217902536285e-14
4.420000000000000318e-03 2.391486936458187428e-14
4.433333333333334264e-03 2.237251726770829578e-14
4.446666666666666476e-03 2.092964584990124838e-14
4.460000000000000422e-03 1.957982885729774070e-14
4.473333333333332634e-03 1.831707386657080208e-14
4.486666666666666581e-03 1.713574330552419378e-14
4.500000000000000527e-03 1.603060451046196856e-14
4.513333333333332739e-03 1.499675964587109297e-14
4.526666666666666686e-03 1.402956894978818286e-14
4.540000000000000632e-03 1.312476197239843805e-14
4.553333333333332844e-03 1.227830297733092246e-14
4.566666666666666791e-03 1.148643321232614904e-14
4.580000000000000737e-03 1.074562752618248740e-14
4.593333333333332949e-03 1.005262996510783514e-14
4.606666666666666896e-03 9.404291364365108343e-15
4.620000000000000842e-03 8.797788488312230514e-15
4.633333333333333054e-03 8.230383755028340176e-15
4.646666666666667000e-03 7.699584307510328541e-15
4.660000000000000947e-03 7.203021875985940154e-15
4.673333333333333159e-03 6.738466126545653754e-15
4.686666666666667105e-03 6.303894741460040232e-15
4.699999999999999317e-03 5.897334347983222594e-15
4.713333333333333264e-03 5.517000678987579256e-15
4.726666666666667210e-03 5.161188446750772689e-15
4.739999999999999422e-03 4.828332524185172600e-15
4.753333333333333369e-03 4.516942314064466943e-15
4.766666666666667315e-03 4.225611760497567040e-15
4.779999999999999527e-03 3.953101665491850809e-15
4.793333333333333474e-03 3.698160594808809321e-15
4.806666666666667420e-03 3.459635004177035118e-15
4.819999999999999632e-03 3.236522633819731459e-15
4.833333333333333579e-03 3.027786739994417661e-15
4.846666666666667525e-03 2.832528514821347627e-15
4.859999999999999737e-03 2.649843588490824509e-15
4.873333333333333683e-03 2.478949953652030170e-15
4.886666666666667630e-03 2.319064490568154426e-15
4.899999999999999842e-03 2.169500857083500468e-15
4.913333333333333788e-03 2.029591621604196392e-15
4.926666666666666000e-03 1.898692712642156284e-15
4.939999999999999947e-03 1.776236813342589461e-15
4.953333333333333893e-03 1.661693315588368143e-15
4.966666666666666105e-03 1.554516037858507687e-15
4.980000000000000052e-03 1.454271149616991516e-15
4.993333333333333998e-03 1.360471425800293410e-15
5.006666666666666210e-03 1.272724194154019387e-15
5.020000000000000157e-03 1.190654580599611492e-15
5.033333333333334103e-03 1.113874362426634453e-15
5.046666666666666315e-03 1.042010890328510063e-15
5.060000000000000261e-03 9.748283384754040362e-16
5.073333333333334208e-03 9.119562823327173225e-16
5.086666666666666420e-03 8.531366483508199210e-16
5.100000000000000366e-03 7.981180372960200926e-16
5.113333333333332578e-03 7.466434880046776127e-16
5.126666666666666525e-03 6.984994223667533229e-16
5.140000000000000471e-03 6.534311039905865506e-16
5.153333333333332683e-03 6.112994846274539171e-16
5.166666666666666630e-03 5.718720756054901709e-16
5.180000000000000576e-03 5.349909181141459389e-16
5.193333333333332788e-03 5.004780303950554858e-16
5.206666666666666735e-03 4.682177243052809260e-16
5.220000000000000681e-03 4.380164446825997096e-16
5.233333333333332893e-03 4.097707396299616841e-16
5.246666666666666839e-03 3.833504599865620238e-16
5.260000000000000786e-03 3.586310185215446352e-16
5.273333333333332998e-03 3.354989518639514311e-16
5.286666666666666944e-03 3.138552576606914120e-16
5.300000000000000891e-03 2.936231812784694435e-16
5.313333333333333103e-03 2.746825850303886836e-16
5.326666666666667049e-03 2.569578266691436753e-16
5.339999999999999261e-03 2.403877249652961478e-16
5.353333333333333208e-03 2.248743899517450748e-16
5.366666666666667154e-03 2.103811128908273804e-16
5.379999999999999366e-03 1.968066666574727599e-16
5.393333333333333313e-03 1.841132301280283612e-16
5.406666666666667259e-03 1.722451840030049169e-16
5.419999999999999471e-03 1.611391222809846781e-16
5.433333333333333418e-03 1.507394256624783526e-16
5.446666666666667364e-03 1.410249588136799993e-16
5.459999999999999576e-03 1.319356528911411975e-16
5.473333333333333522e-03 1.234147762093829035e-16
5.486666666666667469e-03 1.154623287684050681e-16
5.499999999999999681e-03 1.080193541107490956e-16
5.513333333333333627e-03 1.010469187267724568e-16
5.526666666666667574e-03 9.452499966865899919e-17
5.539999999999999786e-03 8.843357398859261936e-17
5.553333333333333732e-03 8.271479761510443611e-17
5.566666666666665944e-03 7.740537928585737741e-17
5.579999999999999891e-03 7.241076619171967106e-17
5.593333333333333837e-03 6.773095833269131705e-17
5.606666666666666049e-03 6.336261855080295045e-17
5.619999999999999996e-03 5.928906105620778358e-17
5.633333333333333942e-03 5.545021700545740175e-17
5.646666666666666154e-03 5.188501990819429104e-17
5.660000000000000100e-03 4.853562569294961340e-17
5.673333333333334047e-03 4.540203435972335032e-17
5.686666666666666259e-03 4.248313352252572583e-17
5.700000000000000205e-03 3.974110205770402364e-17
5.713333333333334152e-03 3.717371519327867329e-17
5.726666666666666364e-03 3.478431008721903356e-17
5.740000000000000310e-03 3.253395322988259986e-17
5.753333333333334257e-03 3.043821802512637771e-17
5.766666666666666469e-03 2.845928334929765701e-17
5.780000000000000415e-03 2.663719509802870907e-17
5.793333333333332627e-03 2.491410919985068967e-17
5.806666666666666574e-03 2.330893621658995386e-17
5.820000000000000520e-03 2.179942842845078165e-17
5.833333333333332732e-03 2.040783355522889920e-17
5.846666666666666679e-03 1.907630752545544068e-17
5.860000000000000625e-03 1.786269441059926268e-17
5.873333333333332837e-03 1.670692536721194124e-17
5.886666666666666783e-03 1.563013572909940188e-17
5.900000000000000730e-03 1.462898833829228892e-17
5.913333333333332942e-03 1.367122400108681839e-17
5.926666666666666888e-03 1.279021429717656101e-17
5.940000000000000835e-03 1.196593627874537190e-17
5.953333333333333047e-03 1.118392892792603843e-17
5.966666666666666993e-03 1.047756382441213137e-17
5.980000000000000940e-03 9.811244616530509494e-18
5.993333333333333152e-03 9.166060742454814680e-18
6.006666666666667098e-03 8.578720939847974891e-18
6.019999999999999310e-03 8.011404085057278470e-18
6.033333333333333257e-03 7.500818915745650305e-18
6.046666666666667203e-03 7.030279642066307337e-18
6.059999999999999415e-03 6.560852754376750367e-18
6.073333333333333361e-03 6.148157552166261653e-18
6.086666666666667308e-03 5.739911893914917708e-18
6.099999999999999520e-03 5.386173149163071559e-18
6.113333333333333466e-03 5.031322018421439412e-18
6.126666666666667413e-03 4.717629169301877689e-18
6.139999999999999625e-03 4.388362916325315826e-18
6.153333333333333571e-03 4.131401752684823129e-18
6.166666666666667518e-03 3.857754799197546603e-18
6.179999999999999730e-03 3.603018407536625135e-18
6.193333333333333676e-03 3.367192577702061421e-18
6.206666666666667623e-03 3.153614467663210379e-18
6.219999999999999835e-03 2.938923971634574107e-18
6.233333333333333781e-03 2.760942213268865419e-18
6.246666666666665993e-03 2.585185226882727959e-18
6.259999999999999939e-03 2.427226416333161483e-18
6.273333333333333886e-03 2.251469429947024024e-18
6.286666666666666098e-03 2.113533567213599376e-18
6.300000000000000044e-03 1.976710090469960728e-18
6.313333333333333991e-03 1.858797175552678678e-18
6.326666666666666203e-03 1.724198470788611451e-18
6.340000000000000149e-03 1.624083731707900194e-18
6.353333333333334096e-03 1.508395588770189373e-18
6.366666666666666308e-03 1.429416183495406328e-18
6.380000000000000254e-03 1.330413830404480684e-18
6.393333333333334201e-03 1.234748635282912076e-18
6.406666666666666413e-03 1.155769230008128839e-18
6.420000000000000359e-03 1.077902210723131023e-18
6.433333333333332571e-03 1.016720981284918769e-18
6.446666666666666518e-03 9.410787339794925671e-19
6.460000000000000464e-03 8.810098905310657354e-19
6.473333333333332676e-03 8.231658190622103250e-19
6.486666666666666622e-03 7.820075374401401884e-19
6.500000000000000569e-03 7.230510799814990674e-19
6.513333333333332781e-03 6.663193945024294638e-19
6.526666666666666727e-03 6.262734988701449415e-19
6.540000000000000674e-03 5.862276032378603229e-19
6.553333333333332886e-03 5.472940935953616075e-19
6.566666666666666832e-03 5.283835317690050088e-19
6.580000000000000779e-03 4.883376361367204864e-19
6.593333333333332991e-03 4.683146883205782734e-19
6.606666666666666937e-03 4.104706168517228148e-19
6.620000000000000884e-03 3.904476690355805537e-19
6.633333333333333096e-03 3.726494931990097619e-19
6.646666666666667042e-03 3.526265453828675007e-19
6.659999999999999254e-03 3.326035975667252396e-19
6.673333333333333200e-03 3.125806497505829784e-19
6.686666666666667147e-03 2.925577019344407172e-19
6.699999999999999359e-03 2.736471401080841667e-19
6.713333333333333305e-03 2.536241922919419055e-19
6.726666666666667252e-03 2.336012444757996925e-19
6.739999999999999464e-03 2.169154546290144187e-19
6.753333333333333410e-03 2.158030686392288044e-19
6.766666666666667357e-03 1.957801208230865432e-19
6.779999999999999569e-03 1.768695589967299445e-19
6.793333333333333515e-03 1.757571730069442821e-19
6.806666666666667462e-03 1.568466111805877315e-19
6.819999999999999674e-03 1.557342251908020691e-19
6.833333333333333620e-03 1.368236633644454703e-19
6.846666666666667567e-03 1.179131015380889198e-19
6.859999999999999779e-03 1.179131015380889198e-19
6.873333333333333725e-03 9.789015372194665863e-20
6.886666666666665937e-03 9.789015372194665863e-20
6.899999999999999883e-03 9.789015372194665863e-20
6.913333333333333830e-03 7.786720590580442154e-20
6.926666666666666042e-03 7.786720590580442154e-20
6.939999999999999988e-03 7.786720590580442154e-20
6.953333333333333935e-03 7.786720590580442154e-20
6.966666666666666147e-03 6.006903006923352139e-20
6.980000000000000093e-03 6.006903006923352139e-20
6.993333333333334040e-03 6.006903006923352139e-20
7.006666666666666252e-03 6.006903006923352139e-20
7.020000000000000198e-03 5.895664407944784691e-20
7.033333333333334145e-03 5.895664407944784691e-20
7.046666666666666357e-03 4.004608225309128431e-20
7.060000000000000303e-03 4.004608225309128431e-20
7.073333333333334250e-03 4.004608225309128431e-20
7.086666666666666461e-03 4.004608225309128431e-20
7.100000000000000408e-03 4.004608225309128431e-20
7.113333333333332620e-03 3.893369626330560380e-20
7.126666666666666566e-03 3.893369626330560380e-20
7.140000000000000513e-03 3.893369626330560380e-20
7.153333333333332725e-03 2.002313443694903518e-20
7.166666666666666671e-03 2.002313443694903518e-20
7.180000000000000618e-03 2.002313443694903518e-20
7.193333333333332830e-03 2.002313443694903518e-20
7.206666666666666776e-03 2.002313443694903518e-20
7.220000000000000723e-03 2.002313443694903518e-20
7.233333333333332935e-03 2.002313443694903518e-20
7.246666666666666881e-03 2.002313443694903518e-20
7.260000000000000828e-03 2.002313443694903518e-20
7.273333333333333039e-03 2.002313443694903518e-20
7.286666666666666986e-03 2.002313443694903518e-20
7.300000000000000933e-03 1.891074844716335468e-20
7.313333333333333144e-03 1.891074844716335468e-20
7.326666666666667091e-03 1.891074844716335468e-20
7.339999999999999303e-03 1.891074844716335468e-20
7.353333333333333249e-03 1.891074844716335468e-20
7.366666666666667196e-03 1.891074844716335468e-20
7.379999999999999408e-03 1.891074844716335468e-20
7.393333333333333354e-03 1.891074844716335468e-20
7.406666666666667301e-03 1.866208067860610824e-25
7.419999999999999513e-03 1.866208067860610824e-25
7.433333333333333459e-03 1.866208067860610824e-25
7.446666666666667406e-03 1.866208067860610824e-25
7.459999999999999618e-03 1.866208067860610824e-25
7.473333333333333564e-03 1.866208067860610824e-25
7.486666666666667511e-03 1.866208067860610824e-25
7.499999999999999722e-03 1.866208067860610824e-25
7.513333333333333669e-03 1.866208067860610824e-25
7.526666666666667616e-03 1.866208067860610824e-25
7.539999999999999827e-03 1.866208067860610824e-25
7.553333333333333774e-03 1.866208067860610824e-25
7.566666666666665986e-03 1.866208067860610824e-25
7.579999999999999932e-03 1.866208067860610824e-25
7.593333333333333879e-03 1.866208067860610824e-25
7.606666666666666091e-03 1.866208067860610824e-25
7.620000000000000037e-03 1.866208067860610824e-25
7.633333333333333984e-03 1.866208067860610824e-25
7.646666666666667930e-03 1.866208067860610824e-25
7.659999999999998407e-03 1.866208067860610824e-25
7.673333333333332354e-03 1.866208067860610824e-25
7.686666666666666300e-03 1.866208067860610824e-25
7.700000000000000247e-03 1.866208067860610824e-25
7.713333333333334194e-03 1.866208067860610824e-25
7.726666666666668140e-03 1.866208067860610824e-25
7.739999999999998617e-03 1.866208067860610824e-25
7.753333333333332564e-03 1.866208067860610824e-25
7.766666666666666510e-03 1.866208067860610824e-25
7.780000000000000457e-03 1.866208067860610824e-25
7.793333333333334403e-03 1.866208067860610824e-25
7.806666666666668350e-03 1.866208067860610824e-25
7.819999999999998827e-03 1.866208067860610824e-25
7.833333333333332774e-03 1.866208067860610824e-25
7.846666666666666720e-03 1.866208067860610824e-25
7.860000000000000667e-03 1.866208067860610824e-25
7.873333333333334613e-03 1.866208067860610824e-25
7.886666666666665090e-03 1.866208067860610824e-25
7.899999999999999037e-03 1.866208067860610824e-25
7.913333333333332983e-03 1.866208067860610824e-25
7.926666666666666930e-03 1.866208067860610824e-25
7.940000000000000877e-03 1.866208067860610824e-25
7.953333333333334823e-03 1.866208067860610824e-25
7.966666666666665300e-03 1.866208067860610824e-25
7.979999999999999247e-03 1.866208067860610824e-25
7.993333333333333193e-03 1.866208067860610824e-25
