-7.993333333333333193e-03 -4.029847134502417622e-19
-7.979999999999999247e-03 -4.029847134502417622e-19
-7.966666666666667035e-03 -4.029847134502417622e-19
-7.953333333333333088e-03 -4.029847134502417622e-19
-7.939999999999999142e-03 -4.029847134502417622e-19
-7.926666666666666930e-03 -4.029847134502417622e-19
-7.913333333333332983e-03 -4.029847134502417622e-19
-7.899999999999999037e-03 -4.029847134502417622e-19
-7.886666666666666825e-03 -4.029847134502417622e-19
-7.873333333333332879e-03 -4.029847134502417622e-19
-7.860000000000000667e-03 -4.029847134502417622e-19
-7.846666666666666720e-03 -4.029847134502417622e-19
-7.833333333333332774e-03 -4.029847134502417622e-19
-7.820000000000000562e-03 -4.029847134502417622e-19
-7.806666666666666615e-03 -4.029847134502417622e-19
-7.793333333333333536e-03 -4.029847134502417622e-19
-7.779999999999999589e-03 -4.029847134502417622e-19
-7.766666666666666510e-03 -4.029847134502417622e-19
-7.753333333333333431e-03 -4.029847134502417622e-19
-7.739999999999999485e-03 -4.029847134502417622e-19
-7.726666666666666405e-03 -4.029847134502417622e-19
-7.713333333333333326e-03 -4.029847134502417622e-19
-7.700000000000000247e-03 -4.029847134502417622e-19
-7.686666666666666300e-03 -4.029847134502417622e-19
-7.673333333333333221e-03 -4.029847134502417622e-19
-7.660000000000000142e-03 -4.029847134502417622e-19
-7.646666666666666196e-03 -4.029847134502417622e-19
-7.633333333333333116e-03 -4.029847134502417622e-19
-7.620000000000000037e-03 -4.029847134502417622e-19
-7.606666666666666091e-03 -4.029847134502417622e-19
-7.593333333333333011e-03 -4.029847134502417622e-19
-7.579999999999999932e-03 -4.029847134502417622e-19
-7.566666666666666853e-03 -4.029847134502417622e-19
-7.553333333333332907e-03 -4.029847134502417622e-19
-7.539999999999999827e-03 -4.029847134502417622e-19
-7.526666666666666748e-03 -4.029847134502417622e-19
-7.513333333333332802e-03 -4.029847134502417622e-19
-7.499999999999999722e-03 -4.029847134502417622e-19
-7.486666666666666643e-03 -4.029847134502417622e-19
-7.473333333333333564e-03 -4.029847134502417622e-19
-7.459999999999999618e-03 -4.029847134502417622e-19
-7.446666666666666538e-03 -4.029847134502417622e-19
-7.433333333333333459e-03 -4.029847134502417622e-19
-7.419999999999999513e-03 -4.029847134502417622e-19
-7.406666666666666433e-03 -4.029847134502417622e-19
-7.393333333333333354e-03 -4.029816115229446884e-19
-7.379999999999999408e-03 -4.029816115229446884e-19
-7.366666666666666329e-03 -4.029816115229446884e-19
-7.353333333333333249e-03 -4.029816115229446884e-19
-7.340000000000000170e-03 -4.029816115229446884e-19
-7.326666666666666224e-03 -4.029816115229446884e-19
-7.313333333333333144e-03 -4.029816115229446884e-19
-7.300000000000000065e-03 -4.029816115229446884e-19
-7.286666666666666986e-03 -4.029816115229446884e-19
-7.273333333333333039e-03 -4.029816115229446884e-19
-7.259999999999999960e-03 -4.029816115229446884e-19
-7.246666666666666881e-03 -4.029816115229446884e-19
-7.233333333333332935e-03 -4.029816115229446884e-19
-7.219999999999999855e-03 -4.029816115229446884e-19
-7.206666666666666776e-03 -4.029816115229446884e-19
-7.193333333333332830e-03 -4.029816115229446884e-19
-7.179999999999999750e-03 -4.029754593671388252e-19
-7.166666666666666671e-03 -4.029754593671388252e-19
-7.153333333333332725e-03 -4.029754593671388252e-19
-7.139999999999999646e-03 -4.029724091386300359e-19
-7.126666666666666566e-03 -4.029724091386300359e-19
-7.113333333333333487e-03 -4.029724091386300359e-19
-7.099999999999999541e-03 -4.029724091386300359e-19
-7.086666666666666461e-03 -4.029724091386300359e-19
-7.073333333333333382e-03 -4.029724091386300359e-19
-7.060000000000000303e-03 -4.029724091386300359e-19
-7.046666666666666357e-03 -4.029724091386300359e-19
-7.033333333333333277e-03 -4.029693072113329621e-19
-7.020000000000000198e-03 -4.029693072113329621e-19
-7.006666666666666252e-03 -4.029693072113329621e-19
-6.993333333333333172e-03 -4.029693072113329621e-19
-6.980000000000000093e-03 -4.029693072113329621e-19
-6.966666666666666147e-03 -4.029631550555270989e-19
-6.953333333333333068e-03 -4.029600531282300251e-19
-6.939999999999999988e-03 -4.029600531282300251e-19
-6.926666666666666042e-03 -4.029600531282300251e-19
-6.913333333333332963e-03 -4.029570028997212358e-19
-6.899999999999999883e-03 -4.029570028997212358e-19
-6.886666666666666804e-03 -4.029570028997212358e-19
-6.873333333333333725e-03 -4.029539009724241619e-19
-6.859999999999999779e-03 -4.029477488166182988e-19
-6.846666666666666699e-03 -4.029477488166182988e-19
-6.833333333333333620e-03 -4.029446985881095095e-19
-6.819999999999999674e-03 -4.029415966608124357e-19
-6.806666666666666594e-03 -4.029415966608124357e-19
-6.793333333333333515e-03 -4.029323942764977832e-19
-6.779999999999999569e-03 -4.029323942764977832e-19
-6.766666666666666489e-03 -4.029292923492007094e-19
-6.753333333333333410e-03 -4.029231401933948462e-19
-6.739999999999999464e-03 -4.029200382660977724e-19
-6.726666666666666385e-03 -4.029169880375889831e-19
-6.713333333333333305e-03 -4.029077339544860461e-19
-6.699999999999999359e-03 -4.029046837259772568e-19
-6.686666666666666280e-03 -4.029015817986801829e-19
-6.673333333333333200e-03 -4.028923277155772460e-19
-6.660000000000000121e-03 -4.028892774870684567e-19
-6.646666666666667042e-03 -4.028800234039655197e-19
-6.633333333333333096e-03 -4.028769731754567304e-19
-6.620000000000000016e-03 -4.028677190923537934e-19
-6.606666666666666937e-03 -4.028615669365479302e-19
-6.593333333333332991e-03 -4.028523128534449932e-19
-6.579999999999999911e-03 -4.028400085418332670e-19
-6.566666666666666832e-03 -4.028277042302215407e-19
-6.553333333333332886e-03 -4.028246023029244668e-19
-6.539999999999999807e-03 -4.028122979913127405e-19
-6.526666666666666727e-03 -4.027999936797010142e-19
-6.513333333333332781e-03 -4.027845874407922141e-19
-6.499999999999999702e-03 -4.027722831291804878e-19
-6.486666666666666622e-03 -4.027568768902716877e-19
-6.473333333333332676e-03 -4.027445725786599614e-19
-6.459999999999999597e-03 -4.027230141839452981e-19
-6.446666666666666518e-03 -4.027045577165277087e-19
-6.433333333333333438e-03 -4.026861012491101192e-19
-6.420000000000000359e-03 -4.026675930829042452e-19
-6.406666666666666413e-03 -4.026429844596807927e-19
-6.393333333333333333e-03 -4.026214260649661294e-19
-6.380000000000000254e-03 -4.025937155144456030e-19
-6.366666666666666308e-03 -4.025660049639250765e-19
-6.353333333333333229e-03 -4.025382944134045501e-19
-6.340000000000000149e-03 -4.025075336343752344e-19
-6.326666666666666203e-03 -4.024767211565576341e-19
-6.313333333333333124e-03 -4.024367062944253814e-19
-6.300000000000000044e-03 -4.024028435880989918e-19
-6.286666666666666098e-03 -4.023628287259667391e-19
-6.273333333333333019e-03 -4.023258640923432757e-19
-6.259999999999999939e-03 -4.022735449185992967e-19
-6.246666666666665993e-03 -4.022273779006611808e-19
-6.233333333333332914e-03 -4.021781089554259911e-19
-6.219999999999999835e-03 -4.021196376258761490e-19
-6.206666666666666755e-03 -4.020611145975380223e-19
-6.193333333333333676e-03 -4.019964911121823170e-19
-6.179999999999999730e-03 -4.019287656995295378e-19
-6.166666666666666650e-03 -4.018548364322826110e-19
-6.153333333333333571e-03 -4.017779086353151794e-19
-6.139999999999999625e-03 -4.016947769837536001e-19
-6.126666666666666546e-03 -4.016085434048949470e-19
-6.113333333333333466e-03 -4.015131074417216414e-19
-6.099999999999999520e-03 -4.014084690942336834e-19
-6.086666666666666441e-03 -4.013007288194486516e-19
-6.073333333333333361e-03 -4.011837344615606827e-19
-6.059999999999999415e-03 -4.010636381763756400e-19
-6.046666666666666336e-03 -4.009312892783671556e-19
-6.033333333333333257e-03 -4.007896345984674496e-19
-6.019999999999999310e-03 -4.006326253784472280e-19
-6.006666666666667098e-03 -4.004725659299182172e-19
-5.993333333333333152e-03 -4.003001504709891955e-19
-5.980000000000000072e-03 -4.001185326277455213e-19
-5.966666666666666993e-03 -3.999184066182959732e-19
-5.953333333333333047e-03 -3.997029260687259095e-19
-5.939999999999999968e-03 -3.994781914360529088e-19
-5.926666666666666888e-03 -3.992411007929798972e-19
-5.913333333333332942e-03 -3.989794532254717177e-19
-5.899999999999999863e-03 -3.987054496475635272e-19
-5.886666666666666783e-03 -3.984098876749406735e-19
-5.873333333333332837e-03 -3.980928190063914411e-19
-5.859999999999999758e-03 -3.977572421716363347e-19
-5.846666666666666679e-03 -3.973908528590636280e-19
-5.833333333333332732e-03 -3.970091090063704057e-19
-5.819999999999999653e-03 -3.965996546031566570e-19
-5.806666666666666574e-03 -3.961624896494223819e-19
-5.793333333333332627e-03 -3.956914619893617172e-19
-5.780000000000000415e-03 -3.951835213944658737e-19
-5.766666666666666469e-03 -3.946509204775582930e-19
-5.753333333333333389e-03 -3.940752027712213857e-19
-5.740000000000000310e-03 -3.934656740573463734e-19
-5.726666666666666364e-03 -3.928037744709390976e-19
-5.713333333333333285e-03 -3.921049102509083584e-19
-5.700000000000000205e-03 -3.913537268571336401e-19
-5.686666666666666259e-03 -3.905502242896149428e-19
-5.673333333333333180e-03 -3.896974527768610559e-19
-5.660000000000000100e-03 -3.887769041526661052e-19
-5.646666666666666154e-03 -3.877979358977095969e-19
-5.633333333333333075e-03 -3.867542924586090988e-19
-5.619999999999999996e-03 -3.856336695237528846e-19
-5.606666666666666049e-03 -3.844391690204380281e-19
-5.593333333333333837e-03 -3.831584866370528030e-19
-5.579999999999999891e-03 -3.817915706748089247e-19
-5.566666666666665944e-03 -3.803323206766888148e-19
-5.553333333333333732e-03 -3.787683806322924623e-19
-5.539999999999999786e-03 -3.770997505416198672e-19
-5.526666666666666707e-03 -3.753203299476534510e-19
-5.513333333333333627e-03 -3.734146609126961289e-19
-5.499999999999999681e-03 -3.713673888966273854e-19
-5.486666666666666602e-03 -3.691877679825501575e-19
-5.473333333333333522e-03 -3.668633904612761497e-19
-5.459999999999999576e-03 -3.643728013356672680e-19
-5.446666666666666497e-03 -3.617097967511293645e-19
-5.433333333333333418e-03 -3.588682762506448607e-19
-5.419999999999999471e-03 -3.558235278134137350e-19
-5.406666666666666392e-03 -3.525725012109271980e-19
-5.393333333333333313e-03 -3.490967399757676602e-19
-5.379999999999999366e-03 -3.453839397963233955e-19
-5.366666666666667154e-03 -3.414156442051768144e-19
-5.353333333333333208e-03 -3.371640909530191058e-19
-5.339999999999999261e-03 -3.326292800398502699e-19
-5.326666666666667049e-03 -3.277804506866409908e-19
-5.313333333333333103e-03 -3.225929942701678160e-19
-5.300000000000000024e-03 -3.170576567073278084e-19
-5.286666666666666944e-03 -3.111282709801828524e-19
-5.273333333333332998e-03 -3.047955830056300108e-19
-5.259999999999999919e-03 -2.980287803058516833e-19
-5.246666666666666839e-03 -2.907971538006068388e-19
-5.233333333333332893e-03 -2.830605852301866556e-19
-5.219999999999999814e-03 -2.747914674416471762e-19
-5.206666666666666735e-03 -2.659527841025766526e-19
-5.193333333333332788e-03 -2.565045203508428323e-19
-5.179999999999999709e-03 -2.464097632516105362e-19
-5.166666666666666630e-03 -2.356130917038387116e-19
-5.153333333333332683e-03 -2.240744908453951058e-19
-5.140000000000000471e-03 -2.117415898037474551e-19
-5.126666666666666525e-03 -1.985620694051517806e-19
-5.113333333333332578e-03 -1.844651023096582292e-19
-5.100000000000000366e-03 -1.694045731981169698e-19
-5.086666666666666420e-03 -1.532972987201781384e-19
-5.073333333333333341e-03 -1.360878577748006822e-19
-5.060000000000000261e-03 -1.176901201807025172e-19
-5.046666666666666315e-03 -9.802085088874549491e-20
-5.033333333333333236e-03 -7.699707334373288983e-20
-5.020000000000000157e-03 -5.452319648612654268e-20
-5.006666666666666210e-03 -3.049468536601506457e-20
-4.993333333333333131e-03 -4.825254705751517813e-21
-4.980000000000000052e-03 2.262669847577551902e-20
-4.966666666666666105e-03 5.196581252605400393e-20
-4.953333333333333026e-03 8.333379382377192746e-20
-4.939999999999999947e-03 1.168597859420641311e-19
-4.926666666666666000e-03 1.526948010415098269e-19
-4.913333333333333788e-03 1.910019487991468150e-19
-4.899999999999999842e-03 2.319473891205216849e-19
-4.886666666666665895e-03 2.757221490283459014e-19
-4.873333333333333683e-03 3.225138951240924327e-19
-4.859999999999999737e-03 3.725289572718049745e-19
-4.846666666666666658e-03 4.259951720314536015e-19
-4.833333333333333579e-03 4.831402725654318191e-19
-4.819999999999999632e-03 5.442291117661214498e-19
-4.806666666666666553e-03 6.095294376580482518e-19
-4.793333333333333474e-03 6.793338136841145741e-19
-4.779999999999999527e-03 7.539469525024696381e-19
-4.766666666666666448e-03 8.337013807193597612e-19
-4.753333333333333369e-03 9.189603340212722914e-19
-4.739999999999999422e-03 1.010093303648077009e-18
-4.726666666666666343e-03 1.107506590376902306e-18
-4.713333333333333264e-03 1.211640512787567813e-18
-4.699999999999999317e-03 1.322950692301225397e-18
-4.686666666666667105e-03 1.441935815429667964e-18
-4.673333333333333159e-03 1.569119280705488441e-18
-4.660000000000000080e-03 1.705076754136235452e-18
-4.646666666666667000e-03 1.850402461594451778e-18
-4.633333333333333054e-03 2.005748996884653474e-18
-4.619999999999999975e-03 2.171806021842556625e-18
-4.606666666666666896e-03 2.349309313623027151e-18
-4.593333333333332949e-03 2.539050122180760306e-18
-4.579999999999999870e-03 2.741871861547830472e-18
-4.566666666666666791e-03 2.958673625351294504e-18
-4.553333333333332844e-03 3.190425076064217691e-18
-4.539999999999999765e-03 3.438154502585580014e-18
-4.526666666666666686e-03 3.702957919227014234e-18
-4.513333333333332739e-03 3.986014368554138125e-18
-4.499999999999999660e-03 4.288589178410216394e-18
-4.486666666666666581e-03 4.612018503978463606e-18
-4.473333333333332634e-03 4.957752341173896932e-18
-4.460000000000000422e-03 5.327317665407289262e-18
-4.446666666666666476e-03 5.722358498146089739e-18
-4.433333333333333397e-03 6.144632701589550114e-18
-4.420000000000000318e-03 6.596021284450615974e-18
-4.406666666666666371e-03 7.078522301498909157e-18
-4.393333333333333292e-03 7.594290713326495152e-18
-4.380000000000000213e-03 8.145620188374406938e-18
-4.366666666666666266e-03 8.734951943425441637e-18
-4.353333333333333187e-03 9.364912121828090257e-18
-4.340000000000000108e-03 1.003829912729340798e-17
-4.326666666666666161e-03 1.075811769339649367e-17
-4.313333333333333082e-03 1.152755112132718109e-17
-4.300000000000000003e-03 1.235003205553120045e-17
-4.286666666666666056e-03 1.322920862100385203e-17
-4.273333333333333844e-03 1.416900294631834430e-17
-4.259999999999999898e-03 1.517358045454555286e-17
-4.246666666666665951e-03 1.624741433164301137e-17
-4.233333333333333739e-03 1.739527947769668217e-17
-4.219999999999999793e-03 1.862227411701445929e-17
-4.206666666666666714e-03 1.993386270812044458e-17
-4.193333333333333635e-03 2.133586084770876868e-17
-4.179999999999999688e-03 2.283452103893335508e-17
-4.166666666666666609e-03 2.443649629546096777e-17
-4.153333333333333530e-03 2.614890734989598122e-17
-4.139999999999999583e-03 2.797936762429512176e-17
-4.126666666666666504e-03 2.993602624355932041e-17
-4.113333333333333425e-03 3.202756788033734797e-17
-4.099999999999999478e-03 3.426329919539982684e-17
-4.086666666666666399e-03 3.665316103855326617e-17
-4.073333333333333320e-03 3.920778071611501756e-17
-4.060000000000000241e-03 4.193851836472636628e-17
-4.046666666666666294e-03 4.485749440340911044e-17
-4.033333333333333215e-03 4.797771288687440790e-17
-4.020000000000000136e-03 5.131303679350197627e-17
-4.006666666666666189e-03 5.487829271538636916e-17
-3.993333333333333110e-03 5.868933543012354359e-17
-3.980000000000000031e-03 6.276310042677975710e-17
-3.966666666666666952e-03 6.711771448959970846e-17
-3.953333333333333005e-03 7.177253907328990840e-17
-3.939999999999999926e-03 7.674825002255021441e-17
-3.926666666666666847e-03 8.206698868763198652e-17
-3.913333333333332900e-03 8.775239573534562540e-17
-3.899999999999999821e-03 9.382974959841559844e-17
-3.886666666666666742e-03 1.003260681669969955e-16
-3.873333333333332795e-03 1.072702349337189431e-16
-3.859999999999999716e-03 1.146931344445099104e-16
-3.846666666666666637e-03 1.226277540418130525e-16
-3.833333333333333558e-03 1.311093776316447018e-16
-3.819999999999999611e-03 1.401757304919003525e-16
-3.806666666666666532e-03 1.498671023671695662e-16
-3.793333333333333453e-03 1.602265845076802571e-16
-3.779999999999999506e-03 1.713002421364564086e-16
-3.766666666666666427e-03 1.831373175738572440e-16
-3.753333333333333348e-03 1.957904119071192578e-16
-3.740000000000000269e-03 2.093158114165054453e-16
-3.726666666666666322e-03 2.237736412241040834e-16
-3.713333333333333243e-03 2.392281703683783985e-16
-3.700000000000000164e-03 2.557481288211363270e-16
-3.686666666666666217e-03 2.734069628278458532e-16
-3.673333333333333138e-03 2.922831708463612819e-16
-3.660000000000000059e-03 3.124606941829675171e-16
-3.646666666666666112e-03 3.340292342161449754e-16
-3.633333333333333033e-03 3.570846895615233212e-16
-3.619999999999999954e-03 3.817295748320665707e-16
-3.606666666666666875e-03 4.080734483938473591e-16
-3.593333333333332928e-03 4.362334482756862981e-16
-3.579999999999999849e-03 4.663347721924011980e-16
-3.566666666666666770e-03 4.985112564678382784e-16
-3.553333333333332823e-03 5.329059548028070139e-16
-3.539999999999999744e-03 5.696717970727392443e-16
-3.526666666666666665e-03 6.089722418697949022e-16
-3.513333333333333586e-03 6.509820218442927119e-16
-3.499999999999999639e-03 6.958879191865344573e-16
-3.486666666666666560e-03 7.438895939447908779e-16
-3.473333333333333481e-03 7.952004552532818397e-16
-3.459999999999999534e-03 8.500486433506598008e-16
-3.446666666666666455e-03 9.086780209042751679e-16
-3.433333333333333376e-03 9.713492474660932142e-16
-3.420000000000000297e-03 1.038340974128293759e-15
-3.406666666666666350e-03 1.109951046864267281e-15
-3.393333333333333271e-03 1.186497864604084361e-15
-3.380000000000000192e-03 1.268321742841735481e-15
-3.366666666666666245e-03 1.355786486829258521e-15
-3.353333333333333166e-03 1.449280967872793554e-15
-3.340000000000000087e-03 1.549220878041156014e-15
-3.326666666666666140e-03 1.656050556011942544e-15
-3.313333333333333061e-03 1.770244972408398694e-15
-3.299999999999999982e-03 1.892311851362593761e-15
-3.286666666666666903e-03 2.022793908297471683e-15
-3.273333333333332956e-03 2.162271285353369547e-15
-3.259999999999999877e-03 2.311364100396773965e-15
-3.246666666666666798e-03 2.470735242373803613e-15
-3.233333333333332851e-03 2.641093286811675757e-15
-3.219999999999999772e-03 2.823195660560031087e-15
-3.206666666666666693e-03 3.017852000557810996e-15
-3.193333333333333614e-03 3.225927777453027225e-15
-3.179999999999999667e-03 3.448348103683808122e-15
-3.166666666666666588e-03 3.686101889699085199e-15
-3.153333333333333509e-03 3.940246203355517654e-15
-3.139999999999999562e-03 4.211910995290139155e-15
-3.126666666666666483e-03 4.502304108171051099e-15
-3.113333333333333404e-03 4.812716651665344188e-15
-3.099999999999999457e-03 5.144528756565933295e-15
-3.086666666666666378e-03 5.499215679487875679e-15
-3.073333333333333299e-03 5.878354388156625095e-15
-3.060000000000000220e-03 6.283630571246735303e-15
-3.046666666666666273e-03 6.716846119661813934e-15
-3.033333333333333194e-03 7.179927149049090912e-15
-3.020000000000000115e-03 7.674932552485060739e-15
-3.006666666666666168e-03 8.204063165171380484e-15
-2.993333333333333089e-03 8.769671539331565901e-15
-2.980000000000000010e-03 9.374272435963085895e-15
-2.966666666666666931e-03 1.002055393857757885e-14
-2.953333333333332984e-03 1.071138947828730881e-14
-2.939999999999999905e-03 1.144985056995675579e-14
-2.926666666666666826e-03 1.223922046285407197e-14
-2.913333333333332879e-03 1.308300875786308368e-14
-2.899999999999999800e-03 1.398496700661037935e-14
-2.886666666666666721e-03 1.494910538861553067e-14
-2.873333333333333642e-03 1.597971053300078762e-14
-2.859999999999999695e-03 1.708136459074276333e-14
-2.846666666666666616e-03 1.825896559939382603e-14
-2.833333333333333537e-03 1.951774925535470087e-14
-2.819999999999999590e-03 2.086331220014608658e-14
-2.806666666666666511e-03 2.230163691110046787e-14
-2.793333333333333432e-03 2.383911827588346213e-14
-2.779999999999999485e-03 2.548259203882149487e-14
-2.766666666666666406e-03 2.723936520521768379e-14
-2.753333333333333327e-03 2.911724849619676258e-14
-2.740000000000000248e-03 3.112459109969998768e-14
-2.726666666666666301e-03 3.327031778034065797e-14
-2.713333333333333222e-03 3.556396857481943426e-14
-2.700000000000000143e-03 3.801574118451714230e-14
-2.686666666666666196e-03 4.063653632918737358e-14
-2.673333333333333117e-03 4.343800619859557661e-14
-2.660000000000000038e-03 4.643260626504467561e-14
-2.646666666666666959e-03 4.963365066776997196e-14
-2.633333333333333012e-03 5.305537138990545529e-14
-2.619999999999999933e-03 5.671298155770469731e-14
-2.606666666666666854e-03 6.062274302528110162e-14
-2.593333333333332907e-03 6.480203872794098743e-14
-2.579999999999999828e-03 6.926944995238163173e-14
-2.566666666666666749e-03 7.404483891692355506e-14
-2.553333333333332802e-03 7.914943710948855729e-14
-2.539999999999999723e-03 8.460593965587951525e-14
-2.526666666666666644e-03 9.043860623674569241e-14
-2.513333333333333565e-03 9.667336891564206641e-14
-2.499999999999999618e-03 1.033379474637748494e-13
-2.486666666666666539e-03 1.104619725567147052e-13
-2.473333333333333460e-03 1.180771175172815618e-13
-2.459999999999999513e-03 1.262172391370468385e-13
-2.446666666666666434e-03 1.349185281803983346e-13
-2.433333333333333355e-03 1.442196702695667079e-13
-2.420000000000000276e-03 1.541620178739829910e-13
-2.406666666666666329e-03 1.647897741463617439e-13
-2.393333333333333250e-03 1.761501894272103841e-13
-2.380000000000000171e-03 1.882937712889409757e-13
-2.366666666666666224e-03 2.012745090556427388e-13
-2.353333333333333145e-03 2.151501138424172105e-13
-2.340000000000000066e-03 2.299822750615012583e-13
-2.326666666666666120e-03 2.458369346619016561e-13
-2.313333333333333040e-03 2.627845802713474269e-13
-2.299999999999999961e-03 2.809005584967888105e-13
-2.286666666666666882e-03 3.002654098956324126e-13
-2.273333333333332935e-03 3.209652269192812297e-13
-2.259999999999999856e-03 3.430920366548773533e-13
-2.246666666666666777e-03 3.667442098060925846e-13
-2.233333333333332830e-03 3.920268980155049788e-13
-2.219999999999999751e-03 4.190525011512311882e-13
-2.206666666666666672e-03 4.479411669495556454e-13
-2.193333333333333593e-03 4.788213249809539755e-13
-2.179999999999999646e-03 5.118302574272046309e-13
-2.166666666666666567e-03 5.471147092614557997e-13
-2.153333333333333488e-03 5.848315403589047452e-13
-2.139999999999999541e-03 6.251484226076534320e-13
-2.126666666666666462e-03 6.682445850182184604e-13
-2.113333333333333383e-03 7.143116102019910161e-13
-2.100000000000000304e-03 7.635542856408998240e-13
-2.086666666666666357e-03 8.161915136987883154e-13
-2.073333333333333278e-03 8.724572842093153273e-13
-2.060000000000000199e-03 9.326017141219404944e-13
-2.046666666666666252e-03 9.968921587407535509e-13
-2.033333333333333173e-03 1.065614399460759884e-12
-2.020000000000000094e-03 1.139073913330423246e-12
-2.006666666666666148e-03 1.217597229997309884e-12
-1.993333333333333068e-03 1.301533382114336836e-12
-1.979999999999999989e-03 1.391255455578965352e-12
-1.966666666666666910e-03 1.487162246501544191e-12
-1.953333333333332963e-03 1.589680032193107436e-12
-1.939999999999999884e-03 1.699264464103014153e-12
-1.926666666666666805e-03 1.816402590953679081e-12
-1.913333333333332859e-03 1.941615021102776830e-12
-1.899999999999999779e-03 2.075458233731058083e-12
-1.886666666666666700e-03 2.218527048935904190e-12
-1.873333333333333621e-03 2.371457267726952382e-12
-1.859999999999999674e-03 2.534928493628810894e-12
-1.846666666666666595e-03 2.709667148220766486e-12
-1.833333333333333516e-03 2.896449694002178073e-12
-1.819999999999999570e-03 3.096106078732997823e-12
-1.806666666666666490e-03 3.309523416546936081e-12
-1.793333333333333411e-03 3.537649921815297625e-12
-1.779999999999999465e-03 3.781499113327858639e-12
-1.766666666666666385e-03 4.042154307065789067e-12
-1.753333333333333306e-03 4.320773417453955130e-12
-1.740000000000000227e-03 4.618594088067317410e-12
-1.726666666666666280e-03 4.936939174351948512e-12
-1.713333333333333201e-03 5.277222602326781001e-12
-1.700000000000000122e-03 5.640955628976099812e-12
-1.686666666666666176e-03 6.029753531664480948e-12
-1.673333333333333096e-03 6.445342755778253257e-12
-1.660000000000000017e-03 6.889568551794322433e-12
-1.646666666666666938e-03 7.364403135013818395e-12
-1.633333333333332991e-03 7.871954403515011835e-12
-1.619999999999999912e-03 8.414475252047831001e-12
-1.606666666666666833e-03 8.994373522427574710e-12
-1.593333333333332887e-03 9.614222633374005041e-12
-1.579999999999999807e-03 1.027677293570486067e-11
-1.566666666666666728e-03 1.098496384197742553e-11
-1.553333333333332782e-03 1.174193678255477029e-11
-1.539999999999999702e-03 1.255104904384150562e-11
-1.526666666666666623e-03 1.341588854792598403e-11
-1.513333333333333544e-03 1.434028963667195209e-11
-1.499999999999999598e-03 1.532834992745742775e-11
-1.486666666666666518e-03 1.638444831218554491e-11
-1.473333333333333439e-03 1.751326417560320291e-11
-1.459999999999999493e-03 1.871979791404478107e-11
-1.446666666666666413e-03 2.000939284063959254e-11
-1.433333333333333334e-03 2.138775856871890673e-11
-1.420000000000000255e-03 2.286099597073775452e-11
-1.406666666666666309e-03 2.443562381606649283e-11
-1.393333333333333229e-03 2.611860719768095383e-11
-1.380000000000000150e-03 2.791738786409273590e-11
-1.366666666666666204e-03 2.983991658031915745e-11
-1.353333333333333124e-03 3.189468764901061680e-11
-1.340000000000000045e-03 3.409077573044563675e-11
-1.326666666666666966e-03 3.643787510866762197e-11
-1.313333333333333020e-03 3.894634155922716895e-11
-1.299999999999999940e-03 4.162723698297669138e-11
-1.286666666666666861e-03 4.449237697973835486e-11
-1.273333333333332915e-03 4.755438154508193068e-11
-1.259999999999999835e-03 5.082672908352951179e-11
-1.246666666666666756e-03 5.432381394156691869e-11
-1.233333333333332810e-03 5.806100767453554321e-11
-1.219999999999999730e-03 6.205472427213998668e-11
-1.206666666666666651e-03 6.632248957819903399e-11
-1.193333333333333572e-03 7.088301515139005989e-11
-1.179999999999999626e-03 7.575627682493166448e-11
-1.166666666666666546e-03 8.096359823407424508e-11
-1.153333333333333467e-03 8.652773959126888688e-11
-1.139999999999999521e-03 9.247299199960428465e-11
-1.126666666666666441e-03 9.882527760523320719e-11
-1.113333333333333362e-03 1.056122558990292884e-10
-1.100000000000000283e-03 1.128634364867130253e-10
-1.086666666666666337e-03 1.206102986541031652e-10
-1.073333333333333257e-03 1.288864180604999065e-10
-1.060000000000000178e-03 1.377276008979546605e-10
-1.046666666666666232e-03 1.471720258563498638e-10
-1.033333333333333152e-03 1.572603942343284701e-10
-1.020000000000000073e-03 1.680360885328747517e-10
-1.006666666666666127e-03 1.795453398615494959e-10
-9.933333333333330475e-04 1.918374044761134839e-10
-9.799999999999999684e-04 2.049647497502649685e-10
-9.666666666666668892e-04 2.189832498618112633e-10
-9.533333333333329426e-04 2.339523914446726981e-10
-9.399999999999998634e-04 2.499354894210340452e-10
-9.266666666666667843e-04 2.669999131817284305e-10
-9.133333333333328377e-04 2.845352925810511376e-10
-8.999999999999997585e-04 3.023074484630841294e-10
-8.866666666666666793e-04 3.212769716288639999e-10
-8.733333333333336002e-04 3.415225104490901987e-10
-8.599999999999996536e-04 3.631275951217930444e-10
-8.466666666666665744e-04 3.861809005806039467e-10
-8.333333333333334952e-04 4.107765177516342344e-10
-8.199999999999995487e-04 4.370142324938274318e-10
-8.066666666666664695e-04 4.649998113667141596e-10
-7.933333333333333903e-04 4.948452931510575967e-10
-7.800000000000003111e-04 5.266692847994596988e-10
-7.666666666666663646e-04 5.562938276000508960e-10
-7.533333333333332854e-04 5.872500376313464846e-10
-7.400000000000002062e-04 6.202406831647612291e-10
-7.266666666666662597e-04 6.553923335400631401e-10
-7.133333333333331805e-04 6.928384455756786827e-10
-7.000000000000001013e-04 7.327196001132730849e-10
-6.866666666666661548e-04 7.697657014915624589e-10
-6.733333333333330756e-04 8.060770142433949663e-10
-6.599999999999999964e-04 8.447192506169634376e-10
-6.466666666666669172e-04 8.858298745791414562e-10
-6.333333333333329707e-04 9.276355768070870451e-10
-6.199999999999998915e-04 9.624857406195468008e-10
-6.066666666666668123e-04 9.995248049059235901e-10
-5.933333333333328657e-04 1.038875365280639599e-09
-5.799999999999997866e-04 1.071866414885778347e-09
-5.666666666666667074e-04 1.102353864098201673e-09
-5.533333333333336282e-04 1.134702459138882047e-09
-5.399999999999996816e-04 1.158338776966896505e-09
-5.266666666666666025e-04 1.180168320050293441e-09
-5.133333333333335233e-04 1.199379224636601369e-09
-4.999999999999995767e-04 1.210334170656570747e-09
-4.866666666666664975e-04 1.220369143414006505e-09
-4.733333333333334184e-04 1.220738429792731184e-09
-4.599999999999994718e-04 1.219200601556790798e-09
-4.466666666666663926e-04 1.209870903260898959e-09
-4.333333333333333134e-04 1.196836772769650147e-09
-4.200000000000002343e-04 1.179224914628816620e-09
-4.066666666666662877e-04 1.156999602708965337e-09
-3.933333333333332085e-04 1.132459674174281569e-09
-3.800000000000001293e-04 1.105796550285503232e-09
-3.666666666666661828e-04 1.079203105353132330e-09
-3.533333333333331036e-04 1.054375722125530946e-09
-3.400000000000000244e-04 1.033133309780059902e-09
-3.266666666666669452e-04 1.017945975100858695e-09
-3.133333333333329987e-04 1.011867447060457724e-09
-2.999999999999999195e-04 1.018559807185022513e-09
-2.866666666666668403e-04 1.042396928187261618e-09
-2.733333333333328938e-04 1.088655126714607001e-09
-2.599999999999998146e-04 1.163803231051576689e-09
-2.466666666666667354e-04 1.275910014030930570e-09
-2.333333333333327889e-04 1.435194712227636242e-09
-2.199999999999997097e-04 1.654756072187155961e-09
-2.066666666666666305e-04 1.965381786803794381e-09
-1.933333333333335513e-04 2.385291494684095466e-09
-1.799999999999996048e-04 2.945692633822584335e-09
-1.666666666666673929e-04 3.725001014242249136e-09
-1.533333333333334464e-04 4.778711190575537443e-09
-1.399999999999994998e-04 6.221605248004914106e-09
-1.266666666666672880e-04 8.227367081924944942e-09
-1.133333333333333415e-04 1.099324783103647086e-08
-9.999999999999939493e-05 1.487076484039724201e-08
-8.666666666666718311e-05 2.033262660636967212e-08
-7.333333333333323656e-05 2.791670556262300350e-08
-5.999999999999929001e-05 3.890208387795256467e-08
-4.666666666666707819e-05 5.422804689654675023e-08
-3.333333333333313164e-05 7.600996626122727648e-08
-1.999999999999918510e-05 1.072273301394622713e-07
-6.666666666666973273e-06 1.507481822578727944e-07
6.666666666666973273e-06 2.122693524575855279e-07
2.000000000000091982e-05 2.989464669482907121e-07
3.333333333333313164e-05 4.170890258265278626e-07
4.666666666666707819e-05 5.789679681809845138e-07
5.999999999999929001e-05 7.960899848867542117e-07
7.333333333333323656e-05 1.074455825581430940e-06
8.666666666666718311e-05 1.431323029737263364e-06
9.999999999999939493e-05 1.861857704299286605e-06
1.133333333333333415e-04 2.365075887909830179e-06
1.266666666666672880e-04 2.928706889722978529e-06
1.399999999999994998e-04 3.530433616165372254e-06
1.533333333333334464e-04 4.147273705676793611e-06
1.666666666666673929e-04 4.754286519511692037e-06
1.799999999999996048e-04 5.331309179569270136e-06
1.933333333333335513e-04 5.860780048251323473e-06
2.066666666666674979e-04 6.338764529766029236e-06
2.199999999999997097e-04 6.761658512538458263e-06
2.333333333333336562e-04 7.124759114673919401e-06
2.466666666666676028e-04 7.437187426330220500e-06
2.599999999999998146e-04 7.702487986281974502e-06
2.733333333333337611e-04 7.924299269982395887e-06
2.866666666666659730e-04 8.105922269340044731e-06
2.999999999999999195e-04 8.250122118851047865e-06
3.133333333333338661e-04 8.359122415691592909e-06
3.266666666666660779e-04 8.434736456611032632e-06
3.400000000000000244e-04 8.478579199888245391e-06
3.533333333333339710e-04 8.492323504982280939e-06
3.666666666666661828e-04 8.478007389895596301e-06
3.800000000000001293e-04 8.437863848892960208e-06
3.933333333333340759e-04 8.360167358461722300e-06
4.066666666666662877e-04 8.258362770290903133e-06
4.200000000000002343e-04 8.137927758057969817e-06
4.333333333333341808e-04 7.981791690994347749e-06
4.466666666666663926e-04 7.804622575099919433e-06
4.600000000000003392e-04 7.612768430844675890e-06
4.733333333333342857e-04 7.386341069434038864e-06
4.866666666666664975e-04 7.160890146802432382e-06
5.000000000000004441e-04 6.899215756385262697e-06
5.133333333333326559e-04 6.644561179432160211e-06
5.266666666666666025e-04 6.367747006289413879e-06
5.400000000000005490e-04 6.091321272081502041e-06
5.533333333333327608e-04 5.820644057078241975e-06
5.666666666666667074e-04 5.532685671999941657e-06
5.800000000000006539e-04 5.261294700326335292e-06
5.933333333333328657e-04 4.995115281776658583e-06
6.066666666666668123e-04 4.724065324891222028e-06
6.200000000000007588e-04 4.468937146733144673e-06
6.333333333333329707e-04 4.228886298438579607e-06
6.466666666666669172e-04 3.986951432054497368e-06
6.600000000000008638e-04 3.756246020037222648e-06
6.733333333333330756e-04 3.539392754272324609e-06
6.866666666666670221e-04 3.335620211753726793e-06
7.000000000000009687e-04 3.140319640756238972e-06
7.133333333333331805e-04 2.950183130316427941e-06
7.266666666666671270e-04 2.771655874660398865e-06
7.399999999999993389e-04 2.604067643676271764e-06
7.533333333333332854e-04 2.446782171587757258e-06
7.666666666666672320e-04 2.299196029209557899e-06
7.799999999999994438e-04 2.160097709174948224e-06
7.933333333333333903e-04 2.025194676403104104e-06
8.066666666666673369e-04 1.898678617332692696e-06
8.199999999999995487e-04 1.780046752872112407e-06
8.333333333333334952e-04 1.668824146643766787e-06
8.466666666666674418e-04 1.564562450439061191e-06
8.599999999999996536e-04 1.466838668451917869e-06
8.733333333333336002e-04 1.375253945899160519e-06
8.866666666666675467e-04 1.289432386582424565e-06
8.999999999999997585e-04 1.209019903020569005e-06
9.133333333333337051e-04 1.133683101972220867e-06
9.266666666666659169e-04 1.062041007737103687e-06
9.399999999999998634e-04 9.941641400487800841e-07
9.533333333333338100e-04 9.305884435116046578e-07
9.666666666666660218e-04 8.710459440474479388e-07
9.799999999999999684e-04 8.152847949688689537e-07
9.933333333333339149e-04 7.630683773055183306e-07
1.006666666666666127e-03 7.141744412922227783e-07
1.020000000000000073e-03 6.683942883504210858e-07
1.033333333333334020e-03 6.255319927106876320e-07
1.046666666666666232e-03 5.854036616761378893e-07
1.060000000000000178e-03 5.478367334116323052e-07
1.073333333333334125e-03 5.126693110548981504e-07
1.086666666666666337e-03 4.797495318816373506e-07
1.100000000000000283e-03 4.489349702117333154e-07
1.113333333333334230e-03 4.200920727171039136e-07
1.126666666666666441e-03 3.930956247788815242e-07
1.140000000000000388e-03 3.678282465410652929e-07
1.153333333333332600e-03 3.441799173180197035e-07
1.166666666666666546e-03 3.220475270306141309e-07
1.180000000000000493e-03 3.013344533718891991e-07
1.193333333333332705e-03 2.819501634325179085e-07
1.206666666666666651e-03 2.638098385518280147e-07
1.220000000000000598e-03 2.468340211983308277e-07
1.233333333333332810e-03 2.309482827238291216e-07
1.246666666666666756e-03 2.160829108779414519e-07
1.260000000000000703e-03 2.021726160134672712e-07
1.273333333333332915e-03 1.891562549565548084e-07
1.286666666666666861e-03 1.769765715604028372e-07
1.300000000000000808e-03 1.655799530049884609e-07
1.313333333333333020e-03 1.549162009488926758e-07
1.326666666666666966e-03 1.449383166820036177e-07
1.340000000000000913e-03 1.356022994697449361e-07
1.353333333333333124e-03 1.268669573201488575e-07
1.366666666666667071e-03 1.186937294447073589e-07
1.379999999999999283e-03 1.110465197217962844e-07
1.393333333333333229e-03 1.038915405085293461e-07
1.406666666666667176e-03 9.719716618229847068e-08
1.419999999999999388e-03 9.093379582682836234e-08
1.433333333333333334e-03 8.507372451048191809e-08
1.446666666666667281e-03 7.959102263533002056e-08
1.459999999999999493e-03 7.446142286498118138e-08
1.473333333333333439e-03 6.966221416775298336e-08
1.486666666666667386e-03 6.517214253800655061e-08
1.499999999999999598e-03 6.097131798446888257e-08
1.513333333333333544e-03 5.704112739811660102e-08
1.526666666666667491e-03 5.336415293524339786e-08
1.539999999999999702e-03 4.992409557299140977e-08
1.553333333333333649e-03 4.670570351507664177e-08
1.566666666666667596e-03 4.369470514492952478e-08
1.579999999999999807e-03 4.087774624157878174e-08
1.593333333333333754e-03 3.824233119099462921e-08
1.606666666666665966e-03 3.577676794195536215e-08
1.619999999999999912e-03 3.347011647085019526e-08
1.633333333333333859e-03 3.131214053387635102e-08
1.646666666666666071e-03 2.929326249966149019e-08
1.660000000000000017e-03 2.740452106711291757e-08
1.673333333333333964e-03 2.563753168600497981e-08
1.686666666666666176e-03 2.398444950911852234e-08
1.700000000000000122e-03 2.243793471504150471e-08
1.713333333333334069e-03 2.099112005139461515e-08
1.726666666666666280e-03 1.963758045690974041e-08
1.740000000000000227e-03 1.837130463044039611e-08
1.753333333333334174e-03 1.718666842250365419e-08
1.766666666666666385e-03 1.607840993357704454e-08
1.780000000000000332e-03 1.504160620989070132e-08
1.793333333333334279e-03 1.407165143495545817e-08
1.806666666666666490e-03 1.316423652126066982e-08
1.820000000000000437e-03 1.231533001236073599e-08
1.833333333333332649e-03 1.152116021209815092e-08
1.846666666666666595e-03 1.077819846172504549e-08
1.860000000000000542e-03 1.008314349215405403e-08
1.873333333333332754e-03 9.432906781723805908e-09
1.886666666666666700e-03 8.824598855709594278e-09
1.900000000000000647e-03 8.255516466760337035e-09
1.913333333333332859e-03 7.723130599980755819e-09
1.926666666666666805e-03 7.225075249652153357e-09
1.940000000000000752e-03 6.759136918051534520e-09
1.953333333333332963e-03 6.323244790083169092e-09
1.966666666666666910e-03 5.915461540387398869e-09
1.980000000000000857e-03 5.533974731978267624e-09
1.993333333333333068e-03 5.177088768835953038e-09
2.006666666666667015e-03 4.843217366471249389e-09
2.020000000000000961e-03 4.530876507461870257e-09
2.033333333333333173e-03 4.238677850579626781e-09
2.046666666666667120e-03 3.965322564398381060e-09
2.059999999999999332e-03 3.709595558071880210e-09
2.073333333333333278e-03 3.470360083805650730e-09
2.086666666666667225e-03 3.246552686978464641e-09
2.099999999999999437e-03 3.037178481652037160e-09
2.113333333333333383e-03 2.841306730427028368e-09
2.126666666666667330e-03 2.658066709142687399e-09
2.139999999999999541e-03 2.486643838088909366e-09
2.153333333333333488e-03 2.326276062411000061e-09
2.166666666666667435e-03 2.176250465886721187e-09
2.179999999999999646e-03 2.035900102918874297e-09
2.193333333333333593e-03 1.904601034650164203e-09
2.206666666666667539e-03 1.781769556130603203e-09
2.219999999999999751e-03 1.666859602327301447e-09
2.233333333333333698e-03 1.559360321114320086e-09
2.246666666666665910e-03 1.458793802943518132e-09
2.259999999999999856e-03 1.364712956721408728e-09
2.273333333333333803e-03 1.276699522600470845e-09
2.286666666666666015e-03 1.194362213057049565e-09
2.299999999999999961e-03 1.117334973556005943e-09
2.313333333333333908e-03 1.045275355545594292e-09
2.326666666666666120e-03 9.778629943261335664e-10
2.340000000000000066e-03 9.147981849357560512e-10
2.353333333333334013e-03 8.558005499361626996e-10
2.366666666666666224e-03 8.006077931572271829e-10
2.380000000000000171e-03 7.489745336751918610e-10
2.393333333333334118e-03 7.006712150028582766e-10
2.406666666666666329e-03 6.554830846660816478e-10
2.420000000000000276e-03 6.132092395727697136e-10
2.433333333333334222e-03 5.736617328844399199e-10
2.446666666666666434e-03 5.366647384442222709e-10
2.460000000000000381e-03 5.020537692629841221e-10
2.473333333333332593e-03 4.696749461774365913e-10
2.486666666666666539e-03 4.393843137816104450e-10
2.500000000000000486e-03 4.110472005371828037e-10
2.513333333333332698e-03 3.845376199881264365e-10
2.526666666666666644e-03 3.597377106808296918e-10
2.540000000000000591e-03 3.365372121909323896e-10
2.553333333333332802e-03 3.148329749619743053e-10
2.566666666666666749e-03 2.945285016969396780e-10
2.580000000000000696e-03 2.755335183476320672e-10
2.593333333333332907e-03 2.577635728467682664e-10
2.606666666666666854e-03 2.411396595157815925e-10
2.620000000000000800e-03 2.255878679409106665e-10
2.633333333333333012e-03 2.110390543185324800e-10
2.646666666666666959e-03 1.974285340623169477e-10
2.660000000000000905e-03 1.846957942568803007e-10
2.673333333333333117e-03 1.727842245746001132e-10
2.686666666666667064e-03 1.616408656200874147e-10
2.699999999999999276e-03 1.512161734269261153e-10
2.713333333333333222e-03 1.414637992750785744e-10
2.726666666666667169e-03 1.323403836015440171e-10
2.739999999999999380e-03 1.238053631166956443e-10
2.753333333333333327e-03 1.158207906545213915e-10
2.766666666666667274e-03 1.083511662854732194e-10
2.779999999999999485e-03 1.013632795959708735e-10
2.793333333333333432e-03 9.482606199510518325e-11
2.806666666666667379e-03 8.871044856477296620e-11
2.819999999999999590e-03 8.298924886552448712e-11
2.833333333333333537e-03 7.763702604243775668e-11
2.846666666666667483e-03 7.262998375124887876e-11
2.859999999999999695e-03 6.794586028103755655e-11
2.873333333333333642e-03 6.356382970954573738e-11
2.886666666666667588e-03 5.946440917556796025e-11
2.899999999999999800e-03 5.562937236036940108e-11
2.913333333333333747e-03 5.204166840650087929e-11
2.926666666666665959e-03 4.868534606211231088e-11
2.939999999999999905e-03 4.554548289084121107e-11
2.953333333333333852e-03 4.260811879963411648e-11
2.966666666666666063e-03 3.986019403642822063e-11
2.980000000000000010e-03 3.728949109796113055e-11
2.993333333333333957e-03 3.488458044775662745e-11
3.006666666666666168e-03 3.263476963648169754e-11
3.020000000000000115e-03 3.053005580068620132e-11
3.033333333333334061e-03 2.856108124806502586e-11
3.046666666666666273e-03 2.671909173743019249e-11
3.060000000000000220e-03 2.499589762531070365e-11
3.073333333333334166e-03 2.338383746337906600e-11
3.086666666666666378e-03 2.187574386279267457e-11
3.100000000000000325e-03 2.046491172940017482e-11
3.113333333333334271e-03 1.914506839004253834e-11
3.126666666666666483e-03 1.791034568991056006e-11
3.140000000000000430e-03 1.675525394901236329e-11
3.153333333333332641e-03 1.567465754186383329e-11
3.166666666666666588e-03 1.466375204442879677e-11
3.180000000000000535e-03 1.371804286035101831e-11
3.193333333333332746e-03 1.283332531848187042e-11
3.206666666666666693e-03 1.200566583789699025e-11
3.220000000000000639e-03 1.123138460818751527e-11
3.233333333333332851e-03 1.050703912134367785e-11
3.246666666666666798e-03 9.829408831098652756e-12
3.260000000000000744e-03 9.195480947728830281e-12
3.273333333333332956e-03 8.602436980496201698e-12
3.286666666666666903e-03 8.047640215642861377e-12
3.300000000000000849e-03 7.528623958019953198e-12
3.313333333333333061e-03 7.043080608316588038e-12
3.326666666666667008e-03 6.588851427959582110e-12
3.340000000000000954e-03 6.163916847752873849e-12
3.353333333333333166e-03 5.766387564139911248e-12
3.366666666666667113e-03 5.394496139224866132e-12
3.379999999999999324e-03 5.046589124543129030e-12
3.393333333333333271e-03 4.721119660604038814e-12
3.406666666666667218e-03 4.416640724123554143e-12
3.419999999999999429e-03 4.131798555170797891e-12
3.433333333333333376e-03 3.865326688025591042e-12
3.446666666666667322e-03 3.616040413829277472e-12
3.459999999999999534e-03 3.382831351183884488e-12
3.473333333333333481e-03 3.164662652446944728e-12
3.486666666666667427e-03 2.960564309978486239e-12
3.499999999999999639e-03 2.769628878188963762e-12
3.513333333333333586e-03 2.591007443468525363e-12
3.526666666666667532e-03 2.423905853991870588e-12
3.539999999999999744e-03 2.267581157423587513e-12
3.553333333333333691e-03 2.121338282506734074e-12
3.566666666666667637e-03 1.984527088475337790e-12
3.579999999999999849e-03 1.856539218560678469e-12
3.593333333333333796e-03 1.736805709135833120e-12
3.606666666666666007e-03 1.624794135082240888e-12
3.619999999999999954e-03 1.520006566767733496e-12
3.633333333333333900e-03 1.421977039258069471e-12
3.646666666666666112e-03 1.330269737185869878e-12
3.660000000000000059e-03 1.244476923742046915e-12
3.673333333333334005e-03 1.164217121546654044e-12
3.686666666666666217e-03 1.089133553395327871e-12
3.700000000000000164e-03 1.018892315133966865e-12
3.713333333333334110e-03 9.531811722348309917e-13
3.726666666666666322e-03 8.917079165831771151e-13
3.740000000000000269e-03 8.341992829959426082e-13
3.753333333333334215e-03 7.803995338992834220e-13
3.766666666666666427e-03 7.300694997879249590e-13
3.780000000000000374e-03 6.829854077859503756e-13
3.793333333333332585e-03 6.389379021157193954e-13
3.806666666666666532e-03 5.977311565227669264e-13
3.820000000000000479e-03 5.591819547160126025e-13
3.833333333333332690e-03 5.231188947486378910e-13
3.846666666666666637e-03 4.893816733606840699e-13
3.860000000000000583e-03 4.578202663714128819e-13
3.873333333333332795e-03 4.282943369625725321e-13
3.886666666666666742e-03 4.006726239712323813e-13
3.900000000000000688e-03 3.748323301826180949e-13
3.913333333333332900e-03 3.506585426076355130e-13
3.926666666666666847e-03 3.280438006895775285e-13
3.940000000000000793e-03 3.068875525644220809e-13
3.953333333333333005e-03 2.870957352617976153e-13
3.966666666666666952e-03 2.685803429116900107e-13
3.980000000000000898e-03 2.512590709147850777e-13
3.993333333333333110e-03 2.350549001415192679e-13
4.006666666666667057e-03 2.198957850813686647e-13
4.019999999999999268e-03 2.057143379940513354e-13
4.033333333333333215e-03 1.924474770779554078e-13
4.046666666666667161e-03 1.800362545524391038e-13
4.059999999999999373e-03 1.684254368587960968e-13
4.073333333333333320e-03 1.575634646793950516e-13
4.086666666666667266e-03 1.474020091501287056e-13
4.099999999999999478e-03 1.378958958967789817e-13
4.113333333333333425e-03 1.290028491575101443e-13
4.126666666666667371e-03 1.206833638441154022e-13
4.139999999999999583e-03 1.129004016874774113e-13
4.153333333333333530e-03 1.056193992337405179e-13
4.166666666666667476e-03 9.880797198594337879e-14
4.179999999999999688e-03 9.243583444229805344e-14
4.193333333333333635e-03 8.647464017274821361e-14
4.206666666666667581e-03 8.089792584576460012e-14
4.219999999999999793e-03 7.568087134318222389e-14
4.233333333333333739e-03 7.080025977934004456e-14
4.246666666666665951e-03 6.623441752979021706e-14
4.259999999999999898e-03 6.196305030977026802e-14
4.273333333333333844e-03 5.796715121822412562e-14
4.286666666666666056e-03 5.422894476459745011e-14
4.300000000000000003e-03 5.073184288989112762e-14
4.313333333333333949e-03 4.746028904130558897e-14
4.326666666666666161e-03 4.439971819138028641e-14
4.340000000000000108e-03 4.153651285904727575e-14
4.353333333333334054e-03 3.885798711728701967e-14
4.366666666666666266e-03 3.635220667925632949e-14
4.380000000000000213e-03 3.400801288680470437e-14
4.393333333333334159e-03 3.181502670856032687e-14
4.406666666666666371e-03 2.976346482797202181e-14
4.420000000000000318e-03 2.784422360311622265e-14
4.433333333333334264e-03 2.604874313177140053e-14
4.446666666666666476e-03 2.436906322462273381e-14
4.460000000000000422e-03 2.279771145885284159e-14
4.473333333333332634e-03 2.132770717622783925e-14
4.486666666666666581e-03 1.995249751372059575e-14
4.500000000000000527e-03 1.866598539011308426e-14
4.513333333333332739e-03 1.746245754044755058e-14
4.526666666666666686e-03 1.633653254090794337e-14
4.540000000000000632e-03 1.528322477819663459e-14
4.553333333333332844e-03 1.429784049929725148e-14
4.566666666666666791e-03 1.337601379424907019e-14
4.580000000000000737e-03 1.251362663442614588e-14
4.593333333333332949e-03 1.170689283234422707e-14
4.606666666666666896e-03 1.095215014118645100e-14
4.620000000000000842e-03 1.024610413805205455e-14
4.633333333333333054e-03 9.585576344535571275e-15
4.646666666666667000e-03 8.967664150168613795e-15
4.660000000000000947e-03 8.389596881322266029e-15
4.673333333333333159e-03 7.848799770583794246e-15
4.686666666666667105e-03 7.342905951014791434e-15
4.699999999999999317e-03 6.869624519311691808e-15
4.713333333333333264e-03 6.426864476473166634e-15
4.726666666666667210e-03 6.012658764165261697e-15
4.739999999999999422e-03 5.625168262807459890e-15
4.753333333333333369e-03 5.262673795400574188e-15
4.766666666666667315e-03 4.923528150494226183e-15
4.779999999999999527e-03 4.606296015198399951e-15
4.793333333333333474e-03 4.309510091934721674e-15
4.806666666666667420e-03 4.031843016136380073e-15
4.819999999999999632e-03 3.772111354334171643e-15
4.833333333333333579e-03 3.529119678800755214e-15
4.846666666666667525e-03 3.301812494820353345e-15
4.859999999999999737e-03 3.089146301935323100e-15
4.873333333333333683e-03 2.890205538441447998e-15
4.886666666666667630e-03 2.704078640720555609e-15
4.899999999999999842e-03 2.529969989649768606e-15
4.913333333333333788e-03 2.367091962278298545e-15
4.926666666666666000e-03 2.214716906946025179e-15
4.939999999999999947e-03 2.072161150939320662e-15
4.953333333333333893e-03 1.938816985179403110e-15
4.966666666666666105e-03 1.814048713985179550e-15
4.980000000000000052e-03 1.697352578515028500e-15
4.993333333333333998e-03 1.588160850550615643e-15
5.006666666666666210e-03 1.486009752110765288e-15
5.020000000000000157e-03 1.390471487988703886e-15
5.033333333333334103e-03 1.301086278289301372e-15
5.046666666666666315e-03 1.217434323977873274e-15
5.060000000000000261e-03 1.139219766687118126e-15
5.073333333333334208e-03 1.066030803554440930e-15
5.086666666666666420e-03 9.975595819544065010e-16
5.100000000000000366e-03 9.335062454336689292e-16
5.113333333333332578e-03 8.735869298830607605e-16
5.126666666666666525e-03 8.175417597096822725e-16
5.140000000000000471e-03 7.650788746322764383e-16
5.153333333333332683e-03 7.160263569509251864e-16
5.166666666666666630e-03 6.701323272448177755e-16
5.180000000000000576e-03 6.271968812117237638e-16
5.193333333333332788e-03 5.870241126354568547e-16
5.206666666666666735e-03 5.494660923323667086e-16
5.220000000000000681e-03 5.143069236560440342e-16
5.233333333333332893e-03 4.814266640251504678e-16
5.246666666666666839e-03 4.506693880839462943e-16
5.260000000000000786e-03 4.218911647348252207e-16
5.273333333333332998e-03 3.949640552243597053e-16
5.286666666666666944e-03 3.697681169712114336e-16
5.300000000000000891e-03 3.462153920823989519e-16
5.313333333333333103e-03 3.241699456324054415e-16
5.326666666666667049e-03 3.035358235561601226e-16
5.339999999999999261e-03 2.842410603048599969e-16
5.353333333333333208e-03 2.661897018134343337e-16
5.366666666666667154e-03 2.493137806191248224e-16
5.379999999999999366e-03 2.335133445708160448e-16
5.393333333333333313e-03 2.187364185499281205e-16
5.406666666666667259e-03 2.049190331797471799e-16
5.419999999999999471e-03 1.919892229114702246e-16
5.433333333333333418e-03 1.798830183683834588e-16
5.446666666666667364e-03 1.685724329481745863e-16
5.459999999999999576e-03 1.579934972741298114e-16
5.473333333333333522e-03 1.480742457974460616e-16
5.486666666666667469e-03 1.388186766041680494e-16
5.499999999999999681e-03 1.301508260594480637e-16
5.513333333333333627e-03 1.220347113888846054e-16
5.526666666666667574e-03 1.144463440762099918e-16
5.539999999999999786e-03 1.073497413470227361e-16
5.553333333333333732e-03 1.006929280827428592e-16
5.566666666666665944e-03 9.451188705777187279e-17
5.579999999999999891e-03 8.869467186286062826e-17
5.593333333333333837e-03 8.324927867009834084e-17
5.606666666666666049e-03 7.816371322135119390e-17
5.619999999999999996e-03 7.342198317244072004e-17
5.633333333333333942e-03 6.895612106060850986e-17
5.646666666666666154e-03 6.480210966025608726e-17
5.660000000000000100e-03 6.090397576675884718e-17
5.673333333333334047e-03 5.725372320802759906e-17
5.686666666666666259e-03 5.385535007010694434e-17
5.700000000000000205e-03 5.066887549255074535e-17
5.713333333333334152e-03 4.767830713118056550e-17
5.726666666666666364e-03 4.489563924413023993e-17
5.740000000000000310e-03 4.227689288490902337e-17
5.753333333333334257e-03 3.983806039769537704e-17
5.766666666666666469e-03 3.753516283599855567e-17
5.780000000000000415e-03 3.541217914630929220e-17
5.793333333333332627e-03 3.340913803795841095e-17
5.806666666666666574e-03 3.153803376907973473e-17
5.820000000000000520e-03 2.978287399549483311e-17
5.833333333333332732e-03 2.815965106138214269e-17
5.846666666666666679e-03 2.661239176211708919e-17
5.860000000000000625e-03 2.519706930232425304e-17
5.873333333333332837e-03 2.384971430528982630e-17
5.886666666666666783e-03 2.259831337332609915e-17
5.900000000000000730e-03 2.143087224829923956e-17
5.913333333333332942e-03 2.031940432789695114e-17
5.926666666666666888e-03 1.929189621443152719e-17
5.940000000000000835e-03 1.833635364976912949e-17
5.953333333333333047e-03 1.742479003159747090e-17
5.966666666666666993e-03 1.660118430640729055e-17
5.980000000000000940e-03 1.582155752770784315e-17
5.993333333333333152e-03 1.507391543736529972e-17
6.006666666666667098e-03 1.439024272373655501e-17
6.019999999999999310e-03 1.373055852637548366e-17
6.033333333333333257e-03 1.313884179177282787e-17
6.046666666666667203e-03 1.258710591761629743e-17
6.059999999999999415e-03 1.203936812950437921e-17
6.073333333333333361e-03 1.155959780415087502e-17
6.086666666666667308e-03 1.108782365088659528e-17
6.099999999999999520e-03 1.067202270224689133e-17
6.113333333333333466e-03 1.026021983965179961e-17
6.126666666666667413e-03 9.892395923547445474e-18
6.139999999999999625e-03 9.512577749309253111e-18
6.153333333333333571e-03 9.208723209918700762e-18
6.166666666666667518e-03 8.892874412394310192e-18
6.179999999999999730e-03 8.597016045092982297e-18
6.193333333333333676e-03 8.325146194059329303e-18
6.206666666666667623e-03 8.073266773248738984e-18
6.219999999999999835e-03 7.825385438482760891e-18
6.233333333333333781e-03 7.617484964162909690e-18
6.246666666666665993e-03 7.413582575887669174e-18
6.259999999999999939e-03 7.225672531790880647e-18
6.273333333333333886e-03 7.025768229560253899e-18
6.286666666666666098e-03 6.865844787775751730e-18
6.300000000000000044e-03 6.705921345991250331e-18
6.313333333333333991e-03 6.565988334429810837e-18
6.326666666666666203e-03 6.410062978689921665e-18
6.340000000000000149e-03 6.290120397351545616e-18
6.353333333333334096e-03 6.162181643923945114e-18
6.366666666666666308e-03 6.066227578853243966e-18
6.380000000000000254e-03 5.950283083559480144e-18
6.393333333333334201e-03 5.842334760354941546e-18
6.406666666666666413e-03 5.746380695284240399e-18
6.420000000000000359e-03 5.658422802302764476e-18
6.433333333333332571e-03 5.582459167455126003e-18
6.446666666666666518e-03 5.498499360518263077e-18
6.460000000000000464e-03 5.430531897759849829e-18
6.473333333333332676e-03 5.366562521046048807e-18
6.486666666666666622e-03 5.314587402466086006e-18
6.500000000000000569e-03 5.246619939707672758e-18
6.513333333333332781e-03 5.182650562993872507e-18
6.526666666666666727e-03 5.134673530458521163e-18
6.540000000000000674e-03 5.086696497923171359e-18
6.553333333333332886e-03 5.042717551432433013e-18
6.566666666666666832e-03 5.018729035164758111e-18
6.580000000000000779e-03 4.970752002629407537e-18
6.593333333333332991e-03 4.946763486361731865e-18
6.606666666666666937e-03 4.882794109647931614e-18
6.620000000000000884e-03 4.858805593380255942e-18
6.633333333333333096e-03 4.838815163157193267e-18
6.646666666666667042e-03 4.810828560844906139e-18
6.659999999999999254e-03 4.786840044577230467e-18
6.673333333333333200e-03 4.762851528309555565e-18
6.686666666666667147e-03 4.742861098086492890e-18
6.699999999999999359e-03 4.722870667863430215e-18
6.713333333333333305e-03 4.698882151595754543e-18
6.726666666666667252e-03 4.674893635328079642e-18
6.739999999999999464e-03 4.658901291149629194e-18
6.753333333333333410e-03 4.654903205105016967e-18
6.766666666666667357e-03 4.630914688837341295e-18
6.779999999999999569e-03 4.610924258614278620e-18
6.793333333333333515e-03 4.606926172569666393e-18
6.806666666666667462e-03 4.586935742346603719e-18
6.819999999999999674e-03 4.582937656301990721e-18
6.833333333333333620e-03 4.562947226078928047e-18
6.846666666666667567e-03 4.542956795855865372e-18
6.859999999999999779e-03 4.542956795855865372e-18
6.873333333333333725e-03 4.518968279588190470e-18
6.886666666666665937e-03 4.518968279588190470e-18
6.899999999999999883e-03 4.518968279588190470e-18
6.913333333333333830e-03 4.494979763320514798e-18
6.926666666666666042e-03 4.494979763320514798e-18
6.939999999999999988e-03 4.494979763320514798e-18
6.953333333333333935e-03 4.494979763320514798e-18
6.966666666666666147e-03 4.474989333097452123e-18
6.980000000000000093e-03 4.474989333097452123e-18
6.993333333333334040e-03 4.474989333097452123e-18
7.006666666666666252e-03 4.474989333097452123e-18
7.020000000000000198e-03 4.470991247052839896e-18
7.033333333333334145e-03 4.470991247052839896e-18
7.046666666666666357e-03 4.451000816829777222e-18
7.060000000000000303e-03 4.451000816829777222e-18
7.073333333333334250e-03 4.451000816829777222e-18
7.086666666666666461e-03 4.451000816829777222e-18
7.100000000000000408e-03 4.451000816829777222e-18
7.113333333333332620e-03 4.447002730785164224e-18
7.126666666666666566e-03 4.447002730785164224e-18
7.140000000000000513e-03 4.447002730785164224e-18
7.153333333333332725e-03 4.427012300562101550e-18
7.166666666666666671e-03 4.427012300562101550e-18
7.180000000000000618e-03 4.427012300562101550e-18
7.193333333333332830e-03 4.427012300562101550e-18
7.206666666666666776e-03 4.427012300562101550e-18
7.220000000000000723e-03 4.427012300562101550e-18
7.233333333333332935e-03 4.427012300562101550e-18
7.246666666666666881e-03 4.427012300562101550e-18
7.260000000000000828e-03 4.427012300562101550e-18
7.273333333333333039e-03 4.427012300562101550e-18
7.286666666666666986e-03 4.427012300562101550e-18
7.300000000000000933e-03 4.423014214517489323e-18
7.313333333333333144e-03 4.423014214517489323e-18
7.326666666666667091e-03 4.423014214517489323e-18
7.339999999999999303e-03 4.423014214517489323e-18
7.353333333333333249e-03 4.423014214517489323e-18
7.366666666666667196e-03 4.423014214517489323e-18
7.379999999999999408e-03 4.423014214517489323e-18
7.393333333333333354e-03 4.423014214517489323e-18
7.406666666666667301e-03 4.403023784294426648e-18
7.419999999999999513e-03 4.403023784294426648e-18
7.433333333333333459e-03 4.403023784294426648e-18
7.446666666666667406e-03 4.403023784294426648e-18
7.459999999999999618e-03 4.403023784294426648e-18
7.473333333333333564e-03 4.403023784294426648e-18
7.486666666666667511e-03 4.403023784294426648e-18
7.499999999999999722e-03 4.403023784294426648e-18
7.513333333333333669e-03 4.403023784294426648e-18
7.526666666666667616e-03 4.403023784294426648e-18
7.539999999999999827e-03 4.403023784294426648e-18
7.553333333333333774e-03 4.403023784294426648e-18
7.566666666666665986e-03 4.403023784294426648e-18
7.579999999999999932e-03 4.403023784294426648e-18
7.593333333333333879e-03 4.403023784294426648e-18
7.606666666666666091e-03 4.403023784294426648e-18
7.620000000000000037e-03 4.403023784294426648e-18
7.633333333333333984e-03 4.403023784294426648e-18
7.646666666666667930e-03 4.403023784294426648e-18
7.659999999999998407e-03 4.403023784294426648e-18
7.673333333333332354e-03 4.403023784294426648e-18
7.686666666666666300e-03 4.403023784294426648e-18
7.700000000000000247e-03 4.403023784294426648e-18
7.713333333333334194e-03 4.403023784294426648e-18
7.726666666666668140e-03 4.403023784294426648e-18
7.739999999999998617e-03 4.403023784294426648e-18
7.753333333333332564e-03 4.403023784294426648e-18
7.766666666666666510e-03 4.403023784294426648e-18
7.780000000000000457e-03 4.403023784294426648e-18
7.793333333333334403e-03 4.403023784294426648e-18
7.806666666666668350e-03 4.403023784294426648e-18
7.819999999999998827e-03 4.403023784294426648e-18
7.833333333333332774e-03 4.403023784294426648e-18
7.846666666666666720e-03 4.403023784294426648e-18
7.860000000000000667e-03 4.403023784294426648e-18
7.873333333333334613e-03 4.403023784294426648e-18
7.886666666666665090e-03 4.403023784294426648e-18
7.899999999999999037e-03 4.403023784294426648e-18
7.913333333333332983e-03 4.403023784294426648e-18
7.926666666666666930e-03 4.403023784294426648e-18
7.940000000000000877e-03 4.403023784294426648e-18
7.953333333333334823e-03 4.403023784294426648e-18
7.966666666666665300e-03 4.403023784294426648e-18
7.979999999999999247e-03 4.403023784294426648e-18
7.993333333333333193e-03 4.403023784294426648e-18
