-7.993333333333333193e-03 1.983682506478729493e-22
-7.979999999999999247e-03 1.983682506478729493e-22
-7.966666666666667035e-03 1.983682506478729493e-22
-7.953333333333333088e-03 1.983682506478729493e-22
-7.939999999999999142e-03 1.983682506478729493e-22
-7.926666666666666930e-03 1.983682506478729493e-22
-7.913333333333332983e-03 1.983682506478729493e-22
-7.899999999999999037e-03 1.983682506478729493e-22
-7.886666666666666825e-03 1.983682506478729493e-22
-7.873333333333332879e-03 1.983682506478729493e-22
-7.860000000000000667e-03 1.983682506478729493e-22
-7.846666666666666720e-03 1.983682506478729493e-22
-7.833333333333332774e-03 1.983682506478729493e-22
-7.820000000000000562e-03 1.983682506478729493e-22
-7.806666666666666615e-03 1.983682506478729493e-22
-7.793333333333333536e-03 1.983682506478729493e-22
-7.779999999999999589e-03 1.983682506478729493e-22
-7.766666666666666510e-03 1.983682506478729493e-22
-7.753333333333333431e-03 1.983682506478729493e-22
-7.739999999999999485e-03 1.983682506478729493e-22
-7.726666666666666405e-03 1.983682506478729493e-22
-7.713333333333333326e-03 1.983682506478729493e-22
-7.700000000000000247e-03 1.983682506478729493e-22
-7.686666666666666300e-03 1.983682506478729493e-22
-7.673333333333333221e-03 1.983682506478729493e-22
-7.660000000000000142e-03 1.983682506478729493e-22
-7.646666666666666196e-03 1.983682506478729493e-22
-7.633333333333333116e-03 1.983682506478729493e-22
-7.620000000000000037e-03 1.983682506478729493e-22
-7.606666666666666091e-03 1.983682506478729493e-22
-7.593333333333333011e-03 1.983682506478729493e-22
-7.579999999999999932e-03 1.983682506478729493e-22
-7.566666666666666853e-03 1.983682506478729493e-22
-7.553333333333332907e-03 1.983682506478729493e-22
-7.539999999999999827e-03 1.983682506478729493e-22
-7.526666666666666748e-03 1.983682506478729493e-22
-7.513333333333332802e-03 1.983682506478729493e-22
-7.499999999999999722e-03 1.983682506478729493e-22
-7.486666666666666643e-03 1.983682506478729493e-22
-7.473333333333333564e-03 1.983682506478729493e-22
-7.459999999999999618e-03 1.983682506478729493e-22
-7.446666666666666538e-03 1.983682506478729493e-22
-7.433333333333333459e-03 1.983682506478729493e-22
-7.419999999999999513e-03 1.983682506478729493e-22
-7.406666666666666433e-03 1.983682506478729493e-22
-7.393333333333333354e-03 1.983682506478729493e-22
-7.379999999999999408e-03 1.983682506478729493e-22
-7.366666666666666329e-03 1.983682506478729493e-22
-7.353333333333333249e-03 1.983682506478729493e-22
-7.340000000000000170e-03 1.983682506478729493e-22
-7.326666666666666224e-03 1.983682506478729493e-22
-7.313333333333333144e-03 1.983682506478729493e-22
-7.300000000000000065e-03 1.983682506478729493e-22
-7.286666666666666986e-03 1.983682506478729493e-22
-7.273333333333333039e-03 1.983682506478729493e-22
-7.259999999999999960e-03 1.983682506478729493e-22
-7.246666666666666881e-03 1.983682506478729493e-22
-7.233333333333332935e-03 1.983682506478729493e-22
-7.219999999999999855e-03 1.983682506478729493e-22
-7.206666666666666776e-03 1.983682506478729493e-22
-7.193333333333332830e-03 1.983682506478729493e-22
-7.179999999999999750e-03 1.983682506478729493e-22
-7.166666666666666671e-03 1.983682506478729493e-22
-7.153333333333332725e-03 1.983682506478729493e-22
-7.139999999999999646e-03 2.031503885641951405e-22
-7.126666666666666566e-03 2.031503885641951405e-22
-7.113333333333333487e-03 2.031503885641951405e-22
-7.099999999999999541e-03 2.031503885641951405e-22
-7.086666666666666461e-03 2.031503885641951405e-22
-7.073333333333333382e-03 2.031503885641951405e-22
-7.060000000000000303e-03 2.031503885641951405e-22
-7.046666666666666357e-03 2.031503885641951405e-22
-7.033333333333333277e-03 2.031503885641951405e-22
-7.020000000000000198e-03 2.031503885641951405e-22
-7.006666666666666252e-03 2.031503885641951405e-22
-6.993333333333333172e-03 2.031503885641951405e-22
-6.980000000000000093e-03 2.031503885641951405e-22
-6.966666666666666147e-03 2.031503885641951405e-22
-6.953333333333333068e-03 2.095610383114811050e-22
-6.939999999999999988e-03 2.095610383114811050e-22
-6.926666666666666042e-03 2.095610383114811050e-22
-6.913333333333332963e-03 2.095610383114811050e-22
-6.899999999999999883e-03 2.143431762278032963e-22
-6.886666666666666804e-03 2.143431762278032963e-22
-6.873333333333333725e-03 2.143431762278032963e-22
-6.859999999999999779e-03 2.143431762278032963e-22
-6.846666666666666699e-03 2.143431762278032963e-22
-6.833333333333333620e-03 2.207538259750892607e-22
-6.819999999999999674e-03 2.207538259750892607e-22
-6.806666666666666594e-03 2.207538259750892607e-22
-6.793333333333333515e-03 2.255359638914114520e-22
-6.779999999999999569e-03 2.255359638914114520e-22
-6.766666666666666489e-03 2.255359638914114520e-22
-6.753333333333333410e-03 2.255359638914114520e-22
-6.739999999999999464e-03 2.303439512018759253e-22
-6.726666666666666385e-03 2.303439512018759253e-22
-6.713333333333333305e-03 2.367287515550196077e-22
-6.699999999999999359e-03 2.367287515550196077e-22
-6.686666666666666280e-03 2.415367388654840811e-22
-6.673333333333333200e-03 2.463188767818062723e-22
-6.660000000000000121e-03 2.463188767818062723e-22
-6.646666666666667042e-03 2.527295265290922368e-22
-6.633333333333333096e-03 2.527295265290922368e-22
-6.620000000000000016e-03 2.575116644454144280e-22
-6.606666666666666937e-03 2.639223141927003925e-22
-6.593333333333332991e-03 2.687044521090225838e-22
-6.579999999999999911e-03 2.735124394194870571e-22
-6.566666666666666832e-03 2.798972397726307395e-22
-6.553333333333332886e-03 2.798972397726307395e-22
-6.539999999999999807e-03 2.847052270830952128e-22
-6.526666666666666727e-03 2.958980147467033686e-22
-6.513333333333332781e-03 3.006801526630255598e-22
-6.499999999999999702e-03 3.070908024103115243e-22
-6.486666666666666622e-03 3.166809276370981889e-22
-6.473333333333332676e-03 3.230657279902418713e-22
-6.459999999999999597e-03 3.342585156538500270e-22
-6.446666666666666518e-03 3.438744902747789737e-22
-6.433333333333333438e-03 3.550672779383871294e-22
-6.420000000000000359e-03 3.614520782915308118e-22
-6.406666666666666413e-03 3.710422035183174764e-22
-6.393333333333333333e-03 3.870429784923901055e-22
-6.380000000000000254e-03 3.982357661559982612e-22
-6.366666666666666308e-03 4.142106917359286082e-22
-6.353333333333333229e-03 4.254034793995367639e-22
-6.340000000000000149e-03 4.477890547267530754e-22
-6.326666666666666203e-03 4.637898297008257045e-22
-6.313333333333333124e-03 4.797647552807560514e-22
-6.300000000000000044e-03 4.957655302548286805e-22
-6.286666666666666098e-03 5.181511055820449920e-22
-6.273333333333333019e-03 5.389340184724398123e-22
-6.259999999999999939e-03 5.661017317159783150e-22
-6.246666666666665993e-03 5.884873070431946264e-22
-6.233333333333332914e-03 6.156808696808754113e-22
-6.219999999999999835e-03 6.476565702348783873e-22
-6.206666666666666755e-03 6.748501328725591721e-22
-6.193333333333333676e-03 7.116079713428843394e-22
-6.179999999999999730e-03 7.451863343337088066e-22
-6.166666666666666650e-03 7.819700221981762560e-22
-6.153333333333333571e-03 8.267411728526088789e-22
-6.139999999999999625e-03 8.635248607170763283e-22
-6.126666666666666546e-03 9.130781492878311425e-22
-6.113333333333333466e-03 9.610546248159067476e-22
-6.099999999999999520e-03 1.015415900697126035e-21
-6.086666666666666441e-03 1.074559314494667514e-21
-6.073333333333333361e-03 1.133728577686351275e-21
-6.059999999999999415e-03 1.194500503314856527e-21
-6.046666666666666336e-03 1.264836704776006161e-21
-6.033333333333333257e-03 1.339980893547620269e-21
-6.019999999999999310e-03 1.415150931713376659e-21
-6.006666666666667098e-03 1.503090570585420414e-21
-5.993333333333333152e-03 1.589427547020642677e-21
-5.980000000000000072e-03 1.686957311119473097e-21
-5.966666666666666993e-03 1.789295062528767989e-21
-5.953333333333333047e-03 1.902825601601671038e-21
-5.939999999999999968e-03 2.016330291280431804e-21
-5.926666666666666888e-03 2.141053618016943008e-21
-5.913333333333332942e-03 2.275367069980240877e-21
-5.899999999999999863e-03 2.416065322296682428e-21
-5.886666666666666783e-03 2.574367012024018099e-21
-5.873333333333332837e-03 2.735848177230854470e-21
-5.859999999999999758e-03 2.914932779848584962e-21
-5.846666666666666679e-03 3.098825369776779927e-21
-5.833333333333332732e-03 3.298667035890762957e-21
-5.819999999999999653e-03 3.509727339062496424e-21
-5.806666666666666574e-03 3.741570555124624712e-21
-5.793333333333332627e-03 3.986209221287182647e-21
-5.780000000000000415e-03 4.245245999986991720e-21
-5.766666666666666469e-03 4.526642504619874822e-21
-5.753333333333333389e-03 4.824065633620972836e-21
-5.740000000000000310e-03 5.143848488555144878e-21
-5.726666666666666364e-03 5.484414256379711741e-21
-5.713333333333333285e-03 5.852173586841959389e-21
-5.700000000000000205e-03 6.242292643237281066e-21
-5.686666666666666259e-03 6.658028449227604319e-21
-5.673333333333333180e-03 7.102534630898287566e-21
-5.660000000000000100e-03 7.579016513122973789e-21
-5.646666666666666154e-03 8.087474095901662988e-21
-5.633333333333333075e-03 8.627907379234355163e-21
-5.619999999999999996e-03 9.213111813221479961e-21
-5.606666666666666049e-03 9.828689285325786243e-21
-5.593333333333333837e-03 1.049544855783181111e-20
-5.579999999999999891e-03 1.120855579403494782e-20
-5.566666666666665944e-03 1.196165204297619495e-20
-5.553333333333333732e-03 1.277231489267230435e-20
-5.539999999999999786e-03 1.364372381860277673e-20
-5.526666666666666707e-03 1.456951986980861067e-20
-5.513333333333333627e-03 1.555924147272830828e-20
-5.499999999999999681e-03 1.661932512650329781e-20
-5.486666666666666602e-03 1.774977083113357926e-20
-5.473333333333333522e-03 1.895696338697229630e-20
-5.459999999999999576e-03 2.025049291924623561e-20
-5.446666666666666497e-03 2.163516741526586166e-20
-5.433333333333333418e-03 2.311256368807385365e-20
-5.419999999999999471e-03 2.469232356168528282e-20
-5.406666666666666392e-03 2.638078013766500827e-20
-5.393333333333333313e-03 2.818276725271763678e-20
-5.379999999999999366e-03 3.011425983242309869e-20
-5.366666666666667154e-03 3.217528372617553627e-20
-5.353333333333333208e-03 3.438341652199170136e-20
-5.339999999999999261e-03 3.673702970804063020e-20
-5.326666666666667049e-03 3.925212405929639541e-20
-5.313333333333333103e-03 4.194632886256403339e-20
-5.300000000000000024e-03 4.482600306880254555e-20
-5.286666666666666944e-03 4.790391627871821925e-20
-5.273333333333332998e-03 5.119291564119976869e-20
-5.259999999999999919e-03 5.471055289486980344e-20
-5.246666666666666839e-03 5.846484135191243096e-20
-5.233333333333332893e-03 6.248612820105069043e-20
-5.219999999999999814e-03 6.677604195411554565e-20
-5.206666666666666735e-03 7.136976363653464256e-20
-5.193333333333332788e-03 7.627688337353476783e-20
-5.179999999999999709e-03 8.151976089104899549e-20
-5.166666666666666630e-03 8.712558975171500632e-20
-5.153333333333332683e-03 9.311517871781733744e-20
-5.140000000000000471e-03 9.952205445355852873e-20
-5.126666666666666525e-03 1.063718595579277241e-19
-5.113333333333332578e-03 1.136869537568579975e-19
-5.100000000000000366e-03 1.215105055385669600e-19
-5.086666666666666420e-03 1.298744906036086148e-19
-5.073333333333333341e-03 1.388140899774106077e-19
-5.060000000000000261e-03 1.483676641608800854e-19
-5.046666666666666315e-03 1.585896002792924095e-19
-5.033333333333333236e-03 1.695022839079747962e-19
-5.020000000000000157e-03 1.811792307238678959e-19
-5.006666666666666210e-03 1.936492628014403532e-19
-4.993333333333333131e-03 2.069923064673801044e-19
-4.980000000000000052e-03 2.212435427471147954e-19
-4.966666666666666105e-03 2.364812953048955410e-19
-4.953333333333333026e-03 2.527775547034085970e-19
-4.939999999999999947e-03 2.701882590315778617e-19
-4.926666666666666000e-03 2.887965657903590569e-19
-4.913333333333333788e-03 3.086967994189773698e-19
-4.899999999999999842e-03 3.299593219682880925e-19
-4.886666666666665895e-03 3.526960613149273065e-19
-4.873333333333333683e-03 3.769997392356833777e-19
-4.859999999999999737e-03 4.029758988068392440e-19
-4.846666666666666658e-03 4.307444553678209522e-19
-4.833333333333333579e-03 4.604205162707440845e-19
-4.819999999999999632e-03 4.921496136046296892e-19
-4.806666666666666553e-03 5.260628554965674211e-19
-4.793333333333333474e-03 5.623200945999331530e-19
-4.779999999999999527e-03 6.010700941780157183e-19
-4.766666666666666448e-03 6.424934639476872423e-19
-4.753333333333333369e-03 6.867741481976642043e-19
-4.739999999999999422e-03 7.341023467700455163e-19
-4.726666666666666343e-03 7.846971849789753037e-19
-4.713333333333333264e-03 8.387808642165006236e-19
-4.699999999999999317e-03 8.965932410108677117e-19
-4.686666666666667105e-03 9.583885441534659126e-19
-4.673333333333333159e-03 1.024441785348574966e-18
-4.660000000000000080e-03 1.095055169863112291e-18
-4.646666666666667000e-03 1.170534108288868953e-18
-4.633333333333333054e-03 1.251211127232091267e-18
-4.619999999999999975e-03 1.337457217197509266e-18
-4.606666666666666896e-03 1.429649701791417844e-18
-4.593333333333332949e-03 1.528193124032143714e-18
-4.579999999999999870e-03 1.633532015950751702e-18
-4.566666666666666791e-03 1.746133191756057282e-18
-4.553333333333332844e-03 1.866492365279526996e-18
-4.539999999999999765e-03 1.995157983116677646e-18
-4.526666666666666686e-03 2.132689632951901353e-18
-4.513333333333332739e-03 2.279696507456949281e-18
-4.499999999999999660e-03 2.436843789091284776e-18
-4.486666666666666581e-03 2.604827007503094221e-18
-4.473333333333332634e-03 2.784384834979387471e-18
-4.460000000000000422e-03 2.976321549569507492e-18
-4.446666666666666476e-03 3.181497367411721148e-18
-4.433333333333333397e-03 3.400812493657033413e-18
-4.420000000000000318e-03 3.635248688294968162e-18
-4.406666666666666371e-03 3.885842020892142205e-18
-4.393333333333333292e-03 4.153716552352832679e-18
-4.380000000000000213e-03 4.440058666470593765e-18
-4.366666666666666266e-03 4.746137930389329505e-18
-4.353333333333333187e-03 5.073318235692169132e-18
-4.340000000000000108e-03 5.423051413601113920e-18
-4.326666666666666161e-03 5.796904376840886585e-18
-4.313333333333333082e-03 6.196517631361332917e-18
-4.300000000000000003e-03 6.623686805326546546e-18
-4.286666666666666056e-03 7.080304979116537500e-18
-4.273333333333333844e-03 7.568404432098772001e-18
-4.259999999999999898e-03 8.090150102731454459e-18
-4.246666666666665951e-03 8.647857192000938373e-18
-4.233333333333333739e-03 9.244026473694124683e-18
-4.219999999999999793e-03 9.881286572701342057e-18
-4.206666666666666714e-03 1.056247396889121725e-17
-4.193333333333333635e-03 1.129062981763519562e-17
-4.179999999999999688e-03 1.206898237221952435e-17
-4.166666666666666609e-03 1.290099648543503493e-17
-4.153333333333333530e-03 1.379036249433766199e-17
-4.139999999999999583e-03 1.474104411917578891e-17
-4.126666666666666504e-03 1.575726734815076670e-17
-4.113333333333333425e-03 1.684354432225710141e-17
-4.099999999999999478e-03 1.800470861970545837e-17
-4.086666666666666399e-03 1.924592316583726973e-17
-4.073333333333333320e-03 2.057271226052407674e-17
-4.060000000000000241e-03 2.199095832114386783e-17
-4.046666666666666294e-03 2.350697873282986362e-17
-4.033333333333333215e-03 2.512752098878441814e-17
-4.020000000000000136e-03 2.685977858765641637e-17
-4.006666666666666189e-03 2.871144723012413956e-17
-3.993333333333333110e-03 3.069077413953928865e-17
-3.980000000000000031e-03 3.280655821702334922e-17
-3.966666666666666952e-03 3.506820117156920482e-17
-3.953333333333333005e-03 3.748575862429335634e-17
-3.939999999999999926e-03 4.006997696967196887e-17
-3.926666666666666847e-03 4.283235246725588094e-17
-3.913333333333332900e-03 4.578516171810629833e-17
-3.899999999999999821e-03 4.894153825654963759e-17
-3.886666666666666742e-03 5.231551109162419220e-17
-3.873333333333332795e-03 5.592207974787132764e-17
-3.859999999999999716e-03 5.977728302472389984e-17
-3.846666666666666637e-03 6.389826305130493976e-17
-3.833333333333333558e-03 6.830333872455641159e-17
-3.819999999999999611e-03 7.301209527738991580e-17
-3.806666666666666532e-03 7.804546903885008165e-17
-3.793333333333333453e-03 8.342583860492770704e-17
-3.779999999999999506e-03 8.917713190675029583e-17
-3.766666666666666427e-03 9.532490618860753406e-17
-3.753333333333333348e-03 1.018965062579422290e-16
-3.740000000000000269e-03 1.089211493230618841e-16
-3.726666666666666322e-03 1.164300592290424801e-16
-3.713333333333333243e-03 1.244566263103818502e-16
-3.700000000000000164e-03 1.330365434363610519e-16
-3.686666666666666217e-03 1.422079513880370225e-16
-3.673333333333333138e-03 1.520116243793443382e-16
-3.660000000000000059e-03 1.624911587576724533e-16
-3.646666666666666112e-03 1.736931439976079510e-16
-3.633333333333333033e-03 1.856673770958095595e-16
-3.619999999999999954e-03 1.984671039009518645e-16
-3.606666666666666875e-03 2.121492397641537076e-16
-3.593333333333332928e-03 2.267746014855918251e-16
-3.579999999999999849e-03 2.424082221601215008e-16
-3.566666666666666770e-03 2.591196183307650267e-16
-3.553333333333332823e-03 2.769830792951309435e-16
-3.539999999999999744e-03 2.960780301601547685e-16
-3.526666666666666665e-03 3.164893738812822868e-16
-3.513333333333333586e-03 3.383078479324099262e-16
-3.499999999999999639e-03 3.616304767736798237e-16
-3.486666666666666560e-03 3.865609443670988102e-16
-3.473333333333333481e-03 4.132100946983571872e-16
-3.459999999999999534e-03 4.416964130149994738e-16
-3.446666666666666455e-03 4.721465566437331185e-16
-3.433333333333333376e-03 5.046959002833979306e-16
-3.420000000000000297e-03 5.394891691858755952e-16
-3.406666666666666350e-03 5.766810562328266383e-16
-3.393333333333333271e-03 6.164369208257598509e-16
-3.380000000000000192e-03 6.589335130568091860e-16
-3.366666666666666245e-03 7.043597844749810302e-16
-3.353333333333333166e-03 7.529177002224193669e-16
-3.340000000000000087e-03 8.048231569722411622e-16
-3.326666666666666140e-03 8.603069341086926187e-16
-3.313333333333333061e-03 9.196157028616470962e-16
-3.299999999999999982e-03 9.830131692892659008e-16
-3.286666666666666903e-03 1.050781198571547109e-15
-3.273333333333332956e-03 1.123221093986648941e-15
-3.259999999999999877e-03 1.200654932032097207e-15
-3.246666666666666798e-03 1.283426995153305039e-15
-3.233333333333332851e-03 1.371905276230010762e-15
-3.219999999999999772e-03 1.466483176726376671e-15
-3.206666666666666693e-03 1.567581188685216481e-15
-3.193333333333333614e-03 1.675648807040324578e-15
-3.179999999999999667e-03 1.791166512394253700e-15
-3.166666666666666588e-03 1.914647900672350138e-15
-3.153333333333333509e-03 2.046641980823700257e-15
-3.139999999999999562e-03 2.187735614771292981e-15
-3.126666666666666483e-03 2.338556112484396519e-15
-3.113333333333333404e-03 2.499774038085388882e-15
-3.099999999999999457e-03 2.672106177489452383e-15
-3.086666666666666378e-03 2.856318734578761754e-15
-3.073333333333333299e-03 3.053230745002721550e-15
-3.060000000000000220e-03 3.263717680074648067e-15
-3.046666666666666273e-03 3.488715388209839979e-15
-3.033333333333333194e-03 3.729224231268080799e-15
-3.020000000000000115e-03 3.986313529641304985e-15
-3.006666666666666168e-03 4.261126325366360170e-15
-2.993333333333333089e-03 4.554884457188257905e-15
-2.980000000000000010e-03 4.868894000151580598e-15
-2.966666666666666931e-03 5.204551063128449137e-15
-2.953333333333332984e-03 5.563348005675362292e-15
-2.939999999999999905e-03 5.946880070212251799e-15
-2.926666666666666826e-03 6.356852471684114980e-15
-2.913333333333332879e-03 6.795087971743691155e-15
-2.899999999999999800e-03 7.263535012444274275e-15
-2.886666666666666721e-03 7.764276334453569350e-15
-2.873333333333333642e-03 8.299538282861433068e-15
-2.859999999999999695e-03 8.871700662830077205e-15
-2.846666666666666616e-03 9.483307359765953203e-15
-2.833333333333333537e-03 1.013707761337791095e-14
-2.819999999999999590e-03 1.083591814065531061e-14
-2.806666666666666511e-03 1.158293602639219470e-14
-2.793333333333333432e-03 1.238145258285694535e-14
-2.779999999999999485e-03 1.323501805166105215e-14
-2.766666666666666406e-03 1.414742745732178654e-14
-2.753333333333333327e-03 1.512273741192748435e-14
-2.740000000000000248e-03 1.616528422284493760e-14
-2.726666666666666301e-03 1.727970311047731899e-14
-2.713333333333333222e-03 1.847094885014277783e-14
-2.700000000000000143e-03 1.974431778301449798e-14
-2.686666666666666196e-03 2.110547138590846949e-14
-2.673333333333333117e-03 2.256046141762580903e-14
-2.660000000000000038e-03 2.411575683667651264e-14
-2.646666666666666959e-03 2.577827255348301203e-14
-2.633333333333333012e-03 2.755540020304992520e-14
-2.619999999999999933e-03 2.945504095510890275e-14
-2.606666666666666854e-03 3.148564068074594298e-14
-2.593333333333332907e-03 3.365622750492778636e-14
-2.579999999999999828e-03 3.597645192835469009e-14
-2.566666666666666749e-03 3.845662970891697319e-14
-2.553333333333332802e-03 4.110778779578406400e-14
-2.539999999999999723e-03 4.394171325980022025e-14
-2.526666666666666644e-03 4.697100578442749718e-14
-2.513333333333333565e-03 5.020913361877562120e-14
-2.499999999999999618e-03 5.367049347488751821e-14
-2.486666666666666539e-03 5.737047454557336456e-14
-2.473333333333333460e-03 6.132552690645698089e-14
-2.459999999999999513e-03 6.555323463176264540e-14
-2.446666666666666434e-03 7.007239400566372741e-14
-2.433333333333333355e-03 7.490309704873204572e-14
-2.420000000000000276e-03 8.006682085620990942e-14
-2.406666666666666329e-03 8.558652306843053367e-14
-2.393333333333333250e-03 9.148674393823648503e-14
-2.380000000000000171e-03 9.779371541288972124e-14
-2.366666666666666224e-03 1.045354777485984817e-13
-2.353333333333333145e-03 1.117420041772855496e-13
-2.340000000000000066e-03 1.194453341209498255e-13
-2.326666666666666120e-03 1.276797156178213957e-13
-2.313333333333333040e-03 1.364817576119991693e-13
-2.299999999999999961e-03 1.458905926010441468e-13
-2.286666666666666882e-03 1.559480506775461864e-13
-2.273333333333332935e-03 1.666988453738860269e-13
-2.259999999999999856e-03 1.781907725047964689e-13
-2.246666666666666777e-03 1.904749225302165174e-13
-2.233333333333332830e-03 2.036059077005610044e-13
-2.219999999999999751e-03 2.176421047719591824e-13
-2.206666666666666672e-03 2.326459144594154653e-13
-2.193333333333333593e-03 2.486840388023336893e-13
-2.179999999999999646e-03 2.658277775897302533e-13
-2.166666666666666567e-03 2.841533452688432192e-13
-2.153333333333333488e-03 3.037422096297621768e-13
-2.139999999999999541e-03 3.246814538488114265e-13
-2.126666666666666462e-03 3.470641635117019861e-13
-2.113333333333333383e-03 3.709898402303851951e-13
-2.100000000000000304e-03 3.965648437987748257e-13
-2.086666666666666357e-03 4.239028647986936013e-13
-2.073333333333333278e-03 4.531254297503103382e-13
-2.060000000000000199e-03 4.843624410551119701e-13
-2.046666666666666252e-03 5.177527541427194897e-13
-2.033333333333333173e-03 5.534447943431562055e-13
-2.020000000000000094e-03 5.915972162521078485e-13
-2.006666666666666148e-03 6.323796084752076861e-13
-1.993333333333333068e-03 6.759732469318043997e-13
-1.979999999999999989e-03 7.225718999944683367e-13
-1.966666666666666910e-03 7.723826890677709277e-13
-1.953333333333332963e-03 8.256270083786944526e-13
-1.939999999999999884e-03 8.825415080813845959e-13
-1.926666666666666805e-03 9.433791450442505643e-13
-1.913333333333332859e-03 1.008410305902277703e-12
-1.899999999999999779e-03 1.077924007379124564e-12
-1.886666666666666700e-03 1.152229179193536465e-12
-1.873333333333333621e-03 1.231656035181934738e-12
-1.859999999999999674e-03 1.316557538768813057e-12
-1.846666666666666595e-03 1.407310969087798612e-12
-1.833333333333333516e-03 1.504319594870569382e-12
-1.819999999999999570e-03 1.608014463309637237e-12
-1.806666666666666490e-03 1.718856311905724146e-12
-1.793333333333333411e-03 1.837337611583867744e-12
-1.779999999999999465e-03 1.963984750203299218e-12
-1.766666666666666385e-03 2.099360365960099592e-12
-1.753333333333333306e-03 2.244065840999231041e-12
-1.740000000000000227e-03 2.398743966114841680e-12
-1.726666666666666280e-03 2.564081788326141727e-12
-1.713333333333333201e-03 2.740813653647043761e-12
-1.700000000000000122e-03 2.929724458558848203e-12
-1.686666666666666176e-03 3.131653124269370183e-12
-1.673333333333333096e-03 3.347496308935333324e-12
-1.660000000000000017e-03 3.578212374127151702e-12
-1.646666666666666938e-03 3.824825622711006128e-12
-1.633333333333332991e-03 4.088430826645550065e-12
-1.619999999999999912e-03 4.370198064344730088e-12
-1.606666666666666833e-03 4.671377888562928123e-12
-1.593333333333332887e-03 4.993306847153388436e-12
-1.579999999999999807e-03 5.337413380625017091e-12
-1.566666666666666728e-03 5.705224121848080537e-12
-1.553333333333332782e-03 6.098370624982347238e-12
-1.539999999999999702e-03 6.518596552644651252e-12
-1.526666666666666623e-03 6.967765351928849931e-12
-1.513333333333333544e-03 7.447868452123682586e-12
-1.499999999999999598e-03 7.961034019071146566e-12
-1.486666666666666518e-03 8.509536303196664108e-12
-1.473333333333333439e-03 9.095805620899450116e-12
-1.459999999999999493e-03 9.722439011286426032e-12
-1.446666666666666413e-03 1.039221161302874040e-11
-1.433333333333333334e-03 1.110808880888858185e-11
-1.420000000000000255e-03 1.187323918857161040e-11
-1.406666666666666309e-03 1.269104838352993696e-11
-1.393333333333333229e-03 1.356513383077958461e-11
-1.380000000000000150e-03 1.449936052635763606e-11
-1.366666666666666204e-03 1.549785783247314216e-11
-1.353333333333333124e-03 1.656503740667458375e-11
-1.340000000000000045e-03 1.770561232490163886e-11
-1.326666666666666966e-03 1.892461747502500439e-11
-1.313333333333333020e-03 2.022743130153955550e-11
-1.299999999999999940e-03 2.161979898687046491e-11
-1.286666666666666861e-03 2.310785715955485092e-11
-1.273333333333332915e-03 2.469816022447668182e-11
-1.259999999999999835e-03 2.639770841547635791e-11
-1.246666666666666756e-03 2.821397767612932931e-11
-1.233333333333332810e-03 3.015495147970123265e-11
-1.219999999999999730e-03 3.222915470508711688e-11
-1.206666666666666651e-03 3.444568969115832888e-11
-1.193333333333333572e-03 3.681427459751913574e-11
-1.179999999999999626e-03 3.934528420583084475e-11
-1.166666666666666546e-03 4.204979330117798898e-11
-1.153333333333333467e-03 4.493962277894507789e-11
-1.139999999999999521e-03 4.802738862805635018e-11
-1.126666666666666441e-03 5.132655394682086208e-11
-1.113333333333333362e-03 5.485148415244728051e-11
-1.100000000000000283e-03 5.861750555013021931e-11
-1.086666666666666337e-03 6.264096743118910260e-11
-1.073333333333333257e-03 6.693930787345708746e-11
-1.060000000000000178e-03 7.153112341908236505e-11
-1.046666666666666232e-03 7.643624280646320061e-11
-1.033333333333333152e-03 8.167580493289568150e-11
-1.020000000000000073e-03 8.727234122273523400e-11
-1.006666666666666127e-03 9.324986257266549934e-11
-9.933333333333330475e-04 9.963395103940839227e-11
-9.799999999999999684e-04 1.064518564272735183e-10
-9.666666666666668892e-04 1.137325979210237596e-10
-9.533333333333329426e-04 1.215070708946621143e-10
-9.399999999999998634e-04 1.298081590074587061e-10
-9.266666666666667843e-04 1.386708516744936224e-10
-9.133333333333328377e-04 1.518982099175198057e-10
-8.999999999999997585e-04 1.712435653187850468e-10
-8.866666666666666793e-04 1.918922795136261430e-10
-8.733333333333336002e-04 2.139299628631857382e-10
-8.599999999999996536e-04 2.374475396975338026e-10
-8.466666666666665744e-04 2.625415344967397154e-10
-8.333333333333334952e-04 2.893143671595339832e-10
-8.199999999999995487e-04 3.178746566355896686e-10
-8.066666666666664695e-04 3.483375319895698788e-10
-7.933333333333333903e-04 3.808249497273128389e-10
-7.800000000000003111e-04 4.154660159441272988e-10
-7.666666666666663646e-04 4.558446128679916355e-10
-7.533333333333332854e-04 4.993827446664344678e-10
-7.400000000000002062e-04 5.457821931744317316e-10
-7.266666666666662597e-04 5.952209709003161143e-10
-7.133333333333331805e-04 6.478867771956513941e-10
-7.000000000000001013e-04 7.039773309416244415e-10
-6.866666666666661548e-04 7.625233869703817038e-10
-6.733333333333330756e-04 8.241662110572330136e-10
-6.599999999999999964e-04 8.897660585587134125e-10
-6.466666666666669172e-04 9.595562911047288243e-10
-6.333333333333329707e-04 1.032748517349924662e-09
-6.199999999999998915e-04 1.105396126951732793e-09
-6.066666666666668123e-04 1.182606653042024408e-09
-5.933333333333328657e-04 1.264635654773504578e-09
-5.799999999999997866e-04 1.345952946597871074e-09
-5.666666666666667074e-04 1.429287102502547303e-09
-5.533333333333336282e-04 1.517708499899033778e-09
-5.399999999999996816e-04 1.604015698655885357e-09
-5.266666666666666025e-04 1.693244327525786457e-09
-5.133333333333335233e-04 1.785060648992293667e-09
-4.999999999999995767e-04 1.875770741119705607e-09
-4.866666666666664975e-04 1.970813119314505896e-09
-4.733333333333334184e-04 2.065105747099739342e-09
-4.599999999999994718e-04 2.164188020487111793e-09
-4.466666666666663926e-04 2.266565845120744754e-09
-4.333333333333333134e-04 2.377137902980310318e-09
-4.200000000000002343e-04 2.496805017027219511e-09
-4.066666666666662877e-04 2.641562783468578105e-09
-3.933333333333332085e-04 2.816841787126785946e-09
-3.800000000000001293e-04 3.034934031311433593e-09
-3.666666666666661828e-04 3.370002930740701121e-09
-3.533333333333331036e-04 3.870436476516853035e-09
-3.400000000000000244e-04 4.642856775854721630e-09
-3.266666666666669452e-04 5.872288160538629686e-09
-3.133333333333329987e-04 7.875167536398142123e-09
-2.999999999999999195e-04 1.118753270588174278e-08
-2.866666666666668403e-04 1.670260753219879252e-08
-2.733333333333328938e-04 2.587839947030402590e-08
-2.599999999999998146e-04 4.104160952989949949e-08
-2.466666666666667354e-04 6.582073493418995629e-08
-2.333333333333327889e-04 1.057489254689534472e-07
-2.199999999999997097e-04 1.690859637673229987e-07
-2.066666666666666305e-04 2.756132240850813490e-07
-1.933333333333335513e-04 4.431116744697484712e-07
-1.799999999999996048e-04 6.996843255774537481e-07
-1.666666666666673929e-04 1.113820060455927934e-06
-1.533333333333334464e-04 1.745460226577304609e-06
-1.399999999999994998e-04 2.711660400439447197e-06
-1.266666666666672880e-04 4.192837060168968758e-06
-1.133333333333333415e-04 6.403943127508800049e-06
-9.999999999999939493e-05 9.718897233571454004e-06
-8.666666666666718311e-05 1.464563650097852704e-05
-7.333333333333323656e-05 2.176023076616264351e-05
-5.999999999999929001e-05 3.241170860096919364e-05
-4.666666666666707819e-05 4.759119989530462638e-05
-3.333333333333313164e-05 6.951832537574139954e-05
-1.999999999999918510e-05 1.013400552631621990e-04
-6.666666666666973273e-06 1.461604576531521336e-04
6.666666666666973273e-06 2.102872294127449597e-04
2.000000000000091982e-05 3.022104588602286986e-04
3.333333333333313164e-05 4.304345039216630705e-04
4.666666666666707819e-05 6.122366591307756194e-04
5.999999999999929001e-05 8.675460265206202991e-04
7.333333333333323656e-05 1.211046683482397109e-03
8.666666666666718311e-05 1.674944007158086666e-03
9.999999999999939493e-05 2.250527991155371749e-03
1.133333333333333415e-04 2.917777943762609166e-03
1.266666666666672880e-04 3.612943857712260561e-03
1.399999999999994998e-04 4.257732791347658592e-03
1.533333333333334464e-04 4.770438362211179562e-03
1.666666666666673929e-04 5.110324232874840361e-03
1.799999999999996048e-04 5.266400529892804189e-03
1.933333333333335513e-04 5.230238193159419784e-03
2.066666666666674979e-04 5.051515129398491399e-03
2.199999999999997097e-04 4.756715962723799887e-03
2.333333333333336562e-04 4.369424644398393377e-03
2.466666666666676028e-04 3.936930394841647168e-03
2.599999999999998146e-04 3.485610426718619738e-03
2.733333333333337611e-04 3.037515798865382879e-03
2.866666666666659730e-04 2.609715946512718762e-03
2.999999999999999195e-04 2.214182621559966993e-03
3.133333333333338661e-04 1.858116535381578631e-03
3.266666666666660779e-04 1.544596116997744902e-03
3.400000000000000244e-04 1.273421167894743088e-03
3.533333333333339710e-04 1.042036846707265589e-03
3.666666666666661828e-04 8.464477051743676383e-04
3.800000000000001293e-04 6.824616821593011435e-04
3.933333333333340759e-04 5.540047869256496194e-04
4.066666666666662877e-04 4.472460529041360350e-04
4.200000000000002343e-04 3.578600697312428534e-04
4.333333333333341808e-04 2.901212260880400092e-04
4.466666666666663926e-04 2.344426707410057222e-04
4.600000000000003392e-04 1.887338969271702411e-04
4.733333333333342857e-04 1.547586724047115658e-04
4.866666666666664975e-04 1.249364130840177546e-04
5.000000000000004441e-04 1.038619023996058190e-04
5.133333333333326559e-04 8.502878957339832146e-05
5.266666666666666025e-04 7.109445870718338295e-05
5.400000000000005490e-04 5.954810901541519793e-05
5.533333333333327608e-04 4.944742542888122658e-05
5.666666666666667074e-04 4.254302936498800987e-05
5.800000000000006539e-04 3.603587120013754009e-05
5.933333333333328657e-04 3.058389011085842159e-05
6.066666666666668123e-04 2.676542869531543085e-05
6.200000000000007588e-04 2.317126798963365370e-05
6.333333333333329707e-04 1.978951167978638086e-05
6.466666666666669172e-04 1.751465431741167620e-05
6.600000000000008638e-04 1.555662648770635888e-05
6.733333333333330756e-04 1.371616368443946530e-05
6.866666666666670221e-04 1.198671873690890546e-05
7.000000000000009687e-04 1.056202192930397226e-05
7.133333333333331805e-04 9.570733868443390561e-06
7.266666666666671270e-04 8.639971351235787097e-06
7.399999999999993389e-04 7.766240092936027762e-06
7.533333333333332854e-04 6.946222883892304086e-06
7.666666666666672320e-04 6.176773709982648125e-06
7.799999999999994438e-04 5.486048092390956568e-06
7.933333333333333903e-04 5.053797415607204301e-06
8.066666666666673369e-04 4.648419930508799477e-06
8.199999999999995487e-04 4.268304653279044955e-06
8.333333333333334952e-04 3.911929812565372380e-06
8.466666666666674418e-04 3.577858829718552156e-06
8.599999999999996536e-04 3.264736359201160714e-06
8.733333333333336002e-04 2.971284407135435182e-06
8.866666666666675467e-04 2.696298542584616557e-06
8.999999999999997585e-04 2.438644213194851050e-06
9.133333333333337051e-04 2.197253174233212189e-06
9.266666666666659169e-04 2.020993514971453387e-06
9.399999999999998634e-04 1.891828342990446360e-06
9.533333333333338100e-04 1.770848014099264586e-06
9.666666666666660218e-04 1.657542591421521321e-06
9.799999999999999684e-04 1.551432827434395183e-06
9.933333333333339149e-04 1.452068451949542619e-06
1.006666666666666127e-03 1.359026538421865767e-06
1.020000000000000073e-03 1.271909947314616444e-06
1.033333333333334020e-03 1.190345844898633903e-06
1.046666666666666232e-03 1.113984295582759451e-06
1.060000000000000178e-03 1.042496925653383150e-06
1.073333333333334125e-03 9.755756561320124371e-07
1.086666666666666337e-03 9.129315023384791355e-07
1.100000000000000283e-03 8.542934376609974424e-07
1.113333333333334230e-03 7.994073189845947986e-07
1.126666666666666441e-03 7.480348712041667533e-07
1.140000000000000388e-03 6.999527282481551503e-07
1.153333333333332600e-03 6.549515280574828412e-07
1.166666666666666546e-03 6.128350589983692469e-07
1.180000000000000493e-03 5.734194552367403524e-07
1.193333333333332705e-03 5.365324386577572979e-07
1.206666666666666651e-03 5.020126049823933679e-07
1.220000000000000598e-03 4.697087518044450943e-07
1.233333333333332810e-03 4.394792463486836867e-07
1.246666666666666756e-03 4.111914308317313142e-07
1.260000000000000703e-03 3.847210633903938438e-07
1.273333333333332915e-03 3.599517926249504170e-07
1.286666666666666861e-03 3.367746638899888913e-07
1.300000000000000808e-03 3.150876555490678410e-07
1.313333333333333020e-03 2.947952434917958740e-07
1.326666666666666966e-03 2.758079922936824177e-07
1.340000000000000913e-03 2.580421714786145246e-07
1.353333333333333124e-03 2.414193954211362875e-07
1.366666666666667071e-03 2.258662855012985502e-07
1.379999999999999283e-03 2.113141531965145633e-07
1.393333333333333229e-03 1.976987028659807103e-07
1.406666666666667176e-03 1.849597530499260415e-07
1.419999999999999388e-03 1.730409751702560670e-07
1.433333333333333334e-03 1.618896485817479153e-07
1.446666666666667281e-03 1.514564309813786737e-07
1.459999999999999493e-03 1.416951432393821139e-07
1.473333333333333439e-03 1.325625677705645183e-07
1.486666666666667386e-03 1.240182596135254511e-07
1.499999999999999598e-03 1.160243694356346256e-07
1.513333333333333544e-03 1.085454777263888072e-07
1.526666666666667491e-03 1.015484394857995687e-07
1.539999999999999702e-03 9.500223875567334574e-08
1.553333333333333649e-03 8.887785238045966073e-08
1.566666666666667596e-03 8.314812242148097768e-08
1.579999999999999807e-03 7.778763668302421876e-08
1.593333333333333754e-03 7.277261684131921627e-08
1.606666666666665966e-03 6.808081369927116898e-08
1.619999999999999912e-03 6.369140911840958025e-08
1.633333333333333859e-03 5.958492420650615223e-08
1.646666666666666071e-03 5.574313336700451092e-08
1.660000000000000017e-03 5.214898383902154802e-08
1.673333333333333964e-03 4.878652038023970538e-08
1.686666666666666176e-03 4.564081476729668530e-08
1.700000000000000122e-03 4.269789980743767131e-08
1.713333333333334069e-03 3.994470757539947399e-08
1.726666666666666280e-03 3.736901160622549930e-08
1.740000000000000227e-03 3.495937279301212571e-08
1.753333333333334174e-03 3.270508875274874603e-08
1.766666666666666385e-03 3.059614644004009295e-08
1.780000000000000332e-03 2.862317780077319355e-08
1.793333333333334279e-03 2.677741827201273919e-08
1.806666666666666490e-03 2.505066794634993947e-08
1.820000000000000437e-03 2.343525522988580693e-08
1.833333333333332649e-03 2.192400283526230837e-08
1.846666666666666595e-03 2.051019595922002819e-08
1.860000000000000542e-03 1.918755250588576141e-08
1.873333333333332754e-03 1.795019522361970030e-08
1.886666666666666700e-03 1.679262563391946083e-08
1.900000000000000647e-03 1.570969963654338354e-08
1.913333333333332859e-03 1.469660468409861961e-08
1.926666666666666805e-03 1.374883842480515406e-08
1.940000000000000752e-03 1.286218871949519804e-08
1.953333333333332963e-03 1.203271494451830741e-08
1.966666666666666910e-03 1.125673049839308877e-08
1.980000000000000857e-03 1.053078643387562180e-08
1.993333333333333068e-03 9.851656144325079316e-09
2.006666666666667015e-03 9.216321035698876250e-09
2.020000000000000961e-03 8.621957121376974752e-09
2.033333333333333173e-03 8.065922480211038261e-09
2.046666666666667120e-03 7.545745522230541969e-09
2.059999999999999332e-03 7.059114010242626460e-09
2.073333333333333278e-03 6.603864788677286108e-09
2.086666666666667225e-03 6.177974173998851316e-09
2.099999999999999437e-03 5.779548964343709322e-09
2.113333333333333383e-03 5.406818028242287790e-09
2.126666666666667330e-03 5.058124435430147888e-09
2.139999999999999541e-03 4.731918094820458199e-09
2.153333333333333488e-03 4.426748866610069478e-09
2.166666666666667435e-03 4.141260118569177247e-09
2.179999999999999646e-03 3.874182697535481526e-09
2.193333333333333593e-03 3.624329289272666680e-09
2.206666666666667539e-03 3.390589142033862455e-09
2.219999999999999751e-03 3.171923130316597204e-09
2.233333333333333698e-03 2.967359136458872340e-09
2.246666666666665910e-03 2.775987730288744832e-09
2.259999999999999856e-03 2.596958127180285468e-09
2.273333333333333803e-03 2.429474406411367372e-09
2.286666666666666015e-03 2.272791973800986994e-09
2.299999999999999961e-03 2.126214251874430096e-09
2.313333333333333908e-03 1.989089583769031912e-09
2.326666666666666120e-03 1.860808336755673929e-09
2.340000000000000066e-03 1.740800192190047572e-09
2.353333333333334013e-03 1.628531610405525602e-09
2.366666666666666224e-03 1.523503459214755447e-09
2.380000000000000171e-03 1.425248795024661277e-09
2.393333333333334118e-03 1.333330787089980249e-09
2.406666666666666329e-03 1.247340775679323521e-09
2.420000000000000276e-03 1.166896455570927297e-09
2.433333333333334222e-03 1.091640176430783012e-09
2.446666666666666434e-03 1.021237352719942181e-09
2.460000000000000381e-03 9.553749766328817373e-10
2.473333333333332593e-03 8.937602263613419978e-10
2.486666666666666539e-03 8.361191642944151506e-10
2.500000000000000486e-03 7.821955194650220209e-10
2.513333333333332698e-03 7.317495479935442211e-10
2.526666666666666644e-03 6.845569673665606162e-10
2.540000000000000591e-03 6.404079593314947304e-10
2.553333333333332802e-03 5.991062371219092376e-10
2.566666666666666749e-03 5.604681727725487800e-10
2.580000000000000696e-03 5.243219807809907803e-10
2.593333333333332907e-03 4.905069544565590632e-10
2.606666666666666854e-03 4.588727512749674301e-10
2.620000000000000800e-03 4.292787246019915505e-10
2.633333333333333012e-03 4.015932983633810992e-10
2.646666666666666959e-03 3.756933820883780683e-10
2.660000000000000905e-03 3.514638237344931998e-10
2.673333333333333117e-03 3.287968975927668327e-10
2.686666666666667064e-03 3.075918254598553786e-10
2.699999999999999276e-03 2.877543284402414248e-10
2.713333333333333222e-03 2.691962080133927716e-10
2.726666666666667169e-03 2.518349538080234786e-10
2.739999999999999380e-03 2.355933765901447133e-10
2.753333333333333327e-03 2.203992653855819111e-10
2.766666666666667274e-03 2.061850662185365645e-10
2.779999999999999485e-03 1.928875818624615314e-10
2.793333333333333432e-03 1.804476908684454016e-10
2.806666666666667379e-03 1.688100845995753851e-10
2.819999999999999590e-03 1.579230214827304707e-10
2.833333333333333537e-03 1.477380968489633910e-10
2.846666666666667483e-03 1.382100278573076707e-10
2.859999999999999695e-03 1.292964519347732956e-10
2.873333333333333642e-03 1.209577387325305885e-10
2.886666666666667588e-03 1.131568136688064691e-10
2.899999999999999800e-03 1.058589932605584328e-10
2.913333333333333747e-03 9.903183087136121048e-11
2.926666666666665959e-03 9.264497232352374405e-11
2.939999999999999905e-03 8.667002120686993752e-11
2.953333333333333852e-03 8.108041239333639941e-11
2.966666666666666063e-03 7.585129404077162808e-11
2.980000000000000010e-03 7.095941705096843875e-11
2.993333333333333957e-03 6.638303177986442697e-11
3.006666666666666168e-03 6.210179119657854588e-11
3.020000000000000115e-03 5.809666052331802078e-11
3.033333333333334061e-03 5.434983269328377366e-11
3.046666666666666273e-03 5.084464896863018105e-11
3.060000000000000220e-03 4.756552499939901322e-11
3.073333333333334166e-03 4.449788155952287955e-11
3.086666666666666378e-03 4.162807957794542520e-11
3.100000000000000325e-03 3.894335971620795222e-11
3.113333333333334271e-03 3.643178547231949014e-11
3.126666666666666483e-03 3.408219017807776649e-11
3.140000000000000430e-03 3.188412728857378446e-11
3.153333333333332641e-03 2.982782408462645691e-11
3.166666666666666588e-03 2.790413804642007658e-11
3.180000000000000535e-03 2.610451626551202774e-11
3.193333333333332746e-03 2.442095753543598926e-11
3.206666666666666693e-03 2.284597649992002314e-11
3.220000000000000639e-03 2.137257072365689102e-11
3.233333333333332851e-03 1.999418937713154033e-11
3.246666666666666798e-03 1.870470392731502438e-11
3.260000000000000744e-03 1.749838126053299997e-11
3.273333333333332956e-03 1.636985797336952717e-11
3.286666666666666903e-03 1.531411656594043906e-11
3.300000000000000849e-03 1.432646309397869150e-11
3.313333333333333061e-03 1.340250634380107085e-11
3.326666666666667008e-03 1.253813837737530890e-11
3.340000000000000954e-03 1.172951608278463112e-11
3.353333333333333166e-03 1.097304425496630182e-11
3.366666666666667113e-03 1.026535956849395099e-11
3.379999999999999324e-03 9.603315609969943909e-12
3.393333333333333271e-03 8.983968836960458392e-12
3.406666666666667218e-03 8.404565638432142793e-12
3.419999999999999429e-03 7.862529900351697935e-12
3.433333333333333376e-03 7.355451648144944754e-12
3.446666666666667322e-03 6.881076418561867454e-12
3.459999999999999534e-03 6.437295055385659085e-12
3.473333333333333481e-03 6.022134508074976803e-12
3.486666666666667427e-03 5.633748916254491697e-12
3.499999999999999639e-03 5.270411470431373232e-12
3.513333333333333586e-03 4.930506738447350301e-12
3.526666666666667532e-03 4.612523514343156948e-12
3.539999999999999744e-03 4.315047994962817756e-12
3.553333333333333691e-03 4.036757511005039907e-12
3.566666666666667637e-03 3.776414893840626217e-12
3.579999999999999849e-03 3.532862477626891536e-12
3.593333333333333796e-03 3.305017560234031400e-12
3.606666666666666007e-03 3.091866967199273336e-12
3.619999999999999954e-03 2.892463197703443904e-12
3.633333333333333900e-03 2.705919506009089466e-12
3.646666666666666112e-03 2.531406596955728233e-12
3.660000000000000059e-03 2.368148574799663305e-12
3.673333333333334005e-03 2.215419500713512728e-12
3.686666666666666217e-03 2.072540452984442840e-12
3.700000000000000164e-03 1.938876042622137874e-12
3.713333333333334110e-03 1.813832097002002976e-12
3.726666666666666322e-03 1.696852577139256940e-12
3.740000000000000269e-03 1.587417463397304228e-12
3.753333333333334215e-03 1.485040111391092460e-12
3.766666666666666427e-03 1.389265393973257343e-12
3.780000000000000374e-03 1.299667495766747741e-12
3.793333333333332585e-03 1.215848018187828569e-12
3.806666666666666532e-03 1.137434330890020537e-12
3.820000000000000479e-03 1.064077755641804108e-12
3.833333333333332690e-03 9.954521444778187624e-13
3.846666666666666637e-03 9.312524529216452373e-13
3.860000000000000583e-03 8.711931949265387817e-13
3.873333333333332795e-03 8.150073019464954612e-13
3.886666666666666742e-03 7.624450263630885387e-13
3.900000000000000688e-03 7.132726699534394205e-13
3.913333333333332900e-03 6.672715538507059190e-13
3.926666666666666847e-03 6.242371881055290915e-13
3.940000000000000793e-03 5.839782613601962173e-13
3.953333333333333005e-03 5.463157512690625848e-13
3.966666666666666952e-03 5.110821803073253307e-13
3.980000000000000898e-03 4.781209504344970433e-13
3.993333333333333110e-03 4.472854904779675127e-13
4.006666666666667057e-03 4.184386992216893221e-13
4.019999999999999268e-03 3.914523515317221639e-13
4.033333333333333215e-03 3.662063985207755929e-13
4.046666666666667161e-03 3.425886669146668598e-13
4.059999999999999373e-03 3.204940433990237849e-13
4.073333333333333320e-03 2.998244425845632218e-13
4.086666666666667266e-03 2.804878558222783790e-13
4.099999999999999478e-03 2.623983610602767822e-13
4.113333333333333425e-03 2.454754796851376035e-13
4.126666666666667371e-03 2.296440557756531039e-13
4.139999999999999583e-03 2.148335883020927208e-13
4.153333333333333530e-03 2.009783272303680057e-13
4.166666666666667476e-03 1.880166303633902062e-13
4.179999999999999688e-03 1.758908721653239051e-13
4.193333333333333635e-03 1.645471234143706953e-13
4.206666666666667581e-03 1.539350033502075622e-13
4.219999999999999793e-03 1.440073001857458105e-13
4.233333333333333739e-03 1.347198158619414790e-13
4.246666666666665951e-03 1.260313192278175922e-13
4.259999999999999898e-03 1.179031936585258688e-13
4.273333333333333844e-03 1.102992571680637950e-13
4.286666666666666056e-03 1.031857032682498132e-13
4.300000000000000003e-03 9.653095311616194426e-14
4.313333333333333949e-03 9.030540170057397537e-14
4.326666666666666161e-03 8.448134145146524918e-14
4.340000000000000108e-03 7.903285874322769535e-14
4.353333333333334054e-03 7.393578214626934006e-14
4.366666666666666266e-03 6.916746311238137014e-14
4.380000000000000213e-03 6.470660840850186439e-14
4.393333333333334159e-03 6.053350928818603597e-14
4.406666666666666371e-03 5.662951168659431585e-14
4.420000000000000318e-03 5.297733903191820650e-14
4.433333333333334264e-03 4.956064868769587046e-14
4.446666666666666476e-03 4.636433258635379191e-14
4.460000000000000422e-03 4.337415499043118551e-14
4.473333333333332634e-03 4.057684120411684720e-14
4.486666666666666581e-03 3.795990261438474146e-14
4.500000000000000527e-03 3.551174758041514523e-14
4.513333333333332739e-03 3.322152618840505654e-14
4.526666666666666686e-03 3.107896022112252975e-14
4.540000000000000632e-03 2.907458957884244430e-14
4.553333333333332844e-03 2.719947411001419816e-14
4.566666666666666791e-03 2.544528725121733490e-14
4.580000000000000737e-03 2.380421992299655215e-14
4.593333333333332949e-03 2.226905938456116370e-14
4.606666666666666896e-03 2.083282945921885400e-14
4.620000000000000842e-03 1.948927598361917882e-14
4.633333333333333054e-03 1.823233453853225897e-14
4.646666666666667000e-03 1.705648283078696064e-14
4.660000000000000947e-03 1.595647455866022969e-14
4.673333333333333159e-03 1.492736898238940881e-14
4.686666666666667105e-03 1.396468616936176580e-14
4.699999999999999317e-03 1.306405461217632732e-14
4.713333333333333264e-03 1.222152171902295428e-14
4.726666666666667210e-03 1.143330985695593607e-14
4.739999999999999422e-03 1.069595188340865480e-14
4.753333333333333369e-03 1.000614575784147567e-14
4.766666666666667315e-03 9.360776719625965965e-15
4.779999999999999527e-03 8.757099639537385452e-15
4.793333333333333474e-03 8.192342282048055374e-15
4.806666666666667420e-03 7.663949262053792620e-15
4.819999999999999632e-03 7.169700326923099776e-15
4.833333333333333579e-03 6.707298833534379427e-15
4.846666666666667525e-03 6.274753700726418398e-15
4.859999999999999737e-03 5.870061526291214134e-15
4.873333333333333683e-03 5.491489971050136789e-15
4.886666666666667630e-03 5.137304231615199906e-15
4.899999999999999842e-03 4.805983890812556846e-15
4.913333333333333788e-03 4.496050423027444710e-15
4.926666666666666000e-03 4.206077051041618686e-15
4.939999999999999947e-03 3.934807028082531059e-15
4.953333333333333893e-03 3.681064926286446561e-15
4.966666666666666105e-03 3.443640818858616812e-15
4.980000000000000052e-03 3.221573664149448334e-15
4.993333333333333998e-03 3.013784138460163905e-15
5.006666666666666210e-03 2.819402375887412891e-15
5.020000000000000157e-03 2.637597937877569814e-15
5.033333333333334103e-03 2.467510815364715233e-15
5.046666666666666315e-03 2.308315498213939658e-15
5.060000000000000261e-03 2.159489574041361624e-15
5.073333333333334208e-03 2.020212461130787631e-15
5.086666666666666420e-03 1.889912462911176321e-15
5.100000000000000366e-03 1.768032668067634498e-15
5.113333333333332578e-03 1.654003844238478799e-15
5.126666666666666525e-03 1.547352863226984496e-15
5.140000000000000471e-03 1.447515421090185199e-15
5.153333333333332683e-03 1.354183491658338080e-15
5.166666666666666630e-03 1.266842055175634868e-15
5.180000000000000576e-03 1.185141193913248402e-15
5.193333333333332788e-03 1.108686634373908996e-15
5.206666666666666735e-03 1.037222098784390921e-15
5.220000000000000681e-03 9.703188147164135509e-16
5.233333333333332893e-03 9.077476106996885073e-16
5.246666666666666839e-03 8.492201742393373126e-16
5.260000000000000786e-03 7.944605138872712658e-16
5.273333333333332998e-03 7.432172802889806268e-16
5.286666666666666944e-03 6.952711588116090937e-16
5.300000000000000891e-03 6.504521190094589765e-16
5.313333333333333103e-03 6.084940262718732572e-16
5.326666666666667049e-03 5.692293143625122406e-16
5.339999999999999261e-03 5.325224517666893737e-16
5.353333333333333208e-03 4.981565880609061519e-16
5.366666666666667154e-03 4.660504043363507225e-16
5.379999999999999366e-03 4.359796575414510897e-16
5.393333333333333313e-03 4.078605645580371101e-16
5.406666666666667259e-03 3.815699149182119578e-16
5.419999999999999471e-03 3.569672486885734354e-16
5.433333333333333418e-03 3.339293554012245690e-16
5.446666666666667364e-03 3.124094150783646426e-16
5.459999999999999576e-03 2.922743604146650486e-16
5.473333333333333522e-03 2.733985167328710649e-16
5.486666666666667469e-03 2.557818840329826422e-16
5.499999999999999681e-03 2.392938592190291183e-16
5.513333333333333627e-03 2.238481949634828481e-16
5.526666666666667574e-03 2.094005354979007897e-16
5.539999999999999786e-03 1.959065250538402467e-16
5.553333333333333732e-03 1.832380247446884282e-16
5.566666666666665944e-03 1.714763534792572364e-16
5.579999999999999891e-03 1.604120534621221262e-16
5.593333333333333837e-03 1.500451246932830484e-16
5.606666666666666049e-03 1.403681745446661914e-16
5.619999999999999996e-03 1.313442398759025221e-16
5.633333333333333942e-03 1.228402533816634824e-16
5.646666666666666154e-03 1.149424623894768159e-16
5.660000000000000100e-03 1.075227280127298550e-16
5.673333333333334047e-03 1.005810502514225876e-16
5.686666666666666259e-03 9.411496489619706804e-17
5.700000000000000205e-03 8.804068882888346119e-17
5.713333333333334152e-03 8.235329363076590088e-17
5.726666666666666364e-03 7.706017192991817399e-17
5.740000000000000310e-03 7.207507639881253681e-17
5.753333333333334257e-03 6.743250596846005232e-17
5.766666666666666469e-03 6.304867752069093452e-17
5.780000000000000415e-03 5.901230259239086021e-17
5.793333333333332627e-03 5.519524229694714336e-17
5.806666666666666574e-03 5.163938819344469547e-17
5.820000000000000520e-03 4.829545609472478735e-17
5.833333333333332732e-03 4.521273018794616052e-17
5.846666666666666679e-03 4.226307158649610431e-17
5.860000000000000625e-03 3.957461917698732322e-17
5.873333333333332837e-03 3.701430565409124662e-17
5.886666666666666783e-03 3.462895099560865829e-17
5.900000000000000730e-03 3.241116257346576519e-17
5.913333333333332942e-03 3.028947831628239121e-17
5.926666666666666888e-03 2.833782450479663937e-17
5.940000000000000835e-03 2.651184537056565278e-17
5.953333333333333047e-03 2.477950619193625533e-17
5.966666666666666993e-03 2.321473324964654077e-17
5.980000000000000940e-03 2.173867184424254614e-17
5.993333333333333152e-03 2.030943041663934452e-17
6.006666666666667098e-03 1.900832787564884432e-17
6.019999999999999310e-03 1.775158110310120408e-17
6.033333333333333257e-03 1.662050900780832292e-17
6.046666666666667203e-03 1.557814844940116169e-17
6.059999999999999415e-03 1.453825210035193660e-17
6.073333333333333361e-03 1.362403042855747523e-17
6.086666666666667308e-03 1.271966559419476001e-17
6.099999999999999520e-03 1.193604701837093619e-17
6.113333333333333466e-03 1.114996423318917623e-17
6.126666666666667413e-03 1.045505719425106771e-17
6.139999999999999625e-03 9.725651224301846923e-18
6.153333333333333571e-03 9.156418862618502121e-18
6.166666666666667518e-03 8.550223360566110436e-18
6.179999999999999730e-03 7.985919417598639476e-18
6.193333333333333676e-03 7.463507033716090782e-18
6.206666666666667623e-03 6.990378836992272807e-18
6.219999999999999835e-03 6.514786430910517140e-18
6.233333333333333781e-03 6.120512933640669083e-18
6.246666666666665993e-03 5.731167855086694099e-18
6.259999999999999939e-03 5.381250126259702919e-18
6.273333333333333886e-03 4.991905047705727934e-18
6.286666666666666098e-03 4.686343087321595171e-18
6.300000000000000044e-03 4.383245336295398558e-18
6.313333333333333991e-03 4.122039144354124211e-18
6.326666666666666203e-03 3.823869812043800670e-18
6.340000000000000149e-03 3.602090969829510898e-18
6.353333333333334096e-03 3.345813196604108852e-18
6.366666666666666308e-03 3.170854332190614032e-18
6.380000000000000254e-03 2.951539699334260411e-18
6.393333333333334201e-03 2.739617694551716782e-18
6.406666666666666413e-03 2.564658830138221577e-18
6.420000000000000359e-03 2.392164175082662523e-18
6.433333333333332571e-03 2.256632660396152278e-18
6.446666666666666518e-03 2.089066424056466680e-18
6.460000000000000464e-03 1.955999118727892586e-18
6.473333333333332676e-03 1.827860232115191563e-18
6.486666666666666622e-03 1.736684485871539349e-18
6.500000000000000569e-03 1.606081389900901983e-18
6.513333333333332781e-03 1.480406712646137882e-18
6.526666666666666727e-03 1.391695175760422011e-18
6.540000000000000674e-03 1.302983638874705948e-18
6.553333333333332886e-03 1.216736311346926614e-18
6.566666666666666832e-03 1.174844752262005311e-18
6.580000000000000779e-03 1.086133215376289248e-18
6.593333333333332991e-03 1.041777446933431216e-18
6.606666666666666937e-03 9.136385603207303860e-19
6.620000000000000884e-03 8.692827918778723545e-19
6.633333333333333096e-03 8.298554421508875874e-19
6.646666666666667042e-03 7.854996737080296522e-19
6.659999999999999254e-03 7.411439052651716207e-19
6.673333333333333200e-03 6.967881368223136854e-19
6.686666666666667147e-03 6.524323683794556539e-19
6.699999999999999359e-03 6.105408092945342546e-19
6.713333333333333305e-03 5.661850408516763194e-19
6.726666666666667252e-03 5.218292724088182879e-19
6.739999999999999464e-03 4.848661320397699604e-19
6.753333333333333410e-03 4.824019226818334245e-19
6.766666666666667357e-03 4.380461542389754893e-19
6.779999999999999569e-03 3.961545951540540900e-19
6.793333333333333515e-03 3.936903857961175541e-19
6.806666666666667462e-03 3.517988267111961548e-19
6.819999999999999674e-03 3.493346173532596189e-19
6.833333333333333620e-03 3.074430582683381233e-19
6.846666666666667567e-03 2.655514991834167239e-19
6.859999999999999779e-03 2.655514991834167239e-19
6.873333333333333725e-03 2.211957307405587887e-19
6.886666666666665937e-03 2.211957307405587887e-19
6.899999999999999883e-03 2.211957307405587887e-19
6.913333333333333830e-03 1.768399622977008054e-19
6.926666666666666042e-03 1.768399622977008054e-19
6.939999999999999988e-03 1.768399622977008054e-19
6.953333333333333935e-03 1.768399622977008054e-19
6.966666666666666147e-03 1.374126125707159179e-19
6.980000000000000093e-03 1.374126125707159179e-19
6.993333333333334040e-03 1.374126125707159179e-19
7.006666666666666252e-03 1.374126125707159179e-19
7.020000000000000198e-03 1.349484032127793579e-19
7.033333333333334145e-03 1.349484032127793579e-19
7.046666666666666357e-03 9.305684412785795861e-20
7.060000000000000303e-03 9.305684412785795861e-20
7.073333333333334250e-03 9.305684412785795861e-20
7.086666666666666461e-03 9.305684412785795861e-20
7.100000000000000408e-03 9.305684412785795861e-20
7.113333333333332620e-03 9.059263476992141066e-20
7.126666666666666566e-03 9.059263476992141066e-20
7.140000000000000513e-03 9.059263476992141066e-20
7.153333333333332725e-03 4.870107568499998728e-20
7.166666666666666671e-03 4.870107568499998728e-20
7.180000000000000618e-03 4.870107568499998728e-20
7.193333333333332830e-03 4.870107568499998728e-20
7.206666666666666776e-03 4.870107568499998728e-20
7.220000000000000723e-03 4.870107568499998728e-20
7.233333333333332935e-03 4.870107568499998728e-20
7.246666666666666881e-03 4.870107568499998728e-20
7.260000000000000828e-03 4.870107568499998728e-20
7.273333333333333039e-03 4.870107568499998728e-20
7.286666666666666986e-03 4.870107568499998728e-20
7.300000000000000933e-03 4.623686632706343332e-20
7.313333333333333144e-03 4.623686632706343332e-20
7.326666666666667091e-03 4.623686632706343332e-20
7.339999999999999303e-03 4.623686632706343332e-20
7.353333333333333249e-03 4.623686632706343332e-20
7.366666666666667196e-03 4.623686632706343332e-20
7.379999999999999408e-03 4.623686632706343332e-20
7.393333333333333354e-03 4.623686632706343332e-20
7.406666666666667301e-03 4.345307242142015955e-21
7.419999999999999513e-03 4.345307242142015955e-21
7.433333333333333459e-03 4.345307242142015955e-21
7.446666666666667406e-03 4.345307242142015955e-21
7.459999999999999618e-03 4.345307242142015955e-21
7.473333333333333564e-03 4.345307242142015955e-21
7.486666666666667511e-03 4.345307242142015955e-21
7.499999999999999722e-03 4.345307242142015955e-21
7.513333333333333669e-03 4.345307242142015955e-21
7.526666666666667616e-03 4.345307242142015955e-21
7.539999999999999827e-03 4.345307242142015955e-21
7.553333333333333774e-03 4.345307242142015955e-21
7.566666666666665986e-03 4.345307242142015955e-21
7.579999999999999932e-03 4.345307242142015955e-21
7.593333333333333879e-03 4.345307242142015955e-21
7.606666666666666091e-03 4.345307242142015955e-21
7.620000000000000037e-03 4.345307242142015955e-21
7.633333333333333984e-03 4.345307242142015955e-21
7.646666666666667930e-03 4.345307242142015955e-21
7.659999999999998407e-03 4.345307242142015955e-21
7.673333333333332354e-03 4.345307242142015955e-21
7.686666666666666300e-03 4.345307242142015955e-21
7.700000000000000247e-03 4.345307242142015955e-21
7.713333333333334194e-03 4.345307242142015955e-21
7.726666666666668140e-03 4.345307242142015955e-21
7.739999999999998617e-03 4.345307242142015955e-21
7.753333333333332564e-03 4.345307242142015955e-21
7.766666666666666510e-03 4.345307242142015955e-21
7.780000000000000457e-03 4.345307242142015955e-21
7.793333333333334403e-03 4.345307242142015955e-21
7.806666666666668350e-03 4.345307242142015955e-21
7.819999999999998827e-03 4.345307242142015955e-21
7.833333333333332774e-03 4.345307242142015955e-21
7.846666666666666720e-03 4.345307242142015955e-21
7.860000000000000667e-03 4.345307242142015955e-21
7.873333333333334613e-03 4.345307242142015955e-21
7.886666666666665090e-03 4.345307242142015955e-21
7.899999999999999037e-03 4.345307242142015955e-21
7.913333333333332983e-03 4.345307242142015955e-21
7.926666666666666930e-03 4.345307242142015955e-21
7.940000000000000877e-03 4.345307242142015955e-21
7.953333333333334823e-03 4.345307242142015955e-21
7.966666666666665300e-03 4.345307242142015955e-21
7.979999999999999247e-03 4.345307242142015955e-21
7.993333333333333193e-03 4.345307242142015955e-21
