-7.993333333333333193e-03 -4.029547488325520288e-18
-7.979999999999999247e-03 -4.029547488325520288e-18
-7.966666666666667035e-03 -4.029547488325520288e-18
-7.953333333333333088e-03 -4.029547488325520288e-18
-7.939999999999999142e-03 -4.029547488325520288e-18
-7.926666666666666930e-03 -4.029547488325520288e-18
-7.913333333333332983e-03 -4.029547488325520288e-18
-7.899999999999999037e-03 -4.029547488325520288e-18
-7.886666666666666825e-03 -4.029547488325520288e-18
-7.873333333333332879e-03 -4.029547488325520288e-18
-7.860000000000000667e-03 -4.029547488325520288e-18
-7.846666666666666720e-03 -4.029547488325520288e-18
-7.833333333333332774e-03 -4.029547488325520288e-18
-7.820000000000000562e-03 -4.029547488325520288e-18
-7.806666666666666615e-03 -4.029547488325520288e-18
-7.793333333333333536e-03 -4.029547488325520288e-18
-7.779999999999999589e-03 -4.029547488325520288e-18
-7.766666666666666510e-03 -4.029547488325520288e-18
-7.753333333333333431e-03 -4.029547488325520288e-18
-7.739999999999999485e-03 -4.029547488325520288e-18
-7.726666666666666405e-03 -4.029547488325520288e-18
-7.713333333333333326e-03 -4.029547488325520288e-18
-7.700000000000000247e-03 -4.029547488325520288e-18
-7.686666666666666300e-03 -4.029547488325520288e-18
-7.673333333333333221e-03 -4.029547488325520288e-18
-7.660000000000000142e-03 -4.029547488325520288e-18
-7.646666666666666196e-03 -4.029547488325520288e-18
-7.633333333333333116e-03 -4.029547488325520288e-18
-7.620000000000000037e-03 -4.029547488325520288e-18
-7.606666666666666091e-03 -4.029547488325520288e-18
-7.593333333333333011e-03 -4.029547488325520288e-18
-7.579999999999999932e-03 -4.029547488325520288e-18
-7.566666666666666853e-03 -4.029547488325520288e-18
-7.553333333333332907e-03 -4.029547488325520288e-18
-7.539999999999999827e-03 -4.029547488325520288e-18
-7.526666666666666748e-03 -4.029547488325520288e-18
-7.513333333333332802e-03 -4.029547488325520288e-18
-7.499999999999999722e-03 -4.029547488325520288e-18
-7.486666666666666643e-03 -4.029547488325520288e-18
-7.473333333333333564e-03 -4.029547488325520288e-18
-7.459999999999999618e-03 -4.029547488325520288e-18
-7.446666666666666538e-03 -4.029547488325520288e-18
-7.433333333333333459e-03 -4.029547488325520288e-18
-7.419999999999999513e-03 -4.029547488325520288e-18
-7.406666666666666433e-03 -4.029547488325520288e-18
-7.393333333333333354e-03 -4.011759796433179981e-18
-7.379999999999999408e-03 -4.011759796433179981e-18
-7.366666666666666329e-03 -4.011759796433179981e-18
-7.353333333333333249e-03 -4.011759796433179981e-18
-7.340000000000000170e-03 -4.011759796433179981e-18
-7.326666666666666224e-03 -4.011759796433179981e-18
-7.313333333333333144e-03 -4.011759796433179981e-18
-7.300000000000000065e-03 -4.011759796433179981e-18
-7.286666666666666986e-03 -4.011759796433179981e-18
-7.273333333333333039e-03 -4.011759796433179981e-18
-7.259999999999999960e-03 -4.011759796433179981e-18
-7.246666666666666881e-03 -4.011759796433179981e-18
-7.233333333333332935e-03 -4.011759796433179981e-18
-7.219999999999999855e-03 -4.011759796433179981e-18
-7.206666666666666776e-03 -4.011759796433179981e-18
-7.193333333333332830e-03 -4.011759796433179981e-18
-7.179999999999999750e-03 -3.976184412648499367e-18
-7.166666666666666671e-03 -3.976184412648499367e-18
-7.153333333333332725e-03 -3.976184412648499367e-18
-7.139999999999999646e-03 -3.958184962519345484e-18
-7.126666666666666566e-03 -3.958184962519345484e-18
-7.113333333333333487e-03 -3.958184962519345484e-18
-7.099999999999999541e-03 -3.958184962519345484e-18
-7.086666666666666461e-03 -3.958184962519345484e-18
-7.073333333333333382e-03 -3.958184962519345484e-18
-7.060000000000000303e-03 -3.958184962519345484e-18
-7.046666666666666357e-03 -3.958184962519345484e-18
-7.033333333333333277e-03 -3.940397270627005177e-18
-7.020000000000000198e-03 -3.940397270627005177e-18
-7.006666666666666252e-03 -3.940397270627005177e-18
-6.993333333333333172e-03 -3.940397270627005177e-18
-6.980000000000000093e-03 -3.940397270627005177e-18
-6.966666666666666147e-03 -3.904821886842324563e-18
-6.953333333333333068e-03 -3.887034194949984256e-18
-6.939999999999999988e-03 -3.887034194949984256e-18
-6.926666666666666042e-03 -3.887034194949984256e-18
-6.913333333333332963e-03 -3.869246503057643949e-18
-6.899999999999999883e-03 -3.869246503057643949e-18
-6.886666666666666804e-03 -3.869246503057643949e-18
-6.873333333333333725e-03 -3.851458811165303642e-18
-6.859999999999999779e-03 -3.815883427380623028e-18
-6.846666666666666699e-03 -3.815883427380623028e-18
-6.833333333333333620e-03 -3.797883977251469145e-18
-6.819999999999999674e-03 -3.780096285359128838e-18
-6.806666666666666594e-03 -3.780096285359128838e-18
-6.793333333333333515e-03 -3.726733209682107917e-18
-6.779999999999999569e-03 -3.726733209682107917e-18
-6.766666666666666489e-03 -3.708945517789767610e-18
-6.753333333333333410e-03 -3.673370134005086995e-18
-6.739999999999999464e-03 -3.655582442112746688e-18
-6.726666666666666385e-03 -3.637582991983592806e-18
-6.713333333333333305e-03 -3.584219916306571885e-18
-6.699999999999999359e-03 -3.566432224414231578e-18
-6.686666666666666280e-03 -3.548644532521891271e-18
-6.673333333333333200e-03 -3.495281456844870349e-18
-6.660000000000000121e-03 -3.477282006715716467e-18
-6.646666666666667042e-03 -3.423918931038695546e-18
-6.633333333333333096e-03 -3.406131239146355238e-18
-6.620000000000000016e-03 -3.352768163469334317e-18
-6.606666666666666937e-03 -3.316981021447840128e-18
-6.593333333333332991e-03 -3.263617945770819206e-18
-6.579999999999999911e-03 -3.192467178201457978e-18
-6.566666666666666832e-03 -3.121104652395283174e-18
-6.553333333333332886e-03 -3.103316960502942867e-18
-6.539999999999999807e-03 -3.032166192933581639e-18
-6.526666666666666727e-03 -2.960803667127406835e-18
-6.513333333333332781e-03 -2.871865207665705300e-18
-6.499999999999999702e-03 -2.800502681859530496e-18
-6.486666666666666622e-03 -2.711564222397828960e-18
-6.473333333333332676e-03 -2.640201696591654157e-18
-6.459999999999999597e-03 -2.515476095108458432e-18
-6.446666666666666518e-03 -2.408749943754416589e-18
-6.433333333333333438e-03 -2.301812034163561171e-18
-6.420000000000000359e-03 -2.194874124572705754e-18
-6.406666666666666413e-03 -2.052572589433983297e-18
-6.393333333333333333e-03 -1.927846987950787572e-18
-6.380000000000000254e-03 -1.767546002682911233e-18
-6.366666666666666308e-03 -1.607245017415034893e-18
-6.353333333333333229e-03 -1.446944032147158554e-18
-6.340000000000000149e-03 -1.268855354986941908e-18
-6.326666666666666203e-03 -1.090766677826725262e-18
-6.313333333333333124e-03 -8.591031667526741189e-19
-6.300000000000000044e-03 -6.632267977001171655e-19
-6.286666666666666098e-03 -4.317750448628795978e-19
-6.273333333333333019e-03 -2.178992256811687622e-19
-6.259999999999999939e-03 8.491505296224360899e-20
-6.246666666666665993e-03 3.519421895841617909e-19
-6.233333333333332914e-03 6.369687763352338550e-19
-6.219999999999999835e-03 9.753584387633268404e-19
-6.206666666666666755e-03 1.313748101191419826e-18
-6.193333333333333676e-03 1.687924905641007001e-18
-6.179999999999999730e-03 2.079677643746120907e-18
-6.166666666666666650e-03 2.507217523872729004e-18
-6.153333333333333571e-03 2.952545095891677407e-18
-6.139999999999999625e-03 3.433448051695306424e-18
-6.126666666666666546e-03 3.932138699391275749e-18
-6.113333333333333466e-03 4.484192422764265995e-18
-6.099999999999999520e-03 5.089820980051090737e-18
-6.086666666666666441e-03 5.713237229230255787e-18
-6.073333333333333361e-03 6.390016554086441758e-18
-6.059999999999999415e-03 7.084583570834968036e-18
-6.046666666666666336e-03 7.850513113389669118e-18
-6.033333333333333257e-03 8.669805731621391121e-18
-6.019999999999999310e-03 9.578248567551628234e-18
-6.006666666666667098e-03 1.050447909537420565e-17
-5.993333333333333152e-03 1.150186039076614430e-17
-5.980000000000000072e-03 1.255260476183510387e-17
-5.966666666666666993e-03 1.371049880073173244e-17
-5.953333333333333047e-03 1.495711954085324896e-17
-5.939999999999999968e-03 1.625731511488859998e-17
-5.926666666666666888e-03 1.762887321473012581e-17
-5.913333333333332942e-03 1.914273284971037409e-17
-5.899999999999999863e-03 2.072795501049679717e-17
-5.886666666666666783e-03 2.243790277276641598e-17
-5.873333333333332837e-03 2.427236437828241694e-17
-5.859999999999999758e-03 2.621376389338927332e-17
-5.846666666666666679e-03 2.833346384389315992e-17
-5.833333333333332732e-03 3.054189049562193448e-17
-5.819999999999999653e-03 3.291082989085539895e-17
-5.806666666666666574e-03 3.544007027135673976e-17
-5.793333333333332627e-03 3.816518702091063753e-17
-5.780000000000000415e-03 4.110396783140943255e-17
-5.766666666666666469e-03 4.418526193528376361e-17
-5.753333333333333389e-03 4.751600724212448612e-17
-5.740000000000000310e-03 5.104262891801776558e-17
-5.726666666666666364e-03 5.487206487255445742e-17
-5.713333333333333285e-03 5.891516488803604651e-17
-5.700000000000000205e-03 6.326107918216104797e-17
-5.686666666666666259e-03 6.790980775492946181e-17
-5.673333333333333180e-03 7.284356291444894771e-17
-5.660000000000000100e-03 7.816907081207354752e-17
-5.646666666666666154e-03 8.383296837212624031e-17
-5.633333333333333075e-03 8.987104273662852028e-17
-5.619999999999999996e-03 9.635423291491293507e-17
-5.606666666666666049e-03 1.032651747315607715e-16
-5.593333333333333837e-03 1.106745954376677638e-16
-5.579999999999999891e-03 1.185827067914707253e-16
-5.566666666666665944e-03 1.270252959349911503e-16
-5.553333333333333732e-03 1.360733018775615866e-16
-5.539999999999999786e-03 1.457269363774188475e-16
-5.526666666666666707e-03 1.560217748183476139e-16
-5.513333333333333627e-03 1.670469674180464006e-16
-5.499999999999999681e-03 1.788914526359769094e-16
-5.486666666666666602e-03 1.915016556382253057e-16
-5.473333333333333522e-03 2.049491507088345779e-16
-5.459999999999999576e-03 2.193584516910511081e-16
-5.446666666666666497e-03 2.347651339686595770e-16
-5.433333333333333418e-03 2.512047729254446651e-16
-5.419999999999999471e-03 2.688200936130187221e-16
-5.406666666666666392e-03 2.876286719650372747e-16
-5.393333333333333313e-03 3.077374458910911784e-16
-5.379999999999999366e-03 3.292177779169866078e-16
-5.366666666666667154e-03 3.521763941940776049e-16
-5.353333333333333208e-03 3.767735957076320460e-16
-5.339999999999999261e-03 4.030095942158867448e-16
-5.326666666666667049e-03 4.310622666377651041e-16
-5.313333333333333103e-03 4.610741262666426601e-16
-5.300000000000000024e-03 4.930985361781964338e-16
-5.286666666666666944e-03 5.274029470255219704e-16
-5.273333333333332998e-03 5.640405101260594772e-16
-5.259999999999999919e-03 6.031895259152059846e-16
-5.246666666666666839e-03 6.450280830701217091e-16
-5.233333333333332893e-03 6.897874215854070748e-16
-5.219999999999999814e-03 7.376284777210403987e-16
-5.206666666666666735e-03 7.887642802632561373e-16
-5.193333333333332788e-03 8.434269162396019689e-16
-5.179999999999999709e-03 9.018296261945491638e-16
-5.166666666666666630e-03 9.642936473733439151e-16
-5.153333333333332683e-03 1.031050008012349833e-15
-5.140000000000000471e-03 1.102401522390210331e-15
-5.126666666666666525e-03 1.178651216543805634e-15
-5.113333333333332578e-03 1.260208630903133196e-15
-5.100000000000000366e-03 1.347341004363051750e-15
-5.086666666666666420e-03 1.440529239879364924e-15
-5.073333333333333341e-03 1.540093727664371658e-15
-5.060000000000000261e-03 1.646533370124004733e-15
-5.046666666666666315e-03 1.760329070214067780e-15
-5.033333333333333236e-03 1.881961730890364427e-15
-5.020000000000000157e-03 2.011983405876267665e-15
-5.006666666666666210e-03 2.150999723729064318e-15
-4.993333333333333131e-03 2.299509375096450356e-15
-4.980000000000000052e-03 2.458331652596657500e-15
-4.966666666666666105e-03 2.628072396545209390e-15
-4.953333333333333026e-03 2.809550476043864119e-15
-4.939999999999999947e-03 3.003514456459757676e-15
-4.926666666666666000e-03 3.210836569970325176e-15
-4.913333333333333788e-03 3.432461258311755165e-15
-4.899999999999999842e-03 3.669350115637418086e-15
-4.886666666666665895e-03 3.922607461152296734e-15
-4.873333333333333683e-03 4.193319614611244750e-15
-4.859999999999999737e-03 4.482680257195180255e-15
-4.846666666666666658e-03 4.792007160411794128e-15
-4.833333333333333579e-03 5.122618519285250874e-15
-4.819999999999999632e-03 5.476045769384186267e-15
-4.806666666666666553e-03 5.853838981002075677e-15
-4.793333333333333474e-03 6.257689890692822755e-15
-4.779999999999999527e-03 6.689361809294374142e-15
-4.766666666666666448e-03 7.150778560388181167e-15
-4.753333333333333369e-03 7.644041632716381748e-15
-4.739999999999999422e-03 8.171288302163135300e-15
-4.726666666666666343e-03 8.734870143948256574e-15
-4.713333333333333264e-03 9.337333550869428810e-15
-4.699999999999999317e-03 9.981314912974981017e-15
-4.686666666666667105e-03 1.066969943624149816e-14
-4.673333333333333159e-03 1.140551526345541435e-14
-4.660000000000000080e-03 1.219209313992357033e-14
-4.646666666666667000e-03 1.303287032534592403e-14
-4.633333333333333054e-03 1.393162289260133514e-14
-4.619999999999999975e-03 1.489234057862960821e-14
-4.606666666666666896e-03 1.591928035926540655e-14
-4.593333333333332949e-03 1.701701938879745558e-14
-4.579999999999999870e-03 1.819043848282607140e-14
-4.566666666666666791e-03 1.944473800013092179e-14
-4.553333333333332844e-03 2.078552868695461922e-14
-4.539999999999999765e-03 2.221875946744396747e-14
-4.526666666666666686e-03 2.375077101848387540e-14
-4.513333333333332739e-03 2.538838513167329235e-14
-4.499999999999999660e-03 2.713892228925886361e-14
-4.486666666666666581e-03 2.901011230215899510e-14
-4.473333333333332634e-03 3.101034439644153023e-14
-4.460000000000000422e-03 3.314845312574633135e-14
-4.446666666666666476e-03 3.543394918776340656e-14
-4.433333333333333397e-03 3.787700311884867506e-14
-4.420000000000000318e-03 4.048849738655022328e-14
-4.406666666666666371e-03 4.327999166125746748e-14
-4.393333333333333292e-03 4.626395363267928051e-14
-4.380000000000000213e-03 4.945365249545087463e-14
-4.366666666666666266e-03 5.286321294748418890e-14
-4.353333333333333187e-03 5.650782737172117647e-14
-4.340000000000000108e-03 6.040368659119036646e-14
-4.326666666666666161e-03 6.456817405131002208e-14
-4.313333333333333082e-03 6.901970678945229358e-14
-4.300000000000000003e-03 7.377814412834026846e-14
-4.286666666666666056e-03 7.886459222319539258e-14
-4.273333333333333844e-03 8.430174266315813500e-14
-4.259999999999999898e-03 9.011369374733611739e-14
-4.246666666666665951e-03 9.632632550864151082e-14
-4.233333333333333739e-03 1.029672630796160671e-13
-4.219999999999999793e-03 1.100660014180326017e-13
-4.206666666666666714e-03 1.176541558168891447e-13
-4.193333333333333635e-03 1.257653712718835842e-13
-4.179999999999999688e-03 1.344358224426107831e-13
-4.166666666666666609e-03 1.437039993532269241e-13
-4.153333333333333530e-03 1.536110991451876146e-13
-4.139999999999999583e-03 1.642011690140577360e-13
-4.126666666666666504e-03 1.755213550254396994e-13
-4.113333333333333425e-03 1.876219029620063931e-13
-4.099999999999999478e-03 2.005566555318412207e-13
-4.086666666666666399e-03 2.143831252132715652e-13
-4.073333333333333320e-03 2.291627964338727218e-13
-4.060000000000000241e-03 2.449613923858462829e-13
-4.046666666666666294e-03 2.618490355387636430e-13
-4.033333333333333215e-03 2.799009606295493500e-13
-4.020000000000000136e-03 2.991973713021547823e-13
-4.006666666666666189e-03 3.198240461596319091e-13
-3.993333333333333110e-03 3.418727129409377405e-13
-3.980000000000000031e-03 3.654413509116964968e-13
-3.966666666666666952e-03 3.906348324916571538e-13
-3.953333333333333005e-03 4.175651720706216987e-13
-3.939999999999999926e-03 4.463519897589837519e-13
-3.926666666666666847e-03 4.771233836199060023e-13
-3.913333333333332900e-03 5.100161255456892593e-13
-3.899999999999999821e-03 5.451764633979735031e-13
-3.886666666666666742e-03 5.827607082133285689e-13
-3.873333333333332795e-03 6.229359645574129162e-13
-3.859999999999999716e-03 6.658809142422080765e-13
-3.846666666666666637e-03 7.117864039551258107e-13
-3.833333333333333558e-03 7.608565682129379316e-13
-3.819999999999999611e-03 8.133096647480205334e-13
-3.806666666666666532e-03 8.693787889806450005e-13
-3.793333333333333453e-03 9.293132440947701918e-13
-3.779999999999999506e-03 9.933795386310960689e-13
-3.766666666666666427e-03 1.061862563015827433e-12
-3.753333333333333348e-03 1.135066638822737335e-12
-3.740000000000000269e-03 1.213317408080155928e-12
-3.726666666666666322e-03 1.296962723502598030e-12
-3.713333333333333243e-03 1.386374411378084597e-12
-3.700000000000000164e-03 1.481950106241506477e-12
-3.686666666666666217e-03 1.584114730217666789e-12
-3.673333333333333138e-03 1.693322432514971897e-12
-3.660000000000000059e-03 1.810058853120982952e-12
-3.646666666666666112e-03 1.934842956628746689e-12
-3.633333333333333033e-03 2.068229561688934176e-12
-3.619999999999999954e-03 2.210811763100553476e-12
-3.606666666666666875e-03 2.363223407476496246e-12
-3.593333333333332928e-03 2.526142192748849968e-12
-3.579999999999999849e-03 2.700292446860481422e-12
-3.566666666666666770e-03 2.886448475239244233e-12
-3.553333333333332823e-03 3.085437910601527027e-12
-3.539999999999999744e-03 3.298145523753483123e-12
-3.526666666666666665e-03 3.525516999663909400e-12
-3.513333333333333586e-03 3.768563248226673105e-12
-3.499999999999999639e-03 4.028364891841266409e-12
-3.486666666666666560e-03 4.306077057501705497e-12
-3.473333333333333481e-03 4.602934416642566733e-12
-3.459999999999999534e-03 4.920256867671271551e-12
-3.446666666666666455e-03 5.259455270169381127e-12
-3.433333333333333376e-03 5.622037662326187469e-12
-3.420000000000000297e-03 6.009616170186464165e-12
-3.406666666666666350e-03 6.423913972802391655e-12
-3.393333333333333271e-03 6.866773156981835361e-12
-3.380000000000000192e-03 7.340162607188491120e-12
-3.366666666666666245e-03 7.846187106910903434e-12
-3.353333333333333166e-03 8.387096459089725029e-12
-3.340000000000000087e-03 8.965295636960556752e-12
-3.326666666666666140e-03 9.583355347401832777e-12
-3.313333333333333061e-03 1.024402351860740951e-11
-3.299999999999999982e-03 1.095023757168814716e-11
-3.286666666666666903e-03 1.170513737011160738e-11
-3.273333333333332956e-03 1.251207930734227376e-11
-3.259999999999999877e-03 1.337465105601450411e-11
-3.246666666666666798e-03 1.429668773885028475e-11
-3.233333333333332851e-03 1.528228879710861684e-11
-3.219999999999999772e-03 1.633583629983794598e-11
-3.206666666666666693e-03 1.746201437565900519e-11
-3.193333333333333614e-03 1.866583017767729238e-11
-3.179999999999999667e-03 1.995263591438651196e-11
-3.166666666666666588e-03 2.132815289629867272e-11
-3.153333333333333509e-03 2.279849675529130109e-11
-3.139999999999999562e-03 2.437020478534867088e-11
-3.126666666666666483e-03 2.605026492146475298e-11
-3.113333333333333404e-03 2.784614683824611554e-11
-3.099999999999999457e-03 2.976583523788323463e-11
-3.086666666666666378e-03 3.181786517121263649e-11
-3.073333333333333299e-03 3.401136013471776616e-11
-3.060000000000000220e-03 3.635607262710177678e-11
-3.046666666666666273e-03 3.886242743034179362e-11
-3.033333333333333194e-03 4.154156802561211601e-11
-3.020000000000000115e-03 4.440540607356086413e-11
-3.006666666666666168e-03 4.746667443645489473e-11
-2.993333333333333089e-03 5.073898373054628284e-11
-2.980000000000000010e-03 5.423688302551211320e-11
-2.966666666666666931e-03 5.797592414293726453e-11
-2.953333333333332984e-03 6.197273122778904878e-11
-2.939999999999999905e-03 6.624507443181329273e-11
-2.926666666666666826e-03 7.081194888940403240e-11
-2.913333333333332879e-03 7.569365928473769213e-11
-2.899999999999999800e-03 8.091191010122779045e-11
-2.886666666666666721e-03 8.648990210450686292e-11
-2.873333333333333642e-03 9.245243545153537324e-11
-2.859999999999999695e-03 9.882602003125441137e-11
-2.846666666666666616e-03 1.056389932849628326e-10
-2.833333333333333537e-03 1.129216461675280523e-10
-2.819999999999999590e-03 1.207063578707291641e-10
-2.806666666666666511e-03 1.290277398275400608e-10
-2.793333333333333432e-03 1.379227894575032066e-10
-2.779999999999999485e-03 1.474310547420549155e-10
-2.766666666666666406e-03 1.575948101291280569e-10
-2.753333333333333327e-03 1.684592442970630555e-10
-2.740000000000000248e-03 1.800726612080423181e-10
-2.726666666666666301e-03 1.924866948046843407e-10
-2.713333333333333222e-03 2.057565386662984559e-10
-2.700000000000000143e-03 2.199411912698158092e-10
-2.686666666666666196e-03 2.351037183845027927e-10
-2.673333333333333117e-03 2.513115333835388949e-10
-2.660000000000000038e-03 2.686366970068591517e-10
-2.646666666666666959e-03 2.871562377841889723e-10
-2.633333333333333012e-03 3.069524944025850454e-10
-2.619999999999999933e-03 3.281134819204948103e-10
-2.606666666666666854e-03 3.507332827789172165e-10
-2.593333333333332907e-03 3.749124653985207514e-10
-2.579999999999999828e-03 4.007585312228806941e-10
-2.566666666666666749e-03 4.283863924865659810e-10
-2.553333333333332802e-03 4.579188832883497996e-10
-2.539999999999999723e-03 4.894873055583659607e-10
-2.526666666666666644e-03 5.232320129086020784e-10
-2.513333333333333565e-03 5.593030344697006074e-10
-2.499999999999999618e-03 5.978607420983878792e-10
-2.486666666666666539e-03 6.390765631273236124e-10
-2.473333333333333460e-03 6.831337425600752031e-10
-2.459999999999999513e-03 7.302281577897580414e-10
-2.446666666666666434e-03 7.805691893349292454e-10
-2.433333333333333355e-03 8.343806516345642782e-10
-2.420000000000000276e-03 8.919017880881532733e-10
-2.406666666666666329e-03 9.533883346326212549e-10
-2.393333333333333250e-03 1.019113656612585767e-09
-2.380000000000000171e-03 1.089369963985492015e-09
-2.366666666666666224e-03 1.164469610272048466e-09
-2.353333333333333145e-03 1.244746481295966512e-09
-2.340000000000000066e-03 1.330557479194154389e-09
-2.326666666666666120e-03 1.422284109019118146e-09
-2.313333333333333040e-03 1.520334174703268754e-09
-2.299999999999999961e-03 1.625143591649713402e-09
-2.286666666666666882e-03 1.737178324696416729e-09
-2.273333333333332935e-03 1.856936458987878293e-09
-2.259999999999999856e-03 1.984950414315556582e-09
-2.246666666666666777e-03 2.121789311262902548e-09
-2.233333333333332830e-03 2.268061501320089873e-09
-2.219999999999999751e-03 2.424417270356319864e-09
-2.206666666666666672e-03 2.591551729285348897e-09
-2.193333333333333593e-03 2.770207903310478807e-09
-2.179999999999999646e-03 2.961180034136711873e-09
-2.166666666666666567e-03 3.165317110147423989e-09
-2.153333333333333488e-03 3.383526639171697444e-09
-2.139999999999999541e-03 3.616778681595488618e-09
-2.126666666666666462e-03 3.866110161168947540e-09
-2.113333333333333383e-03 4.132629473009858314e-09
-2.100000000000000304e-03 4.417521408592854664e-09
-2.086666666666666357e-03 4.722052420595782493e-09
-2.073333333333333278e-03 5.047576249773449809e-09
-2.060000000000000199e-03 5.395539939797242216e-09
-2.046666666666666252e-03 5.767490266291520255e-09
-2.033333333333333173e-03 6.165080608445790497e-09
-2.020000000000000094e-03 6.590078294026179299e-09
-2.006666666666666148e-03 7.044372449943815101e-09
-1.993333333333333068e-03 7.529982393532198303e-09
-1.979999999999999989e-03 8.049066601407655797e-09
-1.966666666666666910e-03 8.603932295807284925e-09
-1.953333333333332963e-03 9.197045690582604223e-09
-1.939999999999999884e-03 9.831042942728662320e-09
-1.926666666666666805e-03 1.050874185716895890e-08
-1.913333333333332859e-03 1.123315439702994678e-08
-1.899999999999999779e-03 1.200750005494739471e-08
-1.886666666666666700e-03 1.283522014371224148e-08
-1.873333333333333621e-03 1.371999306988272701e-08
-1.859999999999999674e-03 1.466575065807715517e-08
-1.846666666666666595e-03 1.567669559728270931e-08
-1.833333333333333516e-03 1.675732008664148332e-08
-1.819999999999999570e-03 1.791242576257247471e-08
-1.806666666666666490e-03 1.914714499573558870e-08
-1.793333333333333411e-03 2.046696365027584130e-08
-1.779999999999999465e-03 2.187774540697816248e-08
-1.766666666666666385e-03 2.338575775606241644e-08
-1.753333333333333306e-03 2.499769977467641827e-08
-1.740000000000000227e-03 2.672073181043585161e-08
-1.726666666666666280e-03 2.856250720153039413e-08
-1.713333333333333201e-03 3.053120617205894413e-08
-1.700000000000000122e-03 3.263557205132996939e-08
-1.686666666666666176e-03 3.488494997526125297e-08
-1.673333333333333096e-03 3.728932823883055720e-08
-1.660000000000000017e-03 3.985938248009580863e-08
-1.646666666666666938e-03 4.260652288807547091e-08
-1.633333333333332991e-03 4.554294464018788031e-08
-1.619999999999999912e-03 4.868168178749266509e-08
-1.606666666666666833e-03 5.203666482237698626e-08
-1.593333333333332887e-03 5.562278217715291536e-08
-1.579999999999999807e-03 5.945594591916901150e-08
-1.566666666666666728e-03 6.355316192646593855e-08
-1.553333333333332782e-03 6.793260484468764179e-08
-1.539999999999999702e-03 7.261369814775270230e-08
-1.526666666666666623e-03 7.761719964500874031e-08
-1.513333333333333544e-03 8.296529279958997266e-08
-1.499999999999999598e-03 8.868168424676075315e-08
-1.486666666666666518e-03 9.479170792662314278e-08
-1.473333333333333439e-03 1.013224362710870241e-07
-1.459999999999999493e-03 1.083027989144111051e-07
-1.446666666666666413e-03 1.157637094250857941e-07
-1.433333333333333334e-03 1.237382005897924858e-07
-1.420000000000000255e-03 1.322615688124527392e-07
-1.406666666666666309e-03 1.413715282263249655e-07
-1.393333333333333229e-03 1.511083751557201411e-07
-1.380000000000000150e-03 1.615151636004202672e-07
-1.366666666666666204e-03 1.726378924590417426e-07
-1.353333333333333124e-03 1.845257052499239096e-07
-1.340000000000000045e-03 1.972311031320406350e-07
-1.326666666666666966e-03 2.108101720779880258e-07
-1.313333333333333020e-03 2.253228250984784716e-07
-1.299999999999999940e-03 2.408330604697417640e-07
-1.286666666666666861e-03 2.574092369694735795e-07
-1.273333333333332915e-03 2.751243671814305434e-07
-1.259999999999999835e-03 2.940564299871147174e-07
-1.246666666666666756e-03 3.142887034211827894e-07
-1.233333333333332810e-03 3.359101191291049767e-07
-1.219999999999999730e-03 3.590156397272685808e-07
-1.206666666666666651e-03 3.837066604287433487e-07
-1.193333333333333572e-03 4.100914363622744655e-07
-1.179999999999999626e-03 4.382855370768312345e-07
-1.166666666666666546e-03 4.684123297872535720e-07
-1.153333333333333467e-03 5.006034929801726406e-07
-1.139999999999999521e-03 5.349995620614069892e-07
-1.126666666666666441e-03 5.717505087846462287e-07
-1.113333333333333362e-03 6.110163562563117375e-07
-1.100000000000000283e-03 6.529678313635407407e-07
-1.086666666666666337e-03 6.977870565151535450e-07
-1.073333333333333257e-03 7.456682826221997454e-07
-1.060000000000000178e-03 7.968186652721540009e-07
-1.046666666666666232e-03 8.514590860633801358e-07
-1.033333333333333152e-03 9.098250210671471400e-07
-1.020000000000000073e-03 9.721674583657576077e-07
-1.006666666666666127e-03 1.038753866576006600e-06
-9.933333333333330475e-04 1.109869216201998180e-06
-9.799999999999999684e-04 1.185817055568729762e-06
-9.666666666666668892e-04 1.266920642958225309e-06
-9.533333333333329426e-04 1.353524136402676639e-06
-9.399999999999998634e-04 1.445993842374502178e-06
-9.266666666666667843e-04 1.544719524345781400e-06
-9.133333333333328377e-04 1.672258074094792537e-06
-8.999999999999997585e-04 1.839126836470632511e-06
-8.866666666666666793e-04 2.017238083892991377e-06
-8.733333333333336002e-04 2.207330272425872218e-06
-8.599999999999996536e-04 2.410187695255699091e-06
-8.466666666666665744e-04 2.626642951225686031e-06
-8.333333333333334952e-04 2.857579491758116301e-06
-8.199999999999995487e-04 3.103934239919332132e-06
-8.066666666666664695e-04 3.366700273589517490e-06
-7.933333333333333903e-04 3.646929562648304677e-06
-7.800000000000003111e-04 3.945735747754782957e-06
-7.666666666666663646e-04 4.368622656591683012e-06
-7.533333333333332854e-04 4.834448352999752875e-06
-7.400000000000002062e-04 5.330888014541599644e-06
-7.266666666666662597e-04 5.859846242936286528e-06
-7.133333333333331805e-04 6.423331281935912380e-06
-7.000000000000001013e-04 7.023458576822831783e-06
-6.866666666666661548e-04 7.787620125911496217e-06
-6.733333333333330756e-04 8.673227732695309482e-06
-6.599999999999999964e-04 9.615684941815162920e-06
-6.466666666666669172e-04 1.061834440360221234e-05
-6.333333333333329707e-04 1.173214025501750721e-05
-6.199999999999998915e-04 1.315370747752884573e-05
-6.066666666666668123e-04 1.466456177437948579e-05
-5.933333333333328657e-04 1.626970392284049458e-05
-5.799999999999997866e-04 1.822447807757968113e-05
-5.666666666666667074e-04 2.042841192063794454e-05
-5.533333333333336282e-04 2.276688775995121613e-05
-5.399999999999996816e-04 2.561434167563731966e-05
-5.266666666666666025e-04 2.874367182189264475e-05
-5.133333333333335233e-04 3.222990462688190698e-05
-4.999999999999995767e-04 3.633093319865491325e-05
-4.866666666666664975e-04 4.076092902521471801e-05
-4.733333333333334184e-04 4.604013745233275244e-05
-4.599999999999994718e-04 5.177693263961780388e-05
-4.466666666666663926e-04 5.846590577337471727e-05
-4.333333333333333134e-04 6.592693832800549715e-05
-4.200000000000002343e-04 7.428220012461180606e-05
-4.066666666666662877e-04 8.393681514885041454e-05
-3.933333333333332085e-04 9.465542228365993833e-05
-3.800000000000001293e-04 1.066199978002985388e-04
-3.666666666666661828e-04 1.203632586891248489e-04
-3.533333333333331036e-04 1.357167383639779231e-04
-3.400000000000000244e-04 1.528718163870324193e-04
-3.266666666666669452e-04 1.720449869218337749e-04
-3.133333333333329987e-04 1.934598772933877756e-04
-2.999999999999999195e-04 2.173460385955683263e-04
-2.866666666666668403e-04 2.439380243665692223e-04
-2.733333333333328938e-04 2.734749048709460262e-04
-2.599999999999998146e-04 3.062003302043364919e-04
-2.466666666666667354e-04 3.423632484263863839e-04
-2.333333333333327889e-04 3.822193953313905018e-04
-2.199999999999997097e-04 4.260336953348526625e-04
-2.066666666666666305e-04 4.745438968780482962e-04
-1.933333333333335513e-04 5.277460258386800981e-04
-1.799999999999996048e-04 5.859289212478620583e-04
-1.666666666666673929e-04 6.501322027649290760e-04
-1.533333333333334464e-04 7.205216120793654991e-04
-1.399999999999994998e-04 7.979443879135342775e-04
-1.266666666666672880e-04 8.835872525110227476e-04
-1.133333333333333415e-04 9.783422626166860935e-04
-9.999999999999939493e-05 1.084170925591080312e-03
-8.666666666666718311e-05 1.203221851594955122e-03
-7.333333333333323656e-05 1.337647914687510164e-03
-5.999999999999929001e-05 1.493269417839183152e-03
-4.666666666666707819e-05 1.672931425332564205e-03
-3.333333333333313164e-05 1.884818584731312759e-03
-1.999999999999918510e-05 2.139405335779173169e-03
-6.666666666666973273e-06 2.445599645154741385e-03
6.666666666666973273e-06 2.822758159956669302e-03
2.000000000000091982e-05 3.294353936704212758e-03
3.333333333333313164e-05 3.881045079143206813e-03
4.666666666666707819e-05 4.627171751620395498e-03
5.999999999999929001e-05 5.580210801132435942e-03
7.333333333333323656e-05 6.775937948170731272e-03
8.666666666666718311e-05 8.316532535592564834e-03
9.999999999999939493e-05 1.023825165100557613e-02
1.133333333333333415e-04 1.262386599012245772e-02
1.266666666666672880e-04 1.555123983007626956e-02
1.399999999999994998e-04 1.903615170558644112e-02
1.533333333333334464e-04 2.314338973229239718e-02
1.666666666666673929e-04 2.784182211799228826e-02
1.799999999999996048e-04 3.308712211771384221e-02
1.933333333333335513e-04 3.889864691315592787e-02
2.066666666666674979e-04 4.511534295175401166e-02
2.199999999999997097e-04 5.167993725828895490e-02
2.333333333333336562e-04 5.857330573412040248e-02
2.466666666666676028e-04 6.564015670489516119e-02
2.599999999999998146e-04 7.280940400039334626e-02
2.733333333333337611e-04 8.001413245342800518e-02
2.866666666666659730e-04 8.719318651121295283e-02
2.999999999999999195e-04 9.429223399150725438e-02
3.133333333333338661e-04 1.012643859742911878e-01
3.266666666666660779e-04 1.080704547352907274e-01
3.400000000000000244e-04 1.146789269132093558e-01
3.533333333333339710e-04 1.210657189276094503e-01
3.666666666666661828e-04 1.272137619145257414e-01
3.800000000000001293e-04 1.331129859391868286e-01
3.933333333333340759e-04 1.387655831704396880e-01
4.066666666666662877e-04 1.441550503149298668e-01
4.200000000000002343e-04 1.492850687049893099e-01
4.333333333333341808e-04 1.541626683567740297e-01
4.466666666666663926e-04 1.587888456501544143e-01
4.600000000000003392e-04 1.631730393218738806e-01
4.733333333333342857e-04 1.673202809548039738e-01
4.866666666666664975e-04 1.712436015135118672e-01
5.000000000000004441e-04 1.749465916336656879e-01
5.133333333333326559e-04 1.784449353213555800e-01
5.266666666666666025e-04 1.817431072686588878e-01
5.400000000000005490e-04 1.848538489097807103e-01
5.533333333333327608e-04 1.877868898339198900e-01
5.666666666666667074e-04 1.905471123481487228e-01
5.800000000000006539e-04 1.931485280699664353e-01
5.933333333333328657e-04 1.955973727500694703e-01
6.066666666666668123e-04 1.978998221264830493e-01
6.200000000000007588e-04 2.000670230419728801e-01
6.333333333333329707e-04 2.021061487157577163e-01
6.466666666666669172e-04 2.040211532459955956e-01
6.600000000000008638e-04 2.058211570760012654e-01
6.733333333333330756e-04 2.075130840469074922e-01
6.866666666666670221e-04 2.091029529354448968e-01
7.000000000000009687e-04 2.105957697090735936e-01
7.133333333333331805e-04 2.119965083218563195e-01
7.266666666666671270e-04 2.133117213751151986e-01
7.399999999999993389e-04 2.145463464644492557e-01
7.533333333333332854e-04 2.157050709696719526e-01
7.666666666666672320e-04 2.167923403629231638e-01
7.799999999999994438e-04 2.178122498676996477e-01
7.933333333333333903e-04 2.187681013638132499e-01
8.066666666666673369e-04 2.196645272028777407e-01
8.199999999999995487e-04 2.205050898114528091e-01
8.333333333333334952e-04 2.212931543373617138e-01
8.466666666666674418e-04 2.220318975387333138e-01
8.599999999999996536e-04 2.227243165399893365e-01
8.733333333333336002e-04 2.233732374150393107e-01
8.866666666666675467e-04 2.239813235654110335e-01
8.999999999999997585e-04 2.245510838676038068e-01
9.133333333333337051e-04 2.250848805696858412e-01
9.266666666666659169e-04 2.255847625054390460e-01
9.399999999999998634e-04 2.260528810526998555e-01
9.533333333333338100e-04 2.264913362100699767e-01
9.666666666666660218e-04 2.269019760833980159e-01
9.799999999999999684e-04 2.272865375546214151e-01
9.933333333333339149e-04 2.276466524864413365e-01
1.006666666666666127e-03 2.279838536431226248e-01
1.020000000000000073e-03 2.282995803320278794e-01
1.033333333333334020e-03 2.285951837717632995e-01
1.046666666666666232e-03 2.288719321938346984e-01
1.060000000000000178e-03 2.291310156855034807e-01
1.073333333333334125e-03 2.293735507821454411e-01
1.086666666666666337e-03 2.296005848178569175e-01
1.100000000000000283e-03 2.298131000433624449e-01
1.113333333333334230e-03 2.300120175204619366e-01
1.126666666666666441e-03 2.301982008023433501e-01
1.140000000000000388e-03 2.303724594090912070e-01
1.153333333333332600e-03 2.305355521076504488e-01
1.166666666666666546e-03 2.306881900053849577e-01
1.180000000000000493e-03 2.308310394661902409e-01
1.193333333333332705e-03 2.309647248579170253e-01
1.206666666666666651e-03 2.310898311396178684e-01
1.220000000000000598e-03 2.312069062968654665e-01
1.233333333333332810e-03 2.313164636331143109e-01
1.246666666666666756e-03 2.314189839247833558e-01
1.260000000000000703e-03 2.315149174474354088e-01
1.273333333333332915e-03 2.316046858801297792e-01
1.286666666666666861e-03 2.316886840947156856e-01
1.300000000000000808e-03 2.317672818365316689e-01
1.313333333333333020e-03 2.318408253026764398e-01
1.326666666666666966e-03 2.319096386237212426e-01
1.340000000000000913e-03 2.319740252544460479e-01
1.353333333333333124e-03 2.320342692789003347e-01
1.366666666666667071e-03 2.320906366348167993e-01
1.379999999999999283e-03 2.321433762621449848e-01
1.393333333333333229e-03 2.321927211802159996e-01
1.406666666666667176e-03 2.322388894978054952e-01
1.419999999999999388e-03 2.322820853601311186e-01
1.433333333333333334e-03 2.323224998365923388e-01
1.446666666666667281e-03 2.323603117528499629e-01
1.459999999999999493e-03 2.323956884706376846e-01
1.473333333333333439e-03 2.324287866185024976e-01
1.486666666666667386e-03 2.324597527764882543e-01
1.499999999999999598e-03 2.324887241175985775e-01
1.513333333333333544e-03 2.325158290087109558e-01
1.526666666666667491e-03 2.325411875734546829e-01
1.539999999999999702e-03 2.325649122194166085e-01
1.553333333333333649e-03 2.325871081318972022e-01
1.566666666666667596e-03 2.326078737363047322e-01
1.579999999999999807e-03 2.326273011311513206e-01
1.593333333333333754e-03 2.326454764934938191e-01
1.606666666666665966e-03 2.326624804585503414e-01
1.619999999999999912e-03 2.326783884751171816e-01
1.633333333333333859e-03 2.326932711383137009e-01
1.646666666666666071e-03 2.327071945010830700e-01
1.660000000000000017e-03 2.327202203657946777e-01
1.673333333333333964e-03 2.327324065572068668e-01
1.686666666666666176e-03 2.327438071779706352e-01
1.700000000000000122e-03 2.327544728477838887e-01
1.713333333333334069e-03 2.327644509272322748e-01
1.726666666666666280e-03 2.327737857272931532e-01
1.740000000000000227e-03 2.327825187054123057e-01
1.753333333333334174e-03 2.327906886490113403e-01
1.766666666666666385e-03 2.327983318472244267e-01
1.780000000000000332e-03 2.328054822516177902e-01
1.793333333333334279e-03 2.328121716265936225e-01
1.806666666666666490e-03 2.328184296901376071e-01
1.820000000000000437e-03 2.328242842455294781e-01
1.833333333333332649e-03 2.328297613045900716e-01
1.846666666666666595e-03 2.328348852030123206e-01
1.860000000000000542e-03 2.328396787082770980e-01
1.873333333333332754e-03 2.328441631206348006e-01
1.886666666666666700e-03 2.328483583675916846e-01
1.900000000000000647e-03 2.328522830923213105e-01
1.913333333333332859e-03 2.328559547363883986e-01
1.926666666666666805e-03 2.328593896171510247e-01
1.940000000000000752e-03 2.328626030001831326e-01
1.953333333333332963e-03 2.328656091670358030e-01
1.966666666666666910e-03 2.328684214786368722e-01
1.980000000000000857e-03 2.328710524346110367e-01
1.993333333333333068e-03 2.328735137287793466e-01
2.006666666666667015e-03 2.328758163010866689e-01
2.020000000000000961e-03 2.328779703861844075e-01
2.033333333333333173e-03 2.328799855588850609e-01
2.046666666666667120e-03 2.328818707766891760e-01
2.059999999999999332e-03 2.328836344195733266e-01
2.073333333333333278e-03 2.328852843272146422e-01
2.086666666666667225e-03 2.328868278338176445e-01
2.099999999999999437e-03 2.328882718006972108e-01
2.113333333333333383e-03 2.328896226467623842e-01
2.126666666666667330e-03 2.328908863770358384e-01
2.139999999999999541e-03 2.328920686093352566e-01
2.153333333333333488e-03 2.328931745992363078e-01
2.166666666666667435e-03 2.328942092634258554e-01
2.179999999999999646e-03 2.328951772015505350e-01
2.193333333333333593e-03 2.328960827166573488e-01
2.206666666666667539e-03 2.328969298343167293e-01
2.219999999999999751e-03 2.328977223205122848e-01
2.233333333333333698e-03 2.328984636983788270e-01
2.246666666666665910e-03 2.328991572638598462e-01
2.259999999999999856e-03 2.328998061003568487e-01
2.273333333333333803e-03 2.329004130924341720e-01
2.286666666666666015e-03 2.329009809386392293e-01
2.299999999999999961e-03 2.329015121634980534e-01
2.313333333333333908e-03 2.329020091287359595e-01
2.326666666666666120e-03 2.329024740437751484e-01
2.340000000000000066e-03 2.329029089755562110e-01
2.353333333333334013e-03 2.329033158577257512e-01
2.366666666666666224e-03 2.329036964992315106e-01
2.380000000000000171e-03 2.329040525923637139e-01
2.393333333333334118e-03 2.329043857202780510e-01
2.406666666666666329e-03 2.329046973640330753e-01
2.420000000000000276e-03 2.329049889091739656e-01
2.433333333333334222e-03 2.329052616518919039e-01
2.446666666666666434e-03 2.329055168047868551e-01
2.460000000000000381e-03 2.329057555022572001e-01
2.473333333333332593e-03 2.329059788055435898e-01
2.486666666666666539e-03 2.329061877074466436e-01
2.500000000000000486e-03 2.329063831367399473e-01
2.513333333333332698e-03 2.329065659622998052e-01
2.526666666666666644e-03 2.329067369969675949e-01
2.540000000000000591e-03 2.329068970011637096e-01
2.553333333333332802e-03 2.329070466862677435e-01
2.566666666666666749e-03 2.329071867177814337e-01
2.580000000000000696e-03 2.329073177182874044e-01
2.593333333333332907e-03 2.329074402702164537e-01
2.606666666666666854e-03 2.329075549184378979e-01
2.620000000000000800e-03 2.329076621726811902e-01
2.633333333333333012e-03 2.329077625098023296e-01
2.646666666666666959e-03 2.329078563759041098e-01
2.660000000000000905e-03 2.329079441883188939e-01
2.673333333333333117e-03 2.329080263374646298e-01
2.686666666666667064e-03 2.329081031885802400e-01
2.699999999999999276e-03 2.329081750833498499e-01
2.713333333333333222e-03 2.329082423414213510e-01
2.726666666666667169e-03 2.329083052618276251e-01
2.739999999999999380e-03 2.329083641243168135e-01
2.753333333333333327e-03 2.329084191905947399e-01
2.766666666666667274e-03 2.329084707054896730e-01
2.779999999999999485e-03 2.329085188980400678e-01
2.793333333333333432e-03 2.329085639825130283e-01
2.806666666666667379e-03 2.329086061593572399e-01
2.819999999999999590e-03 2.329086456160938678e-01
2.833333333333333537e-03 2.329086825281503348e-01
2.846666666666667483e-03 2.329087170596401413e-01
2.859999999999999695e-03 2.329087493640930040e-01
2.873333333333333642e-03 2.329087795851367271e-01
2.886666666666667588e-03 2.329088078571364406e-01
2.899999999999999800e-03 2.329088343057915400e-01
2.913333333333333747e-03 2.329088590486946830e-01
2.926666666666665959e-03 2.329088821958550382e-01
2.939999999999999905e-03 2.329089038501864217e-01
2.953333333333333852e-03 2.329089241079658201e-01
2.966666666666666063e-03 2.329089430592608811e-01
2.980000000000000010e-03 2.329089607883306767e-01
2.993333333333333957e-03 2.329089773739999591e-01
3.006666666666666168e-03 2.329089928900101303e-01
3.020000000000000115e-03 2.329090074053467574e-01
3.033333333333334061e-03 2.329090209845459392e-01
3.046666666666666273e-03 2.329090336879820755e-01
3.060000000000000220e-03 2.329090455721357367e-01
3.073333333333334166e-03 2.329090566898447123e-01
3.086666666666666378e-03 2.329090670905395177e-01
3.100000000000000325e-03 2.329090768204624129e-01
3.113333333333334271e-03 2.329090859228734045e-01
3.126666666666666483e-03 2.329090944382427031e-01
3.140000000000000430e-03 2.329091024044304126e-01
3.153333333333332641e-03 2.329091098568547291e-01
3.166666666666666588e-03 2.329091168286498148e-01
3.180000000000000535e-03 2.329091233508130410e-01
3.193333333333332746e-03 2.329091294523422395e-01
3.206666666666666693e-03 2.329091351603657101e-01
3.220000000000000639e-03 2.329091405002615689e-01
3.233333333333332851e-03 2.329091454957713525e-01
3.246666666666666798e-03 2.329091501691058497e-01
3.260000000000000744e-03 2.329091545410429953e-01
3.273333333333332956e-03 2.329091586310207684e-01
3.286666666666666903e-03 2.329091624572234842e-01
3.300000000000000849e-03 2.329091660366629235e-01
3.313333333333333061e-03 2.329091693852536060e-01
3.326666666666667008e-03 2.329091725178835115e-01
3.340000000000000954e-03 2.329091754484806931e-01
3.353333333333333166e-03 2.329091781900749503e-01
3.366666666666667113e-03 2.329091807548555604e-01
3.379999999999999324e-03 2.329091831542256519e-01
3.393333333333333271e-03 2.329091853988532745e-01
3.406666666666667218e-03 2.329091874987179733e-01
3.419999999999999429e-03 2.329091894631560300e-01
3.433333333333333376e-03 2.329091913009017634e-01
3.446666666666667322e-03 2.329091930201255822e-01
3.459999999999999534e-03 2.329091946284715664e-01
3.473333333333333481e-03 2.329091961330904126e-01
3.486666666666667427e-03 2.329091975406718529e-01
3.499999999999999639e-03 2.329091988574741867e-01
3.513333333333333586e-03 2.329092000893519809e-01
3.526666666666667532e-03 2.329092012417821878e-01
3.539999999999999744e-03 2.329092023198886530e-01
3.553333333333333691e-03 2.329092033284649865e-01
3.566666666666667637e-03 2.329092042719949351e-01
3.579999999999999849e-03 2.329092051546740871e-01
3.593333333333333796e-03 2.329092059804263315e-01
3.606666666666666007e-03 2.329092067529236199e-01
3.619999999999999954e-03 2.329092074755999275e-01
3.633333333333333900e-03 2.329092081516688506e-01
3.646666666666666112e-03 2.329092087841359848e-01
3.660000000000000059e-03 2.329092093758133586e-01
3.673333333333334005e-03 2.329092099293318674e-01
3.686666666666666217e-03 2.329092104471520430e-01
3.700000000000000164e-03 2.329092109315766546e-01
3.713333333333334110e-03 2.329092113847591183e-01
3.726666666666666322e-03 2.329092118087146002e-01
3.740000000000000269e-03 2.329092122053277591e-01
3.753333333333334215e-03 2.329092125763622678e-01
3.766666666666666427e-03 2.329092129234675845e-01
3.780000000000000374e-03 2.329092132481870026e-01
3.793333333333332585e-03 2.329092135519643392e-01
3.806666666666666532e-03 2.329092138361501529e-01
3.820000000000000479e-03 2.329092141020079609e-01
3.833333333333332690e-03 2.329092143507199009e-01
3.846666666666666637e-03 2.329092145833915051e-01
3.860000000000000583e-03 2.329092148010573904e-01
3.873333333333332795e-03 2.329092150046854770e-01
3.886666666666666742e-03 2.329092151951809297e-01
3.900000000000000688e-03 2.329092153733907100e-01
3.913333333333332900e-03 2.329092155401072672e-01
3.926666666666666847e-03 2.329092156960717586e-01
3.940000000000000793e-03 2.329092158419776015e-01
3.953333333333333005e-03 2.329092159784735550e-01
3.966666666666666952e-03 2.329092161061665223e-01
3.980000000000000898e-03 2.329092162256241327e-01
3.993333333333333110e-03 2.329092163373775448e-01
4.006666666666667057e-03 2.329092164419236666e-01
4.019999999999999268e-03 2.329092165397272096e-01
4.033333333333333215e-03 2.329092166312232426e-01
4.046666666666667161e-03 2.329092167168183014e-01
4.059999999999999373e-03 2.329092167968932758e-01
4.073333333333333320e-03 2.329092168718037703e-01
4.086666666666667266e-03 2.329092169418831293e-01
4.099999999999999478e-03 2.329092170074428259e-01
4.113333333333333425e-03 2.329092170687744878e-01
4.126666666666667371e-03 2.329092171261505084e-01
4.139999999999999583e-03 2.329092171798263777e-01
4.153333333333333530e-03 2.329092172300404051e-01
4.166666666666667476e-03 2.329092172770159952e-01
4.179999999999999688e-03 2.329092173209619809e-01
4.193333333333333635e-03 2.329092173620738726e-01
4.206666666666667581e-03 2.329092174005341354e-01
4.219999999999999793e-03 2.329092174365139933e-01
4.233333333333333739e-03 2.329092174701735407e-01
4.246666666666665951e-03 2.329092175016622690e-01
4.259999999999999898e-03 2.329092175311200941e-01
4.273333333333333844e-03 2.329092175586781610e-01
4.286666666666666056e-03 2.329092175844590107e-01
4.300000000000000003e-03 2.329092176085770793e-01
4.313333333333333949e-03 2.329092176311396145e-01
4.326666666666666161e-03 2.329092176522471191e-01
4.340000000000000108e-03 2.329092176719934348e-01
4.353333333333334054e-03 2.329092176904661304e-01
4.366666666666666266e-03 2.329092177077474457e-01
4.380000000000000213e-03 2.329092177239143746e-01
4.393333333333334159e-03 2.329092177390384988e-01
4.406666666666666371e-03 2.329092177531872643e-01
4.420000000000000318e-03 2.329092177664234820e-01
4.433333333333334264e-03 2.329092177788061602e-01
4.446666666666666476e-03 2.329092177903901995e-01
4.460000000000000422e-03 2.329092178012271697e-01
4.473333333333332634e-03 2.329092178113651712e-01
4.486666666666666581e-03 2.329092178208494179e-01
4.500000000000000527e-03 2.329092178297219595e-01
4.513333333333332739e-03 2.329092178380222089e-01
4.526666666666666686e-03 2.329092178457872475e-01
4.540000000000000632e-03 2.329092178530514645e-01
4.553333333333332844e-03 2.329092178598472507e-01
4.566666666666666791e-03 2.329092178662046930e-01
4.580000000000000737e-03 2.329092178721522410e-01
4.593333333333332949e-03 2.329092178777159294e-01
4.606666666666666896e-03 2.329092178829210991e-01
4.620000000000000842e-03 2.329092178877903985e-01
4.633333333333333054e-03 2.329092178923457823e-01
4.646666666666667000e-03 2.329092178966072624e-01
4.660000000000000947e-03 2.329092179005939622e-01
4.673333333333333159e-03 2.329092179043236177e-01
4.686666666666667105e-03 2.329092179078125491e-01
4.699999999999999317e-03 2.329092179110765770e-01
4.713333333333333264e-03 2.329092179141301067e-01
4.726666666666667210e-03 2.329092179169867105e-01
4.739999999999999422e-03 2.329092179196590728e-01
4.753333333333333369e-03 2.329092179221590453e-01
4.766666666666667315e-03 2.329092179244979799e-01
4.779999999999999527e-03 2.329092179266858131e-01
4.793333333333333474e-03 2.329092179287326203e-01
4.806666666666667420e-03 2.329092179306475607e-01
4.819999999999999632e-03 2.329092179324388223e-01
4.833333333333333579e-03 2.329092179341146485e-01
4.846666666666667525e-03 2.329092179356822834e-01
4.859999999999999737e-03 2.329092179371489435e-01
4.873333333333333683e-03 2.329092179385209571e-01
4.886666666666667630e-03 2.329092179398045970e-01
4.899999999999999842e-03 2.329092179410053587e-01
4.913333333333333788e-03 2.329092179421286546e-01
4.926666666666666000e-03 2.329092179431795362e-01
4.939999999999999947e-03 2.329092179441626664e-01
4.953333333333333893e-03 2.329092179450822919e-01
4.966666666666666105e-03 2.329092179459427703e-01
4.980000000000000052e-03 2.329092179467475709e-01
4.993333333333333998e-03 2.329092179475006352e-01
5.006666666666666210e-03 2.329092179482051272e-01
5.020000000000000157e-03 2.329092179488640169e-01
5.033333333333334103e-03 2.329092179494804682e-01
5.046666666666666315e-03 2.329092179500573678e-01
5.060000000000000261e-03 2.329092179505967974e-01
5.073333333333334208e-03 2.329092179511015326e-01
5.086666666666666420e-03 2.329092179515737659e-01
5.100000000000000366e-03 2.329092179520154959e-01
5.113333333333332578e-03 2.329092179524287487e-01
5.126666666666666525e-03 2.329092179528152728e-01
5.140000000000000471e-03 2.329092179531770945e-01
5.153333333333332683e-03 2.329092179535153795e-01
5.166666666666666630e-03 2.329092179538318763e-01
5.180000000000000576e-03 2.329092179541280005e-01
5.193333333333332788e-03 2.329092179544050567e-01
5.206666666666666735e-03 2.329092179546640717e-01
5.220000000000000681e-03 2.329092179549065444e-01
5.233333333333332893e-03 2.329092179551333075e-01
5.246666666666666839e-03 2.329092179553454434e-01
5.260000000000000786e-03 2.329092179555438957e-01
5.273333333333332998e-03 2.329092179557296083e-01
5.286666666666666944e-03 2.329092179559033859e-01
5.300000000000000891e-03 2.329092179560658116e-01
5.313333333333333103e-03 2.329092179562178566e-01
5.326666666666667049e-03 2.329092179563601595e-01
5.339999999999999261e-03 2.329092179564932197e-01
5.353333333333333208e-03 2.329092179566177034e-01
5.366666666666667154e-03 2.329092179567341103e-01
5.379999999999999366e-03 2.329092179568430787e-01
5.393333333333333313e-03 2.329092179569449694e-01
5.406666666666667259e-03 2.329092179570402821e-01
5.419999999999999471e-03 2.329092179571294330e-01
5.433333333333333418e-03 2.329092179572129218e-01
5.446666666666667364e-03 2.329092179572909427e-01
5.459999999999999576e-03 2.329092179573639121e-01
5.473333333333333522e-03 2.329092179574323018e-01
5.486666666666667469e-03 2.329092179574961397e-01
5.499999999999999681e-03 2.329092179575559252e-01
5.513333333333333627e-03 2.329092179576118804e-01
5.526666666666667574e-03 2.329092179576642274e-01
5.539999999999999786e-03 2.329092179577131605e-01
5.553333333333333732e-03 2.329092179577590682e-01
5.566666666666665944e-03 2.329092179578017008e-01
5.579999999999999891e-03 2.329092179578418353e-01
5.593333333333333837e-03 2.329092179578793886e-01
5.606666666666666049e-03 2.329092179579144439e-01
5.619999999999999996e-03 2.329092179579471400e-01
5.633333333333333942e-03 2.329092179579779487e-01
5.646666666666666154e-03 2.329092179580065924e-01
5.660000000000000100e-03 2.329092179580334876e-01
5.673333333333334047e-03 2.329092179580586619e-01
5.686666666666666259e-03 2.329092179580820876e-01
5.700000000000000205e-03 2.329092179581040700e-01
5.713333333333334152e-03 2.329092179581246924e-01
5.726666666666666364e-03 2.329092179581438993e-01
5.740000000000000310e-03 2.329092179581619404e-01
5.753333333333334257e-03 2.329092179581787603e-01
5.766666666666666469e-03 2.329092179581946365e-01
5.780000000000000415e-03 2.329092179582092914e-01
5.793333333333332627e-03 2.329092179582231137e-01
5.806666666666666574e-03 2.329092179582360200e-01
5.820000000000000520e-03 2.329092179582481215e-01
5.833333333333332732e-03 2.329092179582593070e-01
5.846666666666666679e-03 2.329092179582699929e-01
5.860000000000000625e-03 2.329092179582797351e-01
5.873333333333332837e-03 2.329092179582890332e-01
5.886666666666666783e-03 2.329092179582976652e-01
5.900000000000000730e-03 2.329092179583057143e-01
5.913333333333332942e-03 2.329092179583133748e-01
5.926666666666666888e-03 2.329092179583204525e-01
5.940000000000000835e-03 2.329092179583270583e-01
5.953333333333333047e-03 2.329092179583333311e-01
5.966666666666666993e-03 2.329092179583390210e-01
5.980000000000000940e-03 2.329092179583444056e-01
5.993333333333333152e-03 2.329092179583495681e-01
6.006666666666667098e-03 2.329092179583542588e-01
6.019999999999999310e-03 2.329092179583588107e-01
6.033333333333333257e-03 2.329092179583628908e-01
6.046666666666667203e-03 2.329092179583666933e-01
6.059999999999999415e-03 2.329092179583704958e-01
6.073333333333333361e-03 2.329092179583737987e-01
6.086666666666667308e-03 2.329092179583770461e-01
6.099999999999999520e-03 2.329092179583799049e-01
6.113333333333333466e-03 2.329092179583827638e-01
6.126666666666667413e-03 2.329092179583852895e-01
6.139999999999999625e-03 2.329092179583878985e-01
6.153333333333333571e-03 2.329092179583900080e-01
6.166666666666667518e-03 2.329092179583921729e-01
6.179999999999999730e-03 2.329092179583942268e-01
6.193333333333333676e-03 2.329092179583960864e-01
6.206666666666667623e-03 2.329092179583978350e-01
6.219999999999999835e-03 2.329092179583995559e-01
6.233333333333333781e-03 2.329092179584009714e-01
6.246666666666665993e-03 2.329092179584023869e-01
6.259999999999999939e-03 2.329092179584036915e-01
6.273333333333333886e-03 2.329092179584050515e-01
6.286666666666666098e-03 2.329092179584061617e-01
6.300000000000000044e-03 2.329092179584072719e-01
6.313333333333333991e-03 2.329092179584082434e-01
6.326666666666666203e-03 2.329092179584092981e-01
6.340000000000000149e-03 2.329092179584101308e-01
6.353333333333334096e-03 2.329092179584110189e-01
6.366666666666666308e-03 2.329092179584116851e-01
6.380000000000000254e-03 2.329092179584124900e-01
6.393333333333334201e-03 2.329092179584132116e-01
6.406666666666666413e-03 2.329092179584138778e-01
6.420000000000000359e-03 2.329092179584144884e-01
6.433333333333332571e-03 2.329092179584150157e-01
6.446666666666666518e-03 2.329092179584155986e-01
6.460000000000000464e-03 2.329092179584160704e-01
6.473333333333332676e-03 2.329092179584165145e-01
6.486666666666666622e-03 2.329092179584168476e-01
6.500000000000000569e-03 2.329092179584173194e-01
6.513333333333332781e-03 2.329092179584177635e-01
6.526666666666666727e-03 2.329092179584180966e-01
6.540000000000000674e-03 2.329092179584184297e-01
6.553333333333332886e-03 2.329092179584187350e-01
6.566666666666666832e-03 2.329092179584189015e-01
6.580000000000000779e-03 2.329092179584192346e-01
6.593333333333332991e-03 2.329092179584194011e-01
6.606666666666666937e-03 2.329092179584198452e-01
6.620000000000000884e-03 2.329092179584200117e-01
6.633333333333333096e-03 2.329092179584201505e-01
6.646666666666667042e-03 2.329092179584203448e-01
6.659999999999999254e-03 2.329092179584205113e-01
6.673333333333333200e-03 2.329092179584206779e-01
6.686666666666667147e-03 2.329092179584208167e-01
6.699999999999999359e-03 2.329092179584209554e-01
6.713333333333333305e-03 2.329092179584210942e-01
6.726666666666667252e-03 2.329092179584212607e-01
6.739999999999999464e-03 2.329092179584213718e-01
6.753333333333333410e-03 2.329092179584213995e-01
6.766666666666667357e-03 2.329092179584215661e-01
6.779999999999999569e-03 2.329092179584217048e-01
6.793333333333333515e-03 2.329092179584217326e-01
6.806666666666667462e-03 2.329092179584218714e-01
6.819999999999999674e-03 2.329092179584218991e-01
6.833333333333333620e-03 2.329092179584220379e-01
6.846666666666667567e-03 2.329092179584221767e-01
6.859999999999999779e-03 2.329092179584221767e-01
6.873333333333333725e-03 2.329092179584223432e-01
6.886666666666665937e-03 2.329092179584223432e-01
6.899999999999999883e-03 2.329092179584223432e-01
6.913333333333333830e-03 2.329092179584225097e-01
6.926666666666666042e-03 2.329092179584225097e-01
6.939999999999999988e-03 2.329092179584225097e-01
6.953333333333333935e-03 2.329092179584225097e-01
6.966666666666666147e-03 2.329092179584226485e-01
6.980000000000000093e-03 2.329092179584226485e-01
6.993333333333334040e-03 2.329092179584226485e-01
7.006666666666666252e-03 2.329092179584226485e-01
7.020000000000000198e-03 2.329092179584226763e-01
7.033333333333334145e-03 2.329092179584226763e-01
7.046666666666666357e-03 2.329092179584228151e-01
7.060000000000000303e-03 2.329092179584228151e-01
7.073333333333334250e-03 2.329092179584228151e-01
7.086666666666666461e-03 2.329092179584228151e-01
7.100000000000000408e-03 2.329092179584228151e-01
7.113333333333332620e-03 2.329092179584228428e-01
7.126666666666666566e-03 2.329092179584228428e-01
7.140000000000000513e-03 2.329092179584228428e-01
7.153333333333332725e-03 2.329092179584229816e-01
7.166666666666666671e-03 2.329092179584229816e-01
7.180000000000000618e-03 2.329092179584229816e-01
7.193333333333332830e-03 2.329092179584229816e-01
7.206666666666666776e-03 2.329092179584229816e-01
7.220000000000000723e-03 2.329092179584229816e-01
7.233333333333332935e-03 2.329092179584229816e-01
7.246666666666666881e-03 2.329092179584229816e-01
7.260000000000000828e-03 2.329092179584229816e-01
7.273333333333333039e-03 2.329092179584229816e-01
7.286666666666666986e-03 2.329092179584229816e-01
7.300000000000000933e-03 2.329092179584230093e-01
7.313333333333333144e-03 2.329092179584230093e-01
7.326666666666667091e-03 2.329092179584230093e-01
7.339999999999999303e-03 2.329092179584230093e-01
7.353333333333333249e-03 2.329092179584230093e-01
7.366666666666667196e-03 2.329092179584230093e-01
7.379999999999999408e-03 2.329092179584230093e-01
7.393333333333333354e-03 2.329092179584230093e-01
7.406666666666667301e-03 2.329092179584231481e-01
7.419999999999999513e-03 2.329092179584231481e-01
7.433333333333333459e-03 2.329092179584231481e-01
7.446666666666667406e-03 2.329092179584231481e-01
7.459999999999999618e-03 2.329092179584231481e-01
7.473333333333333564e-03 2.329092179584231481e-01
7.486666666666667511e-03 2.329092179584231481e-01
7.499999999999999722e-03 2.329092179584231481e-01
7.513333333333333669e-03 2.329092179584231481e-01
7.526666666666667616e-03 2.329092179584231481e-01
7.539999999999999827e-03 2.329092179584231481e-01
7.553333333333333774e-03 2.329092179584231481e-01
7.566666666666665986e-03 2.329092179584231481e-01
7.579999999999999932e-03 2.329092179584231481e-01
7.593333333333333879e-03 2.329092179584231481e-01
7.606666666666666091e-03 2.329092179584231481e-01
7.620000000000000037e-03 2.329092179584231481e-01
7.633333333333333984e-03 2.329092179584231481e-01
7.646666666666667930e-03 2.329092179584231481e-01
7.659999999999998407e-03 2.329092179584231481e-01
7.673333333333332354e-03 2.329092179584231481e-01
7.686666666666666300e-03 2.329092179584231481e-01
7.700000000000000247e-03 2.329092179584231481e-01
7.713333333333334194e-03 2.329092179584231481e-01
7.726666666666668140e-03 2.329092179584231481e-01
7.739999999999998617e-03 2.329092179584231481e-01
7.753333333333332564e-03 2.329092179584231481e-01
7.766666666666666510e-03 2.329092179584231481e-01
7.780000000000000457e-03 2.329092179584231481e-01
7.793333333333334403e-03 2.329092179584231481e-01
7.806666666666668350e-03 2.329092179584231481e-01
7.819999999999998827e-03 2.329092179584231481e-01
7.833333333333332774e-03 2.329092179584231481e-01
7.846666666666666720e-03 2.329092179584231481e-01
7.860000000000000667e-03 2.329092179584231481e-01
7.873333333333334613e-03 2.329092179584231481e-01
7.886666666666665090e-03 2.329092179584231481e-01
7.899999999999999037e-03 2.329092179584231481e-01
7.913333333333332983e-03 2.329092179584231481e-01
7.926666666666666930e-03 2.329092179584231481e-01
7.940000000000000877e-03 2.329092179584231481e-01
7.953333333333334823e-03 2.329092179584231481e-01
7.966666666666665300e-03 2.329092179584231481e-01
7.979999999999999247e-03 2.329092179584231481e-01
7.993333333333333193e-03 2.329092179584231481e-01
