            2           74          224
            0           32           96
            1           32           97
            2           32           98
            0           33           99
            1           33          100
            2           33          101
            0           34          102
            1           34          103
            2           34          104
            0           35          105
            1           35          106
            2           35          107
            0           36          108
            1           36          109
            2           36          110
            0           37          111
            1           37          112
            2           37          113
            0           38          114
            1           38          115
            2           38          116
            0           39          117
            1           39          118
            2           39          119
            0           40          120
            1           40          121
            2           40          122
            0           41          123
            1           41          124
            2           41          125
            0           42          126
            1           42          127
            2           10           32
            0           11           33
            1           11           34
            2           11           35
            0           12           36
            1           12           37
            2           12           38
            0           13           39
            1           13           40
            2           13           41
            0           14           42
            1           14           43
            2           14           44
            0           15           45
            1           15           46
            2           15           47
            0           16           48
            1           16           49
            2           16           50
            0           17           51
            1           17           52
            2           17           53
            0           18           54
            1           18           55
            2           18           56
            0           19           57
            1           19           58
            2           19           59
            0           20           60
            1           20           61
            2           20           62
            0           21           63
            0            0            0
            1            0            1
            2            0            2
            0            1            3
            1            1            4
            2            1            5
            0            2            6
            1            2            7
            2            2            8
            0            3            9
            1            3           10
            2            3           11
            0            4           12
            1            4           13
            2            4           14
            0            5           15
            1            5           16
            2            5           17
            0            6           18
            1            6           19
            2            6           20
            0            7           21
            1            7           22
            2            7           23
            0            8           24
            1            8           25
            2            8           26
            0            9           27
            1            9           28
            2            9           29
            0           10           30
            1           10           31
            1           53          160
            2           53          161
            0           54          162
            1           54          163
            2           54          164
            0           55          165
            1           55          166
            2           55          167
            0           56          168
            1           56          169
            2           56          170
            0           57          171
            1           57          172
            2           57          173
            0           58          174
            1           58          175
            2           58          176
            0           59          177
            1           59          178
            2           59          179
            0           60          180
            1           60          181
            2           60          182
            0           61          183
            1           61          184
            2           61          185
            0           62          186
            1           62          187
            2           62          188
            0           63          189
            1           63          190
            2           63          191
            0           64          192
            1           64          193
            2           64          194
            0           65          195
            1           65          196
            2           65          197
            0           66          198
            1           66          199
            2           66          200
            0           67          201
            1           67          202
            2           67          203
            0           68          204
            1           68          205
            2           68          206
            0           69          207
            1           69          208
            2           69          209
            0           70          210
            1           70          211
            2           70          212
            0           71          213
            1           71          214
            2           71          215
            0           72          216
            1           72          217
            2           72          218
            0           73          219
            1           73          220
            2           73          221
            0           74          222
            1           74          223
            2           42          128
            0           43          129
            1           43          130
            2           43          131
            0           44          132
            1           44          133
            2           44          134
            0           45          135
            1           45          136
            2           45          137
            0           46          138
            1           46          139
            2           46          140
            0           47          141
            1           47          142
            2           47          143
            0           48          144
            1           48          145
            2           48          146
            0           49          147
            1           49          148
            2           49          149
            0           50          150
            1           50          151
            2           50          152
            0           51          153
            1           51          154
            2           51          155
            0           52          156
            1           52          157
            2           52          158
            0           53          159
            1           21           64
            2           21           65
            0           22           66
            1           22           67
            2           22           68
            0           23           69
            1           23           70
            2           23           71
            0           24           72
            1           24           73
            2           24           74
            0           25           75
            1           25           76
            2           25           77
            0           26           78
            1           26           79
            2           26           80
            0           27           81
            1           27           82
            2           27           83
            0           28           84
            1           28           85
            2           28           86
            0           29           87
            1           29           88
            2           29           89
            0           30           90
            1           30           91
            2           30           92
            0           31           93
            1           31           94
            2           31           95
