  1.56097560975610e-05  -5.74612177075460e-21
  3.12195121951220e-05  -5.74612177631372e-21
  4.68292682926829e-05  -5.74612178187285e-21
  6.24390243902439e-05  -5.74612178743198e-21
  7.80487804878049e-05  -5.74612179299110e-21
  9.36585365853659e-05  -5.74612179855023e-21
  1.09268292682927e-04  -5.74612180410936e-21
  1.24878048780488e-04  -5.74612180966848e-21
  1.40487804878049e-04  -5.74612181522761e-21
  1.56097560975610e-04  -5.74612182078674e-21
  1.71707317073171e-04  -5.74612182634587e-21
  1.87317073170732e-04  -5.74612183190499e-21
  2.02926829268293e-04  -5.74612183746412e-21
  2.18536585365854e-04  -5.74612184302325e-21
  2.34146341463415e-04  -5.74612184858237e-21
  2.49756097560976e-04  -5.74612185414150e-21
  2.65365853658537e-04  -5.74612185970063e-21
  2.80975609756098e-04  -5.74612186525975e-21
  2.96585365853659e-04  -5.74612187081888e-21
  3.12195121951220e-04  -5.74612187637801e-21
  3.27804878048781e-04  -5.74612188193713e-21
  3.43414634146341e-04  -5.74612188749626e-21
  3.59024390243903e-04  -5.74612189305539e-21
  3.74634146341463e-04  -5.74612189861451e-21
  3.90243902439024e-04  -5.74612190417364e-21
  4.05853658536585e-04  -5.74612190973277e-21
  4.21463414634146e-04  -5.74612191529189e-21
  4.37073170731707e-04  -5.74612192085102e-21
  4.52682926829268e-04  -5.74612192641015e-21
  4.68292682926829e-04  -5.74612193196927e-21
  4.83902439024390e-04  -5.74612193752840e-21
  4.99512195121951e-04  -5.74612194308753e-21
  5.15121951219512e-04  -5.74612194864665e-21
  5.30731707317073e-04  -5.74612195420578e-21
  5.46341463414634e-04  -5.74612195976491e-21
  5.61951219512195e-04  -5.74612196532404e-21
  5.77560975609756e-04  -5.74612197088316e-21
  5.93170731707317e-04  -5.74612200364795e-21
  6.08780487804878e-04  -5.74612208409579e-21
  6.24390243902439e-04  -5.74612216454363e-21
  6.40000000000000e-04  -5.74612224499146e-21
  6.55609756097561e-04  -5.74612232543930e-21
  6.71219512195122e-04  -5.74612240588714e-21
  6.86829268292683e-04  -5.74612248633497e-21
  7.02439024390244e-04  -5.74612256678281e-21
  7.18048780487805e-04  -5.74612264723065e-21
  7.33658536585366e-04  -5.74612272767848e-21
  7.49268292682927e-04  -5.74612280812632e-21
  7.64878048780488e-04  -5.74612288857416e-21
  7.80487804878049e-04  -5.74612296902200e-21
  7.96097560975610e-04  -5.74612304946983e-21
  8.11707317073171e-04  -5.74612312991767e-21
  8.27317073170732e-04  -5.74612321036551e-21
  8.42926829268293e-04  -5.74612329081334e-21
  8.58536585365854e-04  -5.74612337126118e-21
  8.74146341463415e-04  -5.74612345170902e-21
  8.89756097560976e-04  -5.74612353215685e-21
  9.05365853658537e-04  -5.74612361260469e-21
  9.20975609756098e-04  -5.74612369305253e-21
  9.36585365853659e-04  -5.74612377350036e-21
  9.52195121951220e-04  -5.74612385394820e-21
  9.67804878048781e-04  -5.74612393439604e-21
  9.83414634146342e-04  -5.74612401484387e-21
  9.99024390243903e-04  -5.74612409529171e-21
  1.01463414634146e-03  -5.74612417573955e-21
  1.03024390243902e-03  -5.74612425618738e-21
  1.04585365853659e-03  -5.74612433663522e-21
  1.06146341463415e-03  -5.74612441708306e-21
  1.07707317073171e-03  -5.74612449753090e-21
  1.09268292682927e-03  -5.74612457797873e-21
  1.10829268292683e-03  -5.74612465842657e-21
  1.12390243902439e-03  -5.74612473887441e-21
  1.13951219512195e-03  -5.74612481932224e-21
  1.15512195121951e-03  -5.74612489977008e-21
  1.17073170731707e-03  -5.74612498021792e-21
  1.18634146341463e-03  -5.74612506066575e-21
  1.20195121951220e-03  -5.74612514111359e-21
  1.21756097560976e-03  -5.74612522156143e-21
  1.23317073170732e-03  -5.74612530200926e-21
  1.24878048780488e-03  -5.74612538245710e-21
  1.26439024390244e-03  -5.74612546290494e-21
  1.28000000000000e-03  -5.74612554335278e-21
  1.29560975609756e-03  -5.74612562380061e-21
  1.31121951219512e-03  -5.74612570424845e-21
  1.32682926829268e-03  -5.74612578469629e-21
  1.34243902439024e-03  -5.74612586514412e-21
  1.35804878048781e-03  -5.74612594559196e-21
  1.37365853658537e-03  -5.74612602603980e-21
  1.38926829268293e-03  -5.74612610648763e-21
  1.40487804878049e-03  -5.74612618693547e-21
  1.42048780487805e-03  -5.74612626738331e-21
  1.43609756097561e-03  -5.74612634783114e-21
  1.45170731707317e-03  -5.74612642827898e-21
  1.46731707317073e-03  -5.74612650872682e-21
  1.48292682926829e-03  -5.74612658917465e-21
  1.49853658536585e-03  -5.74612666962249e-21
  1.51414634146341e-03  -5.74612675007033e-21
  1.52975609756098e-03  -5.74612683051816e-21
  1.54536585365854e-03  -5.74612691096600e-21
  1.56097560975610e-03  -5.74612699141384e-21
  1.57658536585366e-03  -5.74612707186168e-21
  1.59219512195122e-03  -5.74612715230951e-21
  1.60780487804878e-03  -5.74612723275735e-21
  1.62341463414634e-03  -5.74612731320519e-21
  1.63902439024390e-03  -5.74612739365302e-21
  1.65463414634146e-03  -5.74612747410086e-21
  1.67024390243902e-03  -5.74612755454870e-21
  1.68585365853659e-03  -5.74612763499653e-21
  1.70146341463415e-03  -5.74612771544437e-21
  1.71707317073171e-03  -5.74612779589221e-21
  1.73268292682927e-03  -5.74612787634004e-21
  1.74829268292683e-03  -5.74612795678788e-21
  1.76390243902439e-03  -5.74612803723572e-21
  1.77951219512195e-03  -5.74612811768355e-21
  1.79512195121951e-03  -5.74612819813139e-21
  1.81073170731707e-03  -5.74612827857923e-21
  1.82634146341463e-03  -5.74612835902706e-21
  1.84195121951220e-03  -5.74612843947490e-21
  1.85756097560976e-03  -5.74612851992274e-21
  1.87317073170732e-03  -5.74612860037058e-21
  1.88878048780488e-03  -5.74612868081841e-21
  1.90439024390244e-03  -5.74612876126625e-21
  1.92000000000000e-03  -5.74612884171409e-21
  1.93560975609756e-03  -5.74612892216192e-21
  1.95121951219512e-03  -5.74612900260976e-21
  1.96682926829268e-03  -5.74612908305760e-21
  1.98243902439024e-03  -5.74612916350543e-21
  1.99804878048781e-03  -5.74612924395327e-21
  2.01365853658537e-03  -5.74612932440111e-21
  2.02926829268293e-03  -5.74612940484894e-21
  2.04487804878049e-03  -5.74612948529678e-21
  2.06048780487805e-03  -5.74612956574462e-21
  2.07609756097561e-03  -5.74612964619246e-21
  2.09170731707317e-03  -5.74612972664029e-21
  2.10731707317073e-03  -5.74612980708813e-21
  2.12292682926829e-03  -5.74612988753597e-21
  2.13853658536585e-03  -5.74612996798380e-21
  2.15414634146341e-03  -5.74613004843164e-21
  2.16975609756098e-03  -5.74613012887948e-21
  2.18536585365854e-03  -5.74613020932731e-21
  2.20097560975610e-03  -5.74613102062135e-21
  2.21658536585366e-03  -5.74613194766026e-21
  2.23219512195122e-03  -5.74613287469917e-21
  2.24780487804878e-03  -5.74613380173807e-21
  2.26341463414634e-03  -5.74613472877698e-21
  2.27902439024390e-03  -5.74613565581589e-21
  2.29463414634146e-03  -5.74613658285480e-21
  2.31024390243902e-03  -5.74613750989371e-21
  2.32585365853659e-03  -5.74613843693262e-21
  2.34146341463415e-03  -5.74613936397153e-21
  2.35707317073171e-03  -5.74614029101044e-21
  2.37268292682927e-03  -5.74614121804934e-21
  2.38829268292683e-03  -5.74614214508825e-21
  2.40390243902439e-03  -5.74614307212716e-21
  2.41951219512195e-03  -5.74614399916607e-21
  2.43512195121951e-03  -5.74614492620498e-21
  2.45073170731707e-03  -5.74614585324389e-21
  2.46634146341463e-03  -5.74614678028280e-21
  2.48195121951220e-03  -5.74614770732171e-21
  2.49756097560976e-03  -5.74614863436061e-21
  2.51317073170732e-03  -5.74614956139952e-21
  2.52878048780488e-03  -5.74615048843843e-21
  2.54439024390244e-03  -5.74615141547734e-21
  2.56000000000000e-03  -5.74615234251625e-21
  2.57560975609756e-03  -5.74615326955516e-21
  2.59121951219512e-03  -5.74615419659407e-21
  2.60682926829268e-03  -5.74615512363298e-21
  2.62243902439024e-03  -5.74615605067188e-21
  2.63804878048781e-03  -5.74615697771079e-21
  2.65365853658537e-03  -5.74615790474970e-21
  2.66926829268293e-03  -5.74615883178861e-21
  2.68487804878049e-03  -5.74615975882752e-21
  2.70048780487805e-03  -5.74616068586643e-21
  2.71609756097561e-03  -5.74616161290534e-21
  2.73170731707317e-03  -5.74616253994424e-21
  2.74731707317073e-03  -5.74616346698315e-21
  2.76292682926829e-03  -5.74616439402206e-21
  2.77853658536585e-03  -5.74616532106097e-21
  2.79414634146342e-03  -5.74616624809988e-21
  2.80975609756098e-03  -5.74616717513879e-21
  2.82536585365854e-03  -5.74616810217770e-21
  2.84097560975610e-03  -5.74616902921661e-21
  2.85658536585366e-03  -5.74616995625551e-21
  2.87219512195122e-03  -5.74617088329442e-21
  2.88780487804878e-03  -5.74617181033333e-21
  2.90341463414634e-03  -5.74617273737224e-21
  2.91902439024390e-03  -5.74617366441115e-21
  2.93463414634146e-03  -5.74617459145006e-21
  2.95024390243902e-03  -5.74617551848897e-21
  2.96585365853659e-03  -5.74617644552787e-21
  2.98146341463415e-03  -5.74617737256678e-21
  2.99707317073171e-03  -5.74618126834044e-21
  3.01268292682927e-03  -5.74618703611881e-21
  3.02829268292683e-03  -5.74619280389718e-21
  3.04390243902439e-03  -5.74619857167555e-21
  3.05951219512195e-03  -5.74620433945392e-21
  3.07512195121951e-03  -5.74621010723229e-21
  3.09073170731707e-03  -5.74621587501066e-21
  3.10634146341463e-03  -5.74622164278903e-21
  3.12195121951220e-03  -5.74622741056740e-21
  3.13756097560976e-03  -5.74623317834577e-21
  3.15317073170732e-03  -5.74623894612414e-21
  3.16878048780488e-03  -5.74624471390251e-21
  3.18439024390244e-03  -5.74625048168088e-21
  3.20000000000000e-03  -5.74625624945925e-21
  3.21560975609756e-03  -5.74626201723762e-21
  3.23121951219512e-03  -5.74626778501599e-21
  3.24682926829268e-03  -5.74627355279436e-21
  3.26243902439024e-03  -5.74627932057273e-21
  3.27804878048781e-03  -5.74628508835110e-21
  3.29365853658537e-03  -5.74629085612947e-21
  3.30926829268293e-03  -5.74629662390784e-21
  3.32487804878049e-03  -5.74630239168621e-21
  3.34048780487805e-03  -5.74630815946458e-21
  3.35609756097561e-03  -5.74631392724295e-21
  3.37170731707317e-03  -5.74631969502132e-21
  3.38731707317073e-03  -5.74632546279969e-21
  3.40292682926829e-03  -5.74635077806379e-21
  3.41853658536585e-03  -5.74637632511625e-21
  3.43414634146342e-03  -5.74640187216871e-21
  3.44975609756098e-03  -5.74642741922118e-21
  3.46536585365854e-03  -5.74645296627364e-21
  3.48097560975610e-03  -5.74647851332610e-21
  3.49658536585366e-03  -5.74650406037856e-21
  3.51219512195122e-03  -5.74652960743103e-21
  3.52780487804878e-03  -5.74655515448349e-21
  3.54341463414634e-03  -5.74658070153595e-21
  3.55902439024390e-03  -5.74660624858842e-21
  3.57463414634146e-03  -5.74663179564088e-21
  3.59024390243902e-03  -5.74665734269334e-21
  3.60585365853659e-03  -5.74668288974580e-21
  3.62146341463415e-03  -5.74670843679827e-21
  3.63707317073171e-03  -5.74673398385073e-21
  3.65268292682927e-03  -5.74675953090319e-21
  3.66829268292683e-03  -5.74678507795565e-21
  3.68390243902439e-03  -5.74681062500812e-21
  3.69951219512195e-03  -5.74683617206058e-21
  3.71512195121951e-03  -5.74686171911304e-21
  3.73073170731707e-03  -5.74688726616550e-21
  3.74634146341463e-03  -5.74691281321797e-21
  3.76195121951220e-03  -5.74693836027043e-21
  3.77756097560976e-03  -5.74696390732289e-21
  3.79317073170732e-03  -5.74701274463976e-21
  3.80878048780488e-03  -5.74710240252757e-21
  3.82439024390244e-03  -5.74719206041538e-21
  3.84000000000000e-03  -5.74728171830319e-21
  3.85560975609756e-03  -5.74737137619100e-21
  3.87121951219512e-03  -5.74746103407881e-21
  3.88682926829268e-03  -5.74755069196662e-21
  3.90243902439024e-03  -5.74764034985443e-21
  3.91804878048780e-03  -5.74773000774224e-21
  3.93365853658537e-03  -5.74781966563005e-21
  3.94926829268293e-03  -5.74790932351786e-21
  3.96487804878049e-03  -5.74799898140567e-21
  3.98048780487805e-03  -5.74808863929348e-21
  3.99609756097561e-03  -5.74823751266807e-21
  4.01170731707317e-03  -5.74843468236167e-21
  4.02731707317073e-03  -5.74863185205527e-21
  4.04292682926829e-03  -5.74882902174888e-21
  4.05853658536585e-03  -5.74902619144248e-21
  4.07414634146342e-03  -5.74922336113608e-21
  4.08975609756098e-03  -5.74944175780134e-21
  4.10536585365854e-03  -5.74978579519080e-21
  4.12097560975610e-03  -5.75012983258025e-21
  4.13658536585366e-03  -5.75047386996970e-21
  4.15219512195122e-03  -5.75081790735915e-21
  4.16780487804878e-03  -5.75116194474860e-21
  4.18341463414634e-03  -5.75150598213806e-21
  4.19902439024390e-03  -5.75197584557444e-21
  4.21463414634146e-03  -5.75249031401159e-21
  4.23024390243903e-03  -5.75300478244874e-21
  4.24585365853659e-03  -5.75359143003977e-21
  4.26146341463415e-03  -5.75424077339221e-21
  4.27707317073171e-03  -5.75489011674465e-21
  4.29268292682927e-03  -5.75557567322962e-21
  4.30829268292683e-03  -5.75633408201652e-21
  4.32390243902439e-03  -5.75709249080342e-21
  4.33951219512195e-03  -5.75785020249990e-21
  4.35512195121951e-03  -5.75860320355507e-21
  4.37073170731707e-03  -5.75929218229225e-21
  4.38634146341463e-03  -5.75992377806293e-21
  4.40195121951220e-03  -5.76033921088271e-21
  4.41756097560976e-03  -5.76045162206451e-21
  4.43317073170732e-03  -5.76017215376283e-21
  4.44878048780488e-03  -5.75937293213288e-21
  4.46439024390244e-03  -5.75779809208684e-21
  4.48000000000000e-03  -5.75532982102050e-21
  4.49560975609756e-03  -5.75178252404918e-21
  4.51121951219512e-03  -5.74724930280849e-21
  4.52682926829268e-03  -5.74193209587504e-21
  4.54243902439024e-03  -5.73638286287646e-21
  4.55804878048781e-03  -5.73092863720596e-21
  4.57365853658537e-03  -5.72628482016348e-21
  4.58926829268293e-03  -5.72207338255346e-21
  4.60487804878049e-03  -5.71852701743202e-21
  4.62048780487805e-03  -5.71573748390600e-21
  4.63609756097561e-03  -5.71376270651830e-21
  4.65170731707317e-03  -5.71265594722105e-21
  4.66731707317073e-03  -5.71242341121682e-21
  4.68292682926829e-03  -5.71303888933176e-21
  4.69853658536585e-03  -5.71441611310434e-21
  4.71414634146342e-03  -5.71643122870855e-21
  4.72975609756098e-03  -5.71892465437628e-21
  4.74536585365854e-03  -5.72172512155642e-21
  4.76097560975610e-03  -5.72466596338353e-21
  4.77658536585366e-03  -5.72759518689665e-21
  4.79219512195122e-03  -5.73040394967883e-21
  4.80780487804878e-03  -5.73303510217998e-21
  4.82341463414634e-03  -5.73544187823872e-21
  4.83902439024390e-03  -5.73757701389071e-21
  4.85463414634146e-03  -5.73943134488225e-21
  4.87024390243903e-03  -5.74103337591160e-21
  4.88585365853659e-03  -5.74239723052327e-21
  4.90146341463415e-03  -5.74346181865629e-21
  4.91707317073171e-03  -5.74442305343718e-21
  4.93268292682927e-03  -5.74520322722339e-21
  4.94829268292683e-03  -5.74584534135632e-21
  4.96390243902439e-03  -5.74641220031518e-21
  4.97951219512195e-03  -5.74684092746460e-21
  4.99512195121951e-03  -5.74721428831164e-21
  5.01073170731707e-03  -5.74752962527376e-21
  5.02634146341463e-03  -5.74777063580840e-21
  5.04195121951220e-03  -5.74798457521199e-21
  5.05756097560976e-03  -5.74815445502325e-21
  5.07317073170732e-03  -5.74829337395335e-21
  5.08878048780488e-03  -5.74841522186422e-21
  5.10439024390244e-03  -5.74850640166834e-21
  5.12000000000000e-03  -5.74858564122848e-21
  5.13560975609756e-03  -5.74865196979309e-21
  5.15121951219512e-03  -5.74870184363032e-21
  5.16682926829268e-03  -5.74874548150762e-21
  5.18243902439024e-03  -5.74877877797835e-21
  5.19804878048781e-03  -5.74880144544376e-21
  5.21365853658537e-03  -5.74881901344420e-21
  5.22926829268293e-03  -5.74883658144464e-21
  5.24487804878049e-03  -5.74884968331044e-21
  5.26048780487805e-03  -5.74885780229877e-21
  5.27609756097561e-03  -5.74886592128710e-21
  5.29170731707317e-03  -5.74887252989078e-21
  5.30731707317073e-03  -5.74887504513316e-21
  5.32292682926829e-03  -5.74887756037554e-21
  5.33853658536585e-03  -5.74887984462395e-21
  5.35414634146342e-03  -5.74887888136875e-21
  5.36975609756098e-03  -5.74887791811355e-21
  5.38536585365854e-03  -5.74887695485835e-21
  5.40097560975610e-03  -5.74887397232260e-21
  5.41658536585366e-03  -5.74887066999129e-21
  5.43219512195122e-03  -5.74886736765998e-21
  5.44780487804878e-03  -5.74886291904853e-21
  5.46341463414634e-03  -5.74885788034019e-21
  5.47902439024390e-03  -5.74885284163185e-21
  5.49463414634146e-03  -5.74884724506901e-21
  5.51024390243903e-03  -5.74884098575594e-21
  5.52585365853659e-03  -5.74883472644286e-21
  5.54146341463415e-03  -5.74882846712979e-21
  5.55707317073171e-03  -5.74882220781671e-21
  5.57268292682927e-03  -5.74881594850364e-21
  5.58829268292683e-03  -5.74880968900507e-21
  5.60390243902439e-03  -5.74880342603916e-21
  5.61951219512195e-03  -5.74879716307324e-21
  5.63512195121951e-03  -5.74879090010733e-21
  5.65073170731707e-03  -5.74878463714141e-21
  5.66634146341463e-03  -5.74877837417550e-21
  5.68195121951220e-03  -5.74877211120958e-21
  5.69756097560976e-03  -5.74876606470527e-21
  5.71317073170732e-03  -5.74876013758280e-21
  5.72878048780488e-03  -5.74875421046034e-21
  5.74439024390244e-03  -5.74874828333787e-21
  5.76000000000000e-03  -5.74874235621541e-21
  5.77560975609756e-03  -5.74873642909294e-21
  5.79121951219512e-03  -5.74873061486139e-21
  5.80682926829268e-03  -5.74872516151066e-21
  5.82243902439024e-03  -5.74871970815992e-21
  5.83804878048781e-03  -5.74871425480918e-21
  5.85365853658537e-03  -5.74870880145844e-21
  5.86926829268293e-03  -5.74870334810771e-21
  5.88487804878049e-03  -5.74869789475697e-21
  5.90048780487805e-03  -5.74869285822757e-21
  5.91609756097561e-03  -5.74868790584521e-21
  5.93170731707317e-03  -5.74868295346284e-21
  5.94731707317073e-03  -5.74867800108048e-21
  5.96292682926829e-03  -5.74867304869811e-21
  5.97853658536585e-03  -5.74866809631575e-21
  5.99414634146342e-03  -5.74866333789142e-21
  6.00975609756098e-03  -5.74865884104351e-21
  6.02536585365854e-03  -5.74865434419561e-21
  6.04097560975610e-03  -5.74864984734771e-21
  6.05658536585366e-03  -5.74864535049981e-21
  6.07219512195122e-03  -5.74864085365190e-21
  6.08780487804878e-03  -5.74863636389079e-21
  6.10341463414634e-03  -5.74863222988664e-21
  6.11902439024390e-03  -5.74862809588249e-21
  6.13463414634146e-03  -5.74862396187834e-21
  6.15024390243903e-03  -5.74861982787419e-21
  6.16585365853659e-03  -5.74861569387003e-21
  6.18146341463415e-03  -5.74861155986588e-21
  6.19707317073171e-03  -5.74860797464921e-21
  6.21268292682927e-03  -5.74860473548323e-21
  6.22829268292683e-03  -5.74860149631726e-21
  6.24390243902439e-03  -5.74859825715129e-21
  6.25951219512195e-03  -5.74859501798532e-21
  6.27512195121951e-03  -5.74859177881934e-21
  6.29073170731707e-03  -5.74858853965337e-21
  6.30634146341463e-03  -5.74858530048740e-21
  6.32195121951220e-03  -5.74858206132143e-21
  6.33756097560976e-03  -5.74857882215546e-21
  6.35317073170732e-03  -5.74857558298948e-21
  6.36878048780488e-03  -5.74857234382351e-21
  6.38439024390244e-03  -5.74856910465754e-21
  6.40000000000000e-03  -5.74856638768050e-21
  6.41560975609756e-03  -5.74856380061389e-21
  6.43121951219512e-03  -5.74856121354727e-21
  6.44682926829268e-03  -5.74855862648066e-21
  6.46243902439024e-03  -5.74855603941404e-21
  6.47804878048781e-03  -5.74855345234743e-21
  6.49365853658537e-03  -5.74855086528081e-21
  6.50926829268293e-03  -5.74854827821420e-21
  6.52487804878049e-03  -5.74854569114758e-21
  6.54048780487805e-03  -5.74854310408097e-21
  6.55609756097561e-03  -5.74854051701435e-21
  6.57170731707317e-03  -5.74853792994774e-21
  6.58731707317073e-03  -5.74853534288112e-21
  6.60292682926829e-03  -5.74853326387840e-21
  6.61853658536585e-03  -5.74853119090016e-21
  6.63414634146342e-03  -5.74852911792191e-21
  6.64975609756098e-03  -5.74852704494366e-21
  6.66536585365854e-03  -5.74852497196542e-21
  6.68097560975610e-03  -5.74852289898717e-21
  6.69658536585366e-03  -5.74852082600892e-21
  6.71219512195122e-03  -5.74851875303068e-21
  6.72780487804878e-03  -5.74851668005243e-21
  6.74341463414634e-03  -5.74851460707418e-21
  6.75902439024390e-03  -5.74851253409593e-21
  6.77463414634146e-03  -5.74851046111769e-21
  6.79024390243903e-03  -5.74850845848188e-21
  6.80585365853659e-03  -5.74850678567395e-21
  6.82146341463415e-03  -5.74850511286602e-21
  6.83707317073171e-03  -5.74850344005809e-21
  6.85268292682927e-03  -5.74850176725016e-21
  6.86829268292683e-03  -5.74850009444223e-21
  6.88390243902439e-03  -5.74849842163430e-21
  6.89951219512195e-03  -5.74849674882637e-21
  6.91512195121951e-03  -5.74849507601845e-21
  6.93073170731707e-03  -5.74849340321052e-21
  6.94634146341463e-03  -5.74849173040259e-21
  6.96195121951220e-03  -5.74849005759466e-21
  6.97756097560976e-03  -5.74848838478673e-21
  6.99317073170732e-03  -5.74848682297775e-21
  7.00878048780488e-03  -5.74848545571533e-21
  7.02439024390244e-03  -5.74848408845290e-21
  7.04000000000000e-03  -5.74848272119048e-21
  7.05560975609756e-03  -5.74848135392805e-21
  7.07121951219512e-03  -5.74847998666563e-21
  7.08682926829268e-03  -5.74847861940320e-21
  7.10243902439024e-03  -5.74847725214078e-21
  7.11804878048781e-03  -5.74847588487835e-21
  7.13365853658537e-03  -5.74847451761592e-21
  7.14926829268293e-03  -5.74847315035350e-21
  7.16487804878049e-03  -5.74847178309107e-21
  7.18048780487805e-03  -5.74847041582865e-21
  7.19609756097561e-03  -5.74846917334340e-21
  7.21170731707317e-03  -5.74846803262677e-21
  7.22731707317073e-03  -5.74846689191014e-21
  7.24292682926829e-03  -5.74846575119352e-21
  7.25853658536585e-03  -5.74846461047689e-21
  7.27414634146342e-03  -5.74846346976026e-21
  7.28975609756098e-03  -5.74846232904363e-21
  7.30536585365854e-03  -5.74846118832700e-21
  7.32097560975610e-03  -5.74846004761037e-21
  7.33658536585366e-03  -5.74845890689375e-21
  7.35219512195122e-03  -5.74845776617712e-21
  7.36780487804878e-03  -5.74845662546049e-21
  7.38341463414634e-03  -5.74845548474386e-21
  7.39902439024390e-03  -5.74845468584024e-21
  7.41463414634146e-03  -5.74845400810842e-21
  7.43024390243902e-03  -5.74845333037661e-21
  7.44585365853659e-03  -5.74845265264479e-21
  7.46146341463415e-03  -5.74845197491298e-21
  7.47707317073171e-03  -5.74845129718116e-21
  7.49268292682927e-03  -5.74845061944934e-21
  7.50829268292683e-03  -5.74844994171753e-21
  7.52390243902439e-03  -5.74844926398571e-21
  7.53951219512195e-03  -5.74844858625390e-21
  7.55512195121951e-03  -5.74844790852208e-21
  7.57073170731707e-03  -5.74844723079027e-21
  7.58634146341464e-03  -5.74844655305845e-21
  7.60195121951220e-03  -5.74844587532663e-21
  7.61756097560976e-03  -5.74844519759482e-21
  7.63317073170732e-03  -5.74844451986300e-21
  7.64878048780488e-03  -5.74844384213119e-21
  7.66439024390244e-03  -5.74844316439937e-21
  7.68000000000000e-03  -5.74844248666755e-21
  7.69560975609756e-03  -5.74844180893574e-21
  7.71121951219512e-03  -5.74844113120392e-21
  7.72682926829268e-03  -5.74844045347211e-21
  7.74243902439025e-03  -5.74843977574029e-21
  7.75804878048781e-03  -5.74843909800848e-21
  7.77365853658537e-03  -5.74843842027666e-21
  7.78926829268293e-03  -5.74843778767638e-21
  7.80487804878049e-03  -5.74843750834706e-21
  7.82048780487805e-03  -5.74843722901774e-21
  7.83609756097561e-03  -5.74843694968842e-21
  7.85170731707317e-03  -5.74843667035911e-21
  7.86731707317073e-03  -5.74843639102979e-21
  7.88292682926829e-03  -5.74843611170047e-21
  7.89853658536585e-03  -5.74843583237115e-21
  7.91414634146342e-03  -5.74843555304184e-21
  7.92975609756098e-03  -5.74843527371252e-21
  7.94536585365854e-03  -5.74843499438320e-21
  7.96097560975610e-03  -5.74843471505388e-21
  7.97658536585366e-03  -5.74843443572456e-21
  7.99219512195122e-03  -5.74843415639525e-21
  8.00780487804878e-03  -5.74843387706593e-21
  8.02341463414634e-03  -5.74843359773661e-21
  8.03902439024390e-03  -5.74843331840729e-21
  8.05463414634146e-03  -5.74843303907798e-21
  8.07024390243903e-03  -5.74843275974866e-21
  8.08585365853659e-03  -5.74843248041934e-21
  8.10146341463415e-03  -5.74843220109002e-21
  8.11707317073171e-03  -5.74843192176070e-21
  8.13268292682927e-03  -5.74843164243139e-21
  8.14829268292683e-03  -5.74843136310207e-21
  8.16390243902439e-03  -5.74843108377275e-21
  8.17951219512195e-03  -5.74843080444343e-21
  8.19512195121951e-03  -5.74843102774920e-21
  8.21073170731707e-03  -5.74843177781653e-21
  8.22634146341463e-03  -5.74843252788387e-21
  8.24195121951220e-03  -5.74843327795120e-21
  8.25756097560976e-03  -5.74843402801853e-21
  8.27317073170732e-03  -5.74843477808587e-21
  8.28878048780488e-03  -5.74843552815320e-21
  8.30439024390244e-03  -5.74843627822054e-21
  8.32000000000000e-03  -5.74843702828787e-21
  8.33560975609756e-03  -5.74843777835520e-21
  8.35121951219512e-03  -5.74843852842254e-21
  8.36682926829268e-03  -5.74843927848987e-21
  8.38243902439025e-03  -5.74844002855720e-21
  8.39804878048781e-03  -5.74844077862454e-21
  8.41365853658537e-03  -5.74844152869187e-21
  8.42926829268293e-03  -5.74844227875921e-21
  8.44487804878049e-03  -5.74844302882654e-21
  8.46048780487805e-03  -5.74844377889387e-21
  8.47609756097561e-03  -5.74844452896121e-21
  8.49170731707317e-03  -5.74844527902854e-21
  8.50731707317073e-03  -5.74844602909588e-21
  8.52292682926829e-03  -5.74844677916321e-21
  8.53853658536585e-03  -5.74844752923054e-21
  8.55414634146342e-03  -5.74844827929788e-21
  8.56975609756098e-03  -5.74844902936521e-21
  8.58536585365854e-03  -5.74844977943254e-21
  8.60097560975610e-03  -5.74845612308402e-21
  8.61658536585366e-03  -5.74846335259723e-21
  8.63219512195122e-03  -5.74847058211044e-21
  8.64780487804878e-03  -5.74847781162366e-21
  8.66341463414634e-03  -5.74848504113687e-21
  8.67902439024390e-03  -5.74849227065008e-21
  8.69463414634146e-03  -5.74849950016330e-21
  8.71024390243903e-03  -5.74850672967651e-21
  8.72585365853659e-03  -5.74851395918972e-21
  8.74146341463415e-03  -5.74852118870294e-21
  8.75707317073171e-03  -5.74852841821615e-21
  8.77268292682927e-03  -5.74853564772936e-21
  8.78829268292683e-03  -5.74854287724258e-21
  8.80390243902439e-03  -5.74855010675579e-21
  8.81951219512195e-03  -5.74855733626900e-21
  8.83512195121951e-03  -5.74856456578222e-21
  8.85073170731707e-03  -5.74857179529543e-21
  8.86634146341463e-03  -5.74857902480864e-21
  8.88195121951220e-03  -5.74858625432186e-21
  8.89756097560976e-03  -5.74859348383507e-21
  8.91317073170732e-03  -5.74860071334828e-21
  8.92878048780488e-03  -5.74860794286150e-21
  8.94439024390244e-03  -5.74861517237471e-21
  8.96000000000000e-03  -5.74862240188792e-21
  8.97560975609756e-03  -5.74862963140114e-21
  8.99121951219512e-03  -5.74863686091435e-21
  9.00682926829268e-03  -5.74864409042756e-21
  9.02243902439025e-03  -5.74865131994078e-21
  9.03804878048781e-03  -5.74865854945399e-21
  9.05365853658537e-03  -5.74866577896720e-21
  9.06926829268293e-03  -5.74867300848042e-21
  9.08487804878049e-03  -5.74868023799363e-21
  9.10048780487805e-03  -5.74868746750684e-21
  9.11609756097561e-03  -5.74869469702006e-21
  9.13170731707317e-03  -5.74870192653327e-21
  9.14731707317073e-03  -5.74870915604648e-21
  9.16292682926829e-03  -5.74871638555970e-21
  9.17853658536585e-03  -5.74872361507291e-21
  9.19414634146342e-03  -5.74873084458612e-21
  9.20975609756098e-03  -5.74873807409934e-21
  9.22536585365854e-03  -5.74874530361255e-21
  9.24097560975610e-03  -5.74875253312576e-21
  9.25658536585366e-03  -5.74875976263898e-21
  9.27219512195122e-03  -5.74876699215219e-21
  9.28780487804878e-03  -5.74877422166540e-21
  9.30341463414634e-03  -5.74878145117862e-21
  9.31902439024390e-03  -5.74878868069183e-21
  9.33463414634146e-03  -5.74879591020504e-21
  9.35024390243903e-03  -5.74880313971826e-21
  9.36585365853659e-03  -5.74881036923147e-21
  9.38146341463415e-03  -5.74881759874468e-21
  9.39707317073171e-03  -5.74885788506622e-21
  9.41268292682927e-03  -5.74891901612677e-21
  9.42829268292683e-03  -5.74898014718731e-21
  9.44390243902439e-03  -5.74904127824785e-21
  9.45951219512195e-03  -5.74910240930840e-21
  9.47512195121951e-03  -5.74916354036894e-21
  9.49073170731708e-03  -5.74922467142949e-21
  9.50634146341464e-03  -5.74928580249003e-21
  9.52195121951220e-03  -5.74934693355058e-21
  9.53756097560976e-03  -5.74940806461112e-21
  9.55317073170732e-03  -5.74946919567167e-21
  9.56878048780488e-03  -5.74953032673221e-21
  9.58439024390244e-03  -5.74959145779276e-21
  9.60000000000000e-03  -5.74965258885330e-21
  9.61560975609756e-03  -5.74971371991384e-21
  9.63121951219512e-03  -5.74977485097439e-21
  9.64682926829268e-03  -5.74983598203493e-21
  9.66243902439025e-03  -5.74989711309548e-21
  9.67804878048781e-03  -5.74995824415602e-21
  9.69365853658537e-03  -5.75001937521657e-21
  9.70926829268293e-03  -5.75008050627711e-21
  9.72487804878049e-03  -5.75014163733766e-21
  9.74048780487805e-03  -5.75020276839820e-21
  9.75609756097561e-03  -5.75026389945875e-21
  9.77170731707317e-03  -5.75032503051929e-21
  9.78731707317073e-03  -5.75038616157983e-21
  9.80292682926829e-03  -5.75044729264038e-21
  9.81853658536586e-03  -5.75050842370092e-21
  9.83414634146342e-03  -5.75056955476147e-21
  9.84975609756098e-03  -5.75063068582201e-21
  9.86536585365854e-03  -5.75069181688256e-21
  9.88097560975610e-03  -5.75075294794310e-21
  9.89658536585366e-03  -5.75081407900365e-21
  9.91219512195122e-03  -5.75087521006419e-21
  9.92780487804878e-03  -5.75093634112474e-21
  9.94341463414634e-03  -5.75099747218528e-21
  9.95902439024390e-03  -5.75105860324582e-21
  9.97463414634146e-03  -5.75111973430637e-21
  9.99024390243903e-03  -5.75118086536691e-21
  1.00058536585366e-02  -5.75124199642746e-21
  1.00214634146341e-02  -5.75130312748800e-21
  1.00370731707317e-02  -5.75136425854855e-21
  1.00526829268293e-02  -5.75142538960909e-21
  1.00682926829268e-02  -5.75148652066964e-21
  1.00839024390244e-02  -5.75154765173018e-21
  1.00995121951220e-02  -5.75160878279073e-21
  1.01151219512195e-02  -5.75166991385127e-21
  1.01307317073171e-02  -5.75173104491182e-21
  1.01463414634146e-02  -5.75179217597236e-21
  1.01619512195122e-02  -5.75185330703290e-21
  1.01775609756098e-02  -5.75191443809345e-21
  1.01931707317073e-02  -5.75221691069442e-21
  1.02087804878049e-02  -5.75294237975874e-21
  1.02243902439024e-02  -5.75366784882305e-21
  1.02400000000000e-02  -5.75439331788736e-21
  1.02556097560976e-02  -5.75511878695167e-21
  1.02712195121951e-02  -5.75584425601598e-21
  1.02868292682927e-02  -5.75656972508029e-21
  1.03024390243902e-02  -5.75729519414460e-21
  1.03180487804878e-02  -5.75802066320892e-21
  1.03336585365854e-02  -5.75874613227323e-21
  1.03492682926829e-02  -5.75947160133754e-21
  1.03648780487805e-02  -5.76019707040185e-21
  1.03804878048781e-02  -5.76092253946616e-21
  1.03960975609756e-02  -5.76164800853047e-21
  1.04117073170732e-02  -5.76237347759479e-21
  1.04273170731707e-02  -5.76309894665910e-21
  1.04429268292683e-02  -5.76382441572341e-21
  1.04585365853659e-02  -5.76454988478772e-21
  1.04741463414634e-02  -5.76527535385203e-21
  1.04897560975610e-02  -5.76600082291634e-21
  1.05053658536585e-02  -5.76672629198066e-21
  1.05209756097561e-02  -5.76745176104497e-21
  1.05365853658537e-02  -5.76817723010928e-21
  1.05521951219512e-02  -5.76890269917359e-21
  1.05678048780488e-02  -5.76962816823790e-21
  1.05834146341463e-02  -5.77035363730221e-21
  1.05990243902439e-02  -5.77107910636652e-21
  1.06146341463415e-02  -5.77180457543084e-21
  1.06302439024390e-02  -5.77253004449515e-21
  1.06458536585366e-02  -5.77325551355946e-21
  1.06614634146341e-02  -5.77398098262377e-21
  1.06770731707317e-02  -5.77470645168808e-21
  1.06926829268293e-02  -5.77543192075239e-21
  1.07082926829268e-02  -5.77615738981671e-21
  1.07239024390244e-02  -5.77688285888102e-21
  1.07395121951220e-02  -5.77760832794533e-21
  1.07551219512195e-02  -5.77833379700964e-21
  1.07707317073171e-02  -5.77905926607395e-21
  1.07863414634146e-02  -5.77978473513826e-21
  1.08019512195122e-02  -5.78051020420257e-21
  1.08175609756098e-02  -5.78123567326689e-21
  1.08331707317073e-02  -5.78196114233120e-21
  1.08487804878049e-02  -5.78268661139551e-21
  1.08643902439024e-02  -5.78341208045982e-21
  1.08800000000000e-02  -5.78413754952413e-21
  1.08956097560976e-02  -5.78486301858844e-21
  1.09112195121951e-02  -5.78558848765275e-21
  1.09268292682927e-02  -5.78631395671707e-21
  1.09424390243902e-02  -5.78703942578138e-21
  1.09580487804878e-02  -5.78776489484569e-21
  1.09736585365854e-02  -5.78849036391000e-21
  1.09892682926829e-02  -5.78921583297431e-21
  1.10048780487805e-02  -5.78994130203862e-21
  1.10204878048781e-02  -5.79066677110294e-21
  1.10360975609756e-02  -5.79139224016725e-21
  1.10517073170732e-02  -5.79211770923156e-21
  1.10673170731707e-02  -5.79284317829587e-21
  1.10829268292683e-02  -5.79356864736018e-21
  1.10985365853659e-02  -5.79429411642449e-21
  1.11141463414634e-02  -5.79501958548881e-21
  1.11297560975610e-02  -5.79574505455312e-21
  1.11453658536585e-02  -5.79647052361743e-21
  1.11609756097561e-02  -5.79719599268174e-21
  1.11765853658537e-02  -5.79792146174605e-21
  1.11921951219512e-02  -5.79864693081036e-21
  1.12078048780488e-02  -5.79937239987467e-21
  1.12234146341463e-02  -5.80009786893899e-21
  1.12390243902439e-02  -5.80082333800330e-21
  1.12546341463415e-02  -5.80154880706761e-21
  1.12702439024390e-02  -5.80227427613192e-21
  1.12858536585366e-02  -5.80299974519623e-21
  1.13014634146341e-02  -5.80372521426054e-21
  1.13170731707317e-02  -5.80445068332486e-21
  1.13326829268293e-02  -5.80517615238917e-21
  1.13482926829268e-02  -5.80590162145348e-21
  1.13639024390244e-02  -5.80662709051779e-21
  1.13795121951220e-02  -5.80735255958210e-21
  1.13951219512195e-02  -5.80807802864641e-21
  1.14107317073171e-02  -5.80880349771072e-21
  1.14263414634146e-02  -5.80952896677504e-21
  1.14419512195122e-02  -5.81025443583935e-21
  1.14575609756098e-02  -5.81097990490366e-21
  1.14731707317073e-02  -5.81170537396797e-21
  1.14887804878049e-02  -5.81243084303228e-21
  1.15043902439024e-02  -5.81315631209659e-21
  1.15200000000000e-02  -5.81388178116091e-21
  1.15356097560976e-02  -5.81460725022522e-21
  1.15512195121951e-02  -5.81533271928953e-21
  1.15668292682927e-02  -5.81605818835384e-21
  1.15824390243902e-02  -5.81678365741815e-21
  1.15980487804878e-02  -5.81750912648246e-21
  1.16136585365854e-02  -5.81823459554677e-21
  1.16292682926829e-02  -5.81896006461109e-21
  1.16448780487805e-02  -5.81968553367540e-21
  1.16604878048781e-02  -5.82041100273971e-21
  1.16760975609756e-02  -5.82113647180402e-21
  1.16917073170732e-02  -5.82186194086833e-21
  1.17073170731707e-02  -5.82258740993264e-21
  1.17229268292683e-02  -5.82331287899696e-21
  1.17385365853659e-02  -5.82403834806127e-21
  1.17541463414634e-02  -5.82476381712558e-21
  1.17697560975610e-02  -5.82548928618989e-21
  1.17853658536585e-02  -5.82621475525420e-21
  1.18009756097561e-02  -5.84049915450256e-21
  1.18165853658537e-02  -5.85693089563526e-21
  1.18321951219512e-02  -5.87336263676797e-21
  1.18478048780488e-02  -5.88979437790067e-21
  1.18634146341463e-02  -5.90622611903338e-21
  1.18790243902439e-02  -5.92265786016609e-21
  1.18946341463415e-02  -5.93908960129879e-21
  1.19102439024390e-02  -5.95552134243150e-21
  1.19258536585366e-02  -5.97195308356420e-21
  1.19414634146341e-02  -5.98838482469691e-21
  1.19570731707317e-02  -6.00481656582961e-21
  1.19726829268293e-02  -6.02124830696232e-21
  1.19882926829268e-02  -6.03768004809503e-21
  1.20039024390244e-02  -6.05411178922773e-21
  1.20195121951220e-02  -6.07054353036044e-21
  1.20351219512195e-02  -6.08697527149314e-21
  1.20507317073171e-02  -6.10340701262585e-21
  1.20663414634146e-02  -6.11983875375855e-21
  1.20819512195122e-02  -6.13627049489126e-21
  1.20975609756098e-02  -6.15270223602396e-21
  1.21131707317073e-02  -6.16913397715667e-21
  1.21287804878049e-02  -6.18556571828938e-21
  1.21443902439024e-02  -6.20199745942208e-21
  1.21600000000000e-02  -6.21842920055479e-21
  1.21756097560976e-02  -6.23486094168749e-21
  1.21912195121951e-02  -6.25129268282020e-21
  1.22068292682927e-02  -6.26772442395290e-21
  1.22224390243902e-02  -6.28415616508561e-21
  1.22380487804878e-02  -6.30058790621831e-21
  1.22536585365854e-02  -6.31701964735102e-21
  1.22692682926829e-02  -6.33345138848372e-21
  1.22848780487805e-02  -6.34988312961643e-21
  1.23004878048781e-02  -6.36631487074914e-21
  1.23160975609756e-02  -6.38274661188184e-21
  1.23317073170732e-02  -6.39917835301455e-21
  1.23473170731707e-02  -6.41561009414725e-21
  1.23629268292683e-02  -6.43204183527996e-21
  1.23785365853659e-02  -6.44847357641266e-21
  1.23941463414634e-02  -6.46490531754537e-21
  1.24097560975610e-02  -6.48133705867808e-21
  1.24253658536585e-02  -6.49776879981078e-21
  1.24409756097561e-02  -6.51420054094349e-21
  1.24565853658537e-02  -6.53063228207619e-21
  1.24721951219512e-02  -6.54706402320890e-21
  1.24878048780488e-02  -6.56349576434160e-21
  1.25034146341463e-02  -6.57992750547431e-21
  1.25190243902439e-02  -6.59635924660701e-21
  1.25346341463415e-02  -6.61279098773972e-21
  1.25502439024390e-02  -6.62922272887242e-21
  1.25658536585366e-02  -6.64565447000513e-21
  1.25814634146341e-02  -6.66208621113784e-21
  1.25970731707317e-02  -6.67851795227054e-21
  1.26126829268293e-02  -6.69494969340325e-21
  1.26282926829268e-02  -6.71138143453595e-21
  1.26439024390244e-02  -6.72781317566866e-21
  1.26595121951220e-02  -6.74424491680136e-21
  1.26751219512195e-02  -6.76067665793407e-21
  1.26907317073171e-02  -6.77710839906678e-21
  1.27063414634146e-02  -6.79354014019948e-21
  1.27219512195122e-02  -6.80997188133219e-21
  1.27375609756098e-02  -6.82640362246489e-21
  1.27531707317073e-02  -6.84283536359760e-21
  1.27687804878049e-02  -6.85926710473030e-21
  1.27843902439024e-02  -6.87569884586301e-21
  1.28000000000000e-02  -6.89213058699571e-21
  1.28156097560976e-02  -6.90856232812842e-21
  1.28312195121951e-02  -6.92499406926113e-21
  1.28468292682927e-02  -6.94142581039383e-21
  1.28624390243902e-02  -6.95785755152653e-21
  1.28780487804878e-02  -6.97428929265924e-21
  1.28936585365854e-02  -6.99072103379195e-21
  1.29092682926829e-02  -7.00715277492465e-21
  1.29248780487805e-02  -7.02358451605736e-21
  1.29404878048781e-02  -7.04001625719006e-21
  1.29560975609756e-02  -7.05644799832277e-21
  1.29717073170732e-02  -7.07287973945547e-21
  1.29873170731707e-02  -7.08931148058818e-21
  1.30029268292683e-02  -7.10574322172089e-21
  1.30185365853659e-02  -7.12217496285359e-21
  1.30341463414634e-02  -7.13860670398630e-21
  1.30497560975610e-02  -7.15503844511900e-21
  1.30653658536585e-02  -7.17147018625171e-21
  1.30809756097561e-02  -7.18790192738441e-21
  1.30965853658537e-02  -7.20433366851712e-21
  1.31121951219512e-02  -7.22076540964983e-21
  1.31278048780488e-02  -7.23719715078253e-21
  1.31434146341463e-02  -7.25362889191524e-21
  1.31590243902439e-02  -7.27006063304794e-21
  1.31746341463415e-02  -7.28649237418065e-21
  1.31902439024390e-02  -7.30292411531335e-21
  1.32058536585366e-02  -7.31935585644606e-21
  1.32214634146341e-02  -7.33578759757876e-21
  1.32370731707317e-02  -7.35221933871147e-21
  1.32526829268293e-02  -7.36865107984417e-21
  1.32682926829268e-02  -7.38508282097688e-21
  1.32839024390244e-02  -7.40151456210959e-21
  1.32995121951220e-02  -7.41794630324229e-21
  1.33151219512195e-02  -7.43437804437500e-21
  1.33307317073171e-02  -7.45080978550770e-21
  1.33463414634146e-02  -7.46724152664041e-21
  1.33619512195122e-02  -7.48367326777311e-21
  1.33775609756098e-02  -7.50010500890582e-21
  1.33931707317073e-02  -7.51653675003853e-21
  1.34087804878049e-02  -7.53296849117123e-21
  1.34243902439024e-02  -7.54940023230394e-21
  1.34400000000000e-02  -7.56583197343664e-21
  1.34556097560976e-02  -7.58226371456935e-21
  1.34712195121951e-02  -7.59869545570205e-21
  1.34868292682927e-02  -7.61512719683476e-21
  1.35024390243902e-02  -7.63155893796746e-21
  1.35180487804878e-02  -7.64799067910017e-21
  1.35336585365854e-02  -7.66442242023287e-21
  1.35492682926829e-02  -7.68085416136558e-21
  1.35648780487805e-02  -7.69728590249828e-21
  1.35804878048781e-02  -7.71371764363099e-21
  1.35960975609756e-02  -7.73014938476370e-21
  1.36117073170732e-02  -7.74658112589640e-21
  1.36273170731707e-02  -7.76301286702911e-21
  1.36429268292683e-02  -7.77944460816181e-21
  1.36585365853659e-02  -7.79587634929452e-21
  1.36741463414634e-02  -7.81230809042723e-21
  1.36897560975610e-02  -7.82873983155993e-21
  1.37053658536585e-02  -7.84517157269264e-21
  1.37209756097561e-02  -7.86160331382534e-21
  1.37365853658537e-02  -7.87803505495805e-21
  1.37521951219512e-02  -7.89446679609075e-21
  1.37678048780488e-02  -7.91089853722346e-21
  1.37834146341463e-02  -7.92733027835616e-21
  1.37990243902439e-02  -7.94376201948887e-21
  1.38146341463415e-02  -7.96019376062157e-21
  1.38302439024390e-02  -7.97662550175428e-21
  1.38458536585366e-02  -7.99305724288698e-21
  1.38614634146341e-02  -8.00948898401969e-21
  1.38770731707317e-02  -8.02592072515240e-21
  1.38926829268293e-02  -8.04235246628510e-21
  1.39082926829268e-02  -8.05878420741781e-21
  1.39239024390244e-02  -8.07521594855051e-21
  1.39395121951220e-02  -8.09164768968322e-21
  1.39551219512195e-02  -8.10807943081592e-21
  1.39707317073171e-02  -8.12451117194863e-21
  1.39863414634146e-02  -8.14094291308134e-21
  1.40019512195122e-02  -8.15737465421404e-21
  1.40175609756098e-02  -8.17380639534675e-21
  1.40331707317073e-02  -8.19023813647945e-21
  1.40487804878049e-02  -8.20666987761216e-21
  1.40643902439024e-02  -8.22310161874486e-21
  1.40800000000000e-02  -8.23953335987757e-21
  1.40956097560976e-02  -8.25596510101027e-21
  1.41112195121951e-02  -8.27239684214298e-21
  1.41268292682927e-02  -8.28882858327569e-21
  1.41424390243902e-02  -8.30526032440839e-21
  1.41580487804878e-02  -8.32169206554110e-21
  1.41736585365854e-02  -8.33812380667380e-21
  1.41892682926829e-02  -8.35455554780651e-21
  1.42048780487805e-02  -8.37098728893921e-21
  1.42204878048781e-02  -8.38741903007192e-21
  1.42360975609756e-02  -8.40385077120462e-21
  1.42517073170732e-02  -8.42028251233733e-21
  1.42673170731707e-02  -8.43671425347004e-21
  1.42829268292683e-02  -8.45314599460274e-21
  1.42985365853659e-02  -8.46957773573545e-21
  1.43141463414634e-02  -8.48600947686815e-21
  1.43297560975610e-02  -8.50244121800086e-21
  1.43453658536585e-02  -8.51887295913356e-21
  1.43609756097561e-02  -8.53530470026627e-21
  1.43765853658537e-02  -8.55173644139897e-21
  1.43921951219512e-02  -8.56816818253168e-21
  1.44078048780488e-02  -8.58459992366439e-21
  1.44234146341463e-02  -8.60103166479709e-21
  1.44390243902439e-02  -8.61746340592980e-21
  1.44546341463415e-02  -8.63389514706250e-21
  1.44702439024390e-02  -8.65032688819521e-21
  1.44858536585366e-02  -8.66675862932791e-21
  1.45014634146341e-02  -8.68319037046062e-21
  1.45170731707317e-02  -8.69962211159332e-21
  1.45326829268293e-02  -8.71605385272603e-21
  1.45482926829268e-02  -8.73248559385873e-21
  1.45639024390244e-02  -8.74891733499144e-21
  1.45795121951220e-02  -8.76534907612415e-21
  1.45951219512195e-02  -8.78178081725685e-21
  1.46107317073171e-02  -8.79821255838956e-21
  1.46263414634146e-02  -8.81464429952226e-21
  1.46419512195122e-02  -8.83107604065497e-21
  1.46575609756098e-02  -8.84750778178767e-21
  1.46731707317073e-02  -8.86393952292038e-21
  1.46887804878049e-02  -8.88037126405308e-21
  1.47043902439024e-02  -8.89680300518579e-21
  1.47200000000000e-02  -8.91323474631850e-21
  1.47356097560976e-02  -8.92966648745120e-21
  1.47512195121951e-02  -8.94609822858391e-21
  1.47668292682927e-02  -8.96252996971661e-21
  1.47824390243902e-02  -8.97896171084932e-21
  1.47980487804878e-02  -8.99539345198202e-21
  1.48136585365854e-02  -9.01182519311473e-21
  1.48292682926829e-02  -9.02825693424744e-21
  1.48448780487805e-02  -9.04468867538014e-21
  1.48604878048780e-02  -9.06112041651285e-21
  1.48760975609756e-02  -9.07755215764555e-21
  1.48917073170732e-02  -9.09398389877826e-21
  1.49073170731707e-02  -9.11041563991096e-21
  1.49229268292683e-02  -9.12684738104367e-21
  1.49385365853659e-02  -9.14327912217637e-21
  1.49541463414634e-02  -9.15971086330908e-21
  1.49697560975610e-02  -9.17614260444179e-21
  1.49853658536585e-02  -9.19257434557449e-21
  1.50009756097561e-02  -9.19482087268248e-21
  1.50165853658537e-02  -9.19482087268248e-21
  1.50321951219512e-02  -9.19482087268248e-21
  1.50478048780488e-02  -9.19482087268248e-21
  1.50634146341463e-02  -9.19482087268248e-21
  1.50790243902439e-02  -9.19482087268248e-21
  1.50946341463415e-02  -9.19482087268248e-21
  1.51102439024390e-02  -9.19482087268248e-21
  1.51258536585366e-02  -9.19482087268248e-21
  1.51414634146341e-02  -9.19482087268248e-21
  1.51570731707317e-02  -9.19482087268248e-21
  1.51726829268293e-02  -9.19482087268248e-21
  1.51882926829268e-02  -9.19482087268248e-21
  1.52039024390244e-02  -9.19482087268248e-21
  1.52195121951220e-02  -9.19482087268248e-21
  1.52351219512195e-02  -9.19482087268248e-21
  1.52507317073171e-02  -9.19482087268248e-21
  1.52663414634146e-02  -9.19482087268248e-21
  1.52819512195122e-02  -9.19482087268248e-21
  1.52975609756098e-02  -9.19482087268248e-21
  1.53131707317073e-02  -9.19482087268248e-21
  1.53287804878049e-02  -9.19482087268248e-21
  1.53443902439024e-02  -9.19482087268248e-21
  1.53600000000000e-02  -9.19482087268248e-21
  1.53756097560976e-02  -9.19482087268248e-21
  1.53912195121951e-02  -9.19482087268248e-21
  1.54068292682927e-02  -9.19482087268248e-21
  1.54224390243902e-02  -9.19482087268248e-21
  1.54380487804878e-02  -9.19482087268248e-21
  1.54536585365854e-02  -9.19482087268248e-21
  1.54692682926829e-02  -9.19482087268248e-21
  1.54848780487805e-02  -9.19482087268248e-21
  1.55004878048781e-02  -9.19482087268248e-21
  1.55160975609756e-02  -9.19482087268248e-21
  1.55317073170732e-02  -9.19482087268248e-21
  1.55473170731707e-02  -9.19482087268248e-21
  1.55629268292683e-02  -9.19482087268248e-21
  1.55785365853659e-02  -9.19482087268248e-21
  1.55941463414634e-02  -9.19482087268248e-21
  1.56097560975610e-02  -9.19482087268248e-21
  1.56253658536585e-02  -9.19482087268248e-21
  1.56409756097561e-02  -9.19482087268248e-21
  1.56565853658537e-02  -9.19482087268248e-21
  1.56721951219512e-02  -9.19482087268248e-21
  1.56878048780488e-02  -9.19482087268248e-21
  1.57034146341463e-02  -9.19482087268248e-21
  1.57190243902439e-02  -9.19482087268248e-21
  1.57346341463415e-02  -9.19482087268248e-21
  1.57502439024390e-02  -9.19482087268248e-21
  1.57658536585366e-02  -9.19482087268248e-21
  1.57814634146341e-02  -9.19482087268248e-21
  1.57970731707317e-02  -9.19482087268248e-21
  1.58126829268293e-02  -9.19482087268248e-21
  1.58282926829268e-02  -9.19482087268248e-21
  1.58439024390244e-02  -9.19482087268248e-21
  1.58595121951220e-02  -9.19482087268248e-21
  1.58751219512195e-02  -9.19482087268248e-21
  1.58907317073171e-02  -9.19482087268248e-21
  1.59063414634146e-02  -9.19482087268248e-21
  1.59219512195122e-02  -9.19482087268248e-21
  1.59375609756098e-02  -9.19482087268248e-21
  1.59531707317073e-02  -9.19482087268248e-21
  1.59687804878049e-02  -9.19482087268248e-21
  1.59843902439024e-02  -9.19482087268248e-21
  1.60000000000000e-02  -9.19482087268248e-21
