  1.56097560975610e-05   3.59775242918803e-16
  3.12195121951220e-05   3.50521660378397e-16
  4.68292682926829e-05   3.41268077837991e-16
  6.24390243902439e-05   3.32014495297585e-16
  7.80487804878049e-05   3.22760912757178e-16
  9.36585365853659e-05   3.13507330216772e-16
  1.09268292682927e-04   3.04253747676366e-16
  1.24878048780488e-04   2.95000165135960e-16
  1.40487804878049e-04   2.85746582595554e-16
  1.56097560975610e-04   2.76493000055148e-16
  1.71707317073171e-04   2.67239417514742e-16
  1.87317073170732e-04   2.57985834974336e-16
  2.02926829268293e-04   2.48732252433930e-16
  2.18536585365854e-04   2.39478669893523e-16
  2.34146341463415e-04   2.30225087353117e-16
  2.49756097560976e-04   2.20971504812711e-16
  2.65365853658537e-04   2.11717922272305e-16
  2.80975609756098e-04   2.02464339731899e-16
  2.96585365853659e-04   1.93210757191493e-16
  3.12195121951220e-04   1.83957174651087e-16
  3.27804878048781e-04   1.74703592110681e-16
  3.43414634146341e-04   1.65450009570275e-16
  3.59024390243903e-04   1.56196427029869e-16
  3.74634146341463e-04   1.46942844489463e-16
  3.90243902439024e-04   1.37689261949057e-16
  4.05853658536585e-04   1.28435679408650e-16
  4.21463414634146e-04   1.19182096868244e-16
  4.37073170731707e-04   1.09928514327838e-16
  4.52682926829268e-04   1.00674931787432e-16
  4.68292682926829e-04   9.14213492470261e-17
  4.83902439024390e-04   8.21677667066200e-17
  4.99512195121951e-04   7.29141841662138e-17
  5.15121951219512e-04   6.36606016258077e-17
  5.30731707317073e-04   5.44070190854017e-17
  5.46341463414634e-04   4.51534365449957e-17
  5.61951219512195e-04   3.58998540045895e-17
  5.77560975609756e-04   2.66462714641834e-17
  5.93170731707317e-04   2.12669658184537e-17
  6.08780487804878e-04   2.26780594612419e-17
  6.24390243902439e-04   2.40891531040301e-17
  6.40000000000000e-04   2.55002467468184e-17
  6.55609756097561e-04   2.69113403896066e-17
  6.71219512195122e-04   2.83224340323948e-17
  6.86829268292683e-04   2.97335276751830e-17
  7.02439024390244e-04   3.11446213179713e-17
  7.18048780487805e-04   3.25557149607595e-17
  7.33658536585366e-04   3.39668086035477e-17
  7.49268292682927e-04   3.53779022463359e-17
  7.64878048780488e-04   3.67889958891242e-17
  7.80487804878049e-04   3.82000895319124e-17
  7.96097560975610e-04   3.96111831747006e-17
  8.11707317073171e-04   4.10222768174888e-17
  8.27317073170732e-04   4.24333704602771e-17
  8.42926829268293e-04   4.38444641030653e-17
  8.58536585365854e-04   4.52555577458535e-17
  8.74146341463415e-04   4.66666513886417e-17
  8.89756097560976e-04   4.80777450314300e-17
  9.05365853658537e-04   4.94888386742182e-17
  9.20975609756098e-04   5.08999323170064e-17
  9.36585365853659e-04   5.23110259597946e-17
  9.52195121951220e-04   5.37221196025829e-17
  9.67804878048781e-04   5.51332132453711e-17
  9.83414634146342e-04   5.65443068881593e-17
  9.99024390243903e-04   5.79554005309476e-17
  1.01463414634146e-03   5.93664941737358e-17
  1.03024390243902e-03   6.07775878165240e-17
  1.04585365853659e-03   6.21886814593122e-17
  1.06146341463415e-03   6.35997751021005e-17
  1.07707317073171e-03   6.50108687448887e-17
  1.09268292682927e-03   6.64219623876769e-17
  1.10829268292683e-03   6.78330560304651e-17
  1.12390243902439e-03   6.92441496732533e-17
  1.13951219512195e-03   7.06552433160416e-17
  1.15512195121951e-03   7.20663369588298e-17
  1.17073170731707e-03   7.34774306016180e-17
  1.18634146341463e-03   7.48885242444063e-17
  1.20195121951220e-03   7.62996178871945e-17
  1.21756097560976e-03   7.77107115299827e-17
  1.23317073170732e-03   7.91218051727709e-17
  1.24878048780488e-03   8.05328988155591e-17
  1.26439024390244e-03   8.19439924583474e-17
  1.28000000000000e-03   8.33550861011356e-17
  1.29560975609756e-03   8.47661797439238e-17
  1.31121951219512e-03   8.61772733867121e-17
  1.32682926829268e-03   8.75883670295003e-17
  1.34243902439024e-03   8.89994606722885e-17
  1.35804878048781e-03   9.04105543150767e-17
  1.37365853658537e-03   9.18216479578649e-17
  1.38926829268293e-03   9.32327416006532e-17
  1.40487804878049e-03   9.46438352434414e-17
  1.42048780487805e-03   9.60549288862296e-17
  1.43609756097561e-03   9.74660225290179e-17
  1.45170731707317e-03   9.88771161718061e-17
  1.46731707317073e-03   1.00288209814594e-16
  1.48292682926829e-03   1.01699303457383e-16
  1.49853658536585e-03   1.03110397100171e-16
  1.51414634146341e-03   1.04521490742959e-16
  1.52975609756098e-03   1.05932584385747e-16
  1.54536585365854e-03   1.07343678028535e-16
  1.56097560975610e-03   1.08754771671324e-16
  1.57658536585366e-03   1.10165865314112e-16
  1.59219512195122e-03   1.11576958956900e-16
  1.60780487804878e-03   1.12988052599688e-16
  1.62341463414634e-03   1.14399146242477e-16
  1.63902439024390e-03   1.15810239885265e-16
  1.65463414634146e-03   1.17221333528053e-16
  1.67024390243902e-03   1.18632427170841e-16
  1.68585365853659e-03   1.20043520813629e-16
  1.70146341463415e-03   1.21454614456418e-16
  1.71707317073171e-03   1.22865708099206e-16
  1.73268292682927e-03   1.24276801741994e-16
  1.74829268292683e-03   1.25687895384782e-16
  1.76390243902439e-03   1.27098989027571e-16
  1.77951219512195e-03   1.28510082670359e-16
  1.79512195121951e-03   1.29921176313147e-16
  1.81073170731707e-03   1.31332269955935e-16
  1.82634146341463e-03   1.32743363598723e-16
  1.84195121951220e-03   1.34154457241512e-16
  1.85756097560976e-03   1.35565550884300e-16
  1.87317073170732e-03   1.36976644527088e-16
  1.88878048780488e-03   1.38387738169876e-16
  1.90439024390244e-03   1.39798831812665e-16
  1.92000000000000e-03   1.41209925455453e-16
  1.93560975609756e-03   1.42621019098241e-16
  1.95121951219512e-03   1.44032112741029e-16
  1.96682926829268e-03   1.45443206383817e-16
  1.98243902439024e-03   1.46854300026606e-16
  1.99804878048781e-03   1.48265393669394e-16
  2.01365853658537e-03   1.49676487312182e-16
  2.02926829268293e-03   1.51087580954970e-16
  2.04487804878049e-03   1.52498674597759e-16
  2.06048780487805e-03   1.53909768240547e-16
  2.07609756097561e-03   1.55320861883335e-16
  2.09170731707317e-03   1.56731955526123e-16
  2.10731707317073e-03   1.58143049168912e-16
  2.12292682926829e-03   1.59554142811700e-16
  2.13853658536585e-03   1.60965236454488e-16
  2.15414634146341e-03   1.62376330097276e-16
  2.16975609756098e-03   1.63787423740064e-16
  2.18536585365854e-03   1.65198517382853e-16
  2.20097560975610e-03   2.03319055468798e-16
  2.21658536585366e-03   2.47253306475603e-16
  2.23219512195122e-03   2.91187557482407e-16
  2.24780487804878e-03   3.35121808489213e-16
  2.26341463414634e-03   3.79056059496018e-16
  2.27902439024390e-03   4.22990310502823e-16
  2.29463414634146e-03   4.66924561509629e-16
  2.31024390243902e-03   5.10858812516433e-16
  2.32585365853659e-03   5.54793063523238e-16
  2.34146341463415e-03   5.98727314530043e-16
  2.35707317073171e-03   6.42661565536849e-16
  2.37268292682927e-03   6.86595816543654e-16
  2.38829268292683e-03   7.30530067550459e-16
  2.40390243902439e-03   7.74464318557263e-16
  2.41951219512195e-03   8.18398569564069e-16
  2.43512195121951e-03   8.62332820570874e-16
  2.45073170731707e-03   9.06267071577679e-16
  2.46634146341463e-03   9.50201322584485e-16
  2.48195121951220e-03   9.94135573591289e-16
  2.49756097560976e-03   1.03806982459809e-15
  2.51317073170732e-03   1.08200407560490e-15
  2.52878048780488e-03   1.12593832661170e-15
  2.54439024390244e-03   1.16987257761851e-15
  2.56000000000000e-03   1.21380682862531e-15
  2.57560975609756e-03   1.25774107963212e-15
  2.59121951219512e-03   1.30167533063892e-15
  2.60682926829268e-03   1.34560958164573e-15
  2.62243902439024e-03   1.38954383265254e-15
  2.63804878048781e-03   1.43347808365934e-15
  2.65365853658537e-03   1.47741233466614e-15
  2.66926829268293e-03   1.52134658567295e-15
  2.68487804878049e-03   1.56528083667976e-15
  2.70048780487805e-03   1.60921508768656e-15
  2.71609756097561e-03   1.65314933869337e-15
  2.73170731707317e-03   1.69708358970017e-15
  2.74731707317073e-03   1.74101784070698e-15
  2.76292682926829e-03   1.78495209171378e-15
  2.77853658536585e-03   1.82888634272059e-15
  2.79414634146342e-03   1.87282059372739e-15
  2.80975609756098e-03   1.91675484473420e-15
  2.82536585365854e-03   1.96068909574100e-15
  2.84097560975610e-03   2.00462334674781e-15
  2.85658536585366e-03   2.04855759775461e-15
  2.87219512195122e-03   2.09249184876142e-15
  2.88780487804878e-03   2.13642609976822e-15
  2.90341463414634e-03   2.18036035077503e-15
  2.91902439024390e-03   2.22429460178183e-15
  2.93463414634146e-03   2.26822885278864e-15
  2.95024390243902e-03   2.31216310379544e-15
  2.96585365853659e-03   2.35609735480225e-15
  2.98146341463415e-03   2.40003160580905e-15
  2.99707317073171e-03   2.79505089815678e-15
  3.01268292682927e-03   3.41145502549015e-15
  3.02829268292683e-03   4.02785915282351e-15
  3.04390243902439e-03   4.64426328015688e-15
  3.05951219512195e-03   5.26066740749023e-15
  3.07512195121951e-03   5.87707153482360e-15
  3.09073170731707e-03   6.49347566215696e-15
  3.10634146341463e-03   7.10987978949033e-15
  3.12195121951220e-03   7.72628391682370e-15
  3.13756097560976e-03   8.34268804415705e-15
  3.15317073170732e-03   8.95909217149042e-15
  3.16878048780488e-03   9.57549629882378e-15
  3.18439024390244e-03   1.01919004261571e-14
  3.20000000000000e-03   1.08083045534905e-14
  3.21560975609756e-03   1.14247086808239e-14
  3.23121951219512e-03   1.20411128081572e-14
  3.24682926829268e-03   1.26575169354906e-14
  3.26243902439024e-03   1.32739210628240e-14
  3.27804878048781e-03   1.38903251901573e-14
  3.29365853658537e-03   1.45067293174907e-14
  3.30926829268293e-03   1.51231334448241e-14
  3.32487804878049e-03   1.57395375721574e-14
  3.34048780487805e-03   1.63559416994908e-14
  3.35609756097561e-03   1.69723458268242e-14
  3.37170731707317e-03   1.75887499541575e-14
  3.38731707317073e-03   1.82051540814909e-14
  3.40292682926829e-03   2.47004459158875e-14
  3.41853658536585e-03   3.12654478811974e-14
  3.43414634146342e-03   3.78304498465074e-14
  3.44975609756098e-03   4.43954518118173e-14
  3.46536585365854e-03   5.09604537771273e-14
  3.48097560975610e-03   5.75254557424370e-14
  3.49658536585366e-03   6.40904577077470e-14
  3.51219512195122e-03   7.06554596730569e-14
  3.52780487804878e-03   7.72204616383668e-14
  3.54341463414634e-03   8.37854636036768e-14
  3.55902439024390e-03   9.03504655689865e-14
  3.57463414634146e-03   9.69154675342965e-14
  3.59024390243902e-03   1.03480469499606e-13
  3.60585365853659e-03   1.10045471464916e-13
  3.62146341463415e-03   1.16610473430226e-13
  3.63707317073171e-03   1.23175475395536e-13
  3.65268292682927e-03   1.29740477360846e-13
  3.66829268292683e-03   1.36305479326156e-13
  3.68390243902439e-03   1.42870481291466e-13
  3.69951219512195e-03   1.49435483256776e-13
  3.71512195121951e-03   1.56000485222086e-13
  3.73073170731707e-03   1.62565487187395e-13
  3.74634146341463e-03   1.69130489152705e-13
  3.76195121951220e-03   1.75695491118015e-13
  3.77756097560976e-03   1.82260493083325e-13
  3.79317073170732e-03   2.22008065019761e-13
  3.80878048780488e-03   3.19914334862551e-13
  3.82439024390244e-03   4.17820604705344e-13
  3.84000000000000e-03   5.15726874548136e-13
  3.85560975609756e-03   6.13633144390929e-13
  3.87121951219512e-03   7.11539414233722e-13
  3.88682926829268e-03   8.09445684076515e-13
  3.90243902439024e-03   9.07351953919305e-13
  3.91804878048780e-03   1.00525822376210e-12
  3.93365853658537e-03   1.10316449360489e-12
  3.94926829268293e-03   1.20107076344768e-12
  3.96487804878049e-03   1.29897703329047e-12
  3.98048780487805e-03   1.39688330313327e-12
  3.99609756097561e-03   2.20587968128340e-12
  4.01170731707317e-03   3.59484316904566e-12
  4.02731707317073e-03   4.98380665680792e-12
  4.04292682926829e-03   6.37277014457019e-12
  4.05853658536585e-03   7.76173363233245e-12
  4.07414634146342e-03   9.15069712009471e-12
  4.08975609756098e-03   1.21634826961674e-11
  4.10536585365854e-03   2.47875395516889e-11
  4.12097560975610e-03   3.74115964072111e-11
  4.13658536585366e-03   5.00356532627333e-11
  4.15219512195122e-03   6.26597101182555e-11
  4.16780487804878e-03   7.52837669737777e-11
  4.18341463414634e-03   8.79078238292999e-11
  4.19902439024390e-03   1.60313038298904e-10
  4.21463414634146e-03   2.53910514991480e-10
  4.23024390243903e-03   3.47507991684057e-10
  4.24585365853659e-03   5.93904885485284e-10
  4.26146341463415e-03   9.73025360570583e-10
  4.27707317073171e-03   1.35214583565590e-09
  4.29268292682927e-03   2.12499988922135e-09
  4.30829268292683e-03   3.68995325949371e-09
  4.32390243902439e-03   5.25490662976607e-09
  4.33951219512195e-03   7.31825612412836e-09
  4.35512195121951e-03   1.27495551843097e-08
  4.37073170731707e-03   2.20281153153399e-08
  4.38634146341463e-03   3.47549612950562e-08
  4.40195121951220e-03   6.27424448514278e-08
  4.41756097560976e-03   1.17205450548097e-07
  4.43317073170732e-03   2.21947273986983e-07
  4.44878048780488e-03   4.36313427956854e-07
  4.46439024390244e-03   9.39311514316231e-07
  4.48000000000000e-03   2.12678132218527e-06
  4.49560975609756e-03   5.06064890621673e-06
  4.51121951219512e-03   1.24559140936172e-05
  4.52682926829268e-03   2.93609725927687e-05
  4.54243902439024e-03   6.23194478313809e-05
  4.55804878048781e-03   1.14394365542464e-04
  4.57365853658537e-03   1.80423790702706e-04
  4.58926829268293e-03   2.49774342298973e-04
  4.60487804878049e-03   3.15759517570808e-04
  4.62048780487805e-03   3.79393128403849e-04
  4.63609756097561e-03   4.48035939244207e-04
  4.65170731707317e-03   5.31923019290801e-04
  4.66731707317073e-03   6.40357502290235e-04
  4.68292682926829e-03   7.80436814979413e-04
  4.69853658536585e-03   9.54967088791795e-04
  4.71414634146342e-03   1.16303739512095e-03
  4.72975609756098e-03   1.39979267200186e-03
  4.74536585365854e-03   1.65786784989794e-03
  4.76097560975610e-03   1.92843068410991e-03
  4.77658536585366e-03   2.20224293979975e-03
  4.79219512195122e-03   2.47124886864185e-03
  4.80780487804878e-03   2.72909298310612e-03
  4.82341463414634e-03   2.97121857985903e-03
  4.83902439024390e-03   3.19262473124912e-03
  4.85463414634146e-03   3.39097760683939e-03
  4.87024390243903e-03   3.56724160958943e-03
  4.88585365853659e-03   3.72143818949007e-03
  4.90146341463415e-03   3.84610096594583e-03
  4.91707317073171e-03   3.95906790399687e-03
  4.93268292682927e-03   4.05062444977934e-03
  4.94829268292683e-03   4.12434294149267e-03
  4.96390243902439e-03   4.18817421798263e-03
  4.97951219512195e-03   4.23249835082832e-03
  4.99512195121951e-03   4.26829443970426e-03
  5.01073170731707e-03   4.29515313849990e-03
  5.02634146341463e-03   4.30957039822683e-03
  5.04195121951220e-03   4.31921761999445e-03
  5.05756097560976e-03   4.32089154927943e-03
  5.07317073170732e-03   4.31655167881866e-03
  5.08878048780488e-03   4.30886265167985e-03
  5.10439024390244e-03   4.29484399454806e-03
  5.12000000000000e-03   4.27824388478609e-03
  5.13560975609756e-03   4.25885244819639e-03
  5.15121951219512e-03   4.23580932809551e-03
  5.16682926829268e-03   4.21138549218790e-03
  5.18243902439024e-03   4.18467496516798e-03
  5.19804878048781e-03   4.15562993434753e-03
  5.21365853658537e-03   4.12546488147248e-03
  5.22926829268293e-03   4.09529982859743e-03
  5.24487804878049e-03   4.06394719893184e-03
  5.26048780487805e-03   4.03126958689663e-03
  5.27609756097561e-03   3.99859197486142e-03
  5.29170731707317e-03   3.96557954623213e-03
  5.30731707317073e-03   3.93165971610874e-03
  5.32292682926829e-03   3.89773988598535e-03
  5.33853658536585e-03   3.86379383491066e-03
  5.35414634146342e-03   3.82947914810882e-03
  5.36975609756098e-03   3.79516446130698e-03
  5.38536585365854e-03   3.76084977450514e-03
  5.40097560975610e-03   3.72668387708184e-03
  5.41658536585366e-03   3.69254154358728e-03
  5.43219512195122e-03   3.65839921009272e-03
  5.44780487804878e-03   3.62464268571800e-03
  5.46341463414634e-03   3.59108477313870e-03
  5.47902439024390e-03   3.55752686055940e-03
  5.49463414634146e-03   3.52470030366648e-03
  5.51024390243903e-03   3.49274262233261e-03
  5.52585365853659e-03   3.46078494099873e-03
  5.54146341463415e-03   3.42882725966486e-03
  5.55707317073171e-03   3.39686957833098e-03
  5.57268292682927e-03   3.36491189699711e-03
  5.58829268292683e-03   3.33305654927758e-03
  5.60390243902439e-03   3.30311405296484e-03
  5.61951219512195e-03   3.27317155665210e-03
  5.63512195121951e-03   3.24322906033936e-03
  5.65073170731707e-03   3.21328656402661e-03
  5.66634146341463e-03   3.18334406771387e-03
  5.68195121951220e-03   3.15340157140113e-03
  5.69756097560976e-03   3.12484466924516e-03
  5.71317073170732e-03   3.09705194326050e-03
  5.72878048780488e-03   3.06925921727584e-03
  5.74439024390244e-03   3.04146649129118e-03
  5.76000000000000e-03   3.01367376530652e-03
  5.77560975609756e-03   2.98588103932186e-03
  5.79121951219512e-03   2.95860021017139e-03
  5.80682926829268e-03   2.93295577254006e-03
  5.82243902439024e-03   2.90731133490872e-03
  5.83804878048781e-03   2.88166689727739e-03
  5.85365853658537e-03   2.85602245964605e-03
  5.86926829268293e-03   2.83037802201472e-03
  5.88487804878049e-03   2.80473358438338e-03
  5.90048780487805e-03   2.78080861582971e-03
  5.91609756097561e-03   2.75723077014148e-03
  5.93170731707317e-03   2.73365292445325e-03
  5.94731707317073e-03   2.71007507876502e-03
  5.96292682926829e-03   2.68649723307680e-03
  5.97853658536585e-03   2.66291938738857e-03
  5.99414634146342e-03   2.64017128147018e-03
  6.00975609756098e-03   2.61854218239734e-03
  6.02536585365854e-03   2.59691308332451e-03
  6.04097560975610e-03   2.57528398425168e-03
  6.05658536585366e-03   2.55365488517885e-03
  6.07219512195122e-03   2.53202578610602e-03
  6.08780487804878e-03   2.51043249855488e-03
  6.10341463414634e-03   2.49063694939309e-03
  6.11902439024390e-03   2.47084140023130e-03
  6.13463414634146e-03   2.45104585106950e-03
  6.15024390243903e-03   2.43125030190771e-03
  6.16585365853659e-03   2.41145475274591e-03
  6.18146341463415e-03   2.39165920358412e-03
  6.19707317073171e-03   2.37359643197266e-03
  6.21268292682927e-03   2.35662630352989e-03
  6.22829268292683e-03   2.33965617508712e-03
  6.24390243902439e-03   2.32268604664435e-03
  6.25951219512195e-03   2.30571591820158e-03
  6.27512195121951e-03   2.28874578975881e-03
  6.29073170731707e-03   2.27177566131604e-03
  6.30634146341463e-03   2.25480553287327e-03
  6.32195121951220e-03   2.23783540443050e-03
  6.33756097560976e-03   2.22086527598773e-03
  6.35317073170732e-03   2.20389514754496e-03
  6.36878048780488e-03   2.18692501910218e-03
  6.38439024390244e-03   2.16995489065941e-03
  6.40000000000000e-03   2.15500619297117e-03
  6.41560975609756e-03   2.14056038781209e-03
  6.43121951219512e-03   2.12611458265302e-03
  6.44682926829268e-03   2.11166877749395e-03
  6.46243902439024e-03   2.09722297233487e-03
  6.47804878048781e-03   2.08277716717580e-03
  6.49365853658537e-03   2.06833136201673e-03
  6.50926829268293e-03   2.05388555685765e-03
  6.52487804878049e-03   2.03943975169858e-03
  6.54048780487805e-03   2.02499394653951e-03
  6.55609756097561e-03   2.01054814138044e-03
  6.57170731707317e-03   1.99610233622136e-03
  6.58731707317073e-03   1.98165653106229e-03
  6.60292682926829e-03   1.96928172899875e-03
  6.61853658536585e-03   1.95693148428417e-03
  6.63414634146342e-03   1.94458123956958e-03
  6.64975609756098e-03   1.93223099485500e-03
  6.66536585365854e-03   1.91988075014042e-03
  6.68097560975610e-03   1.90753050542584e-03
  6.69658536585366e-03   1.89518026071126e-03
  6.71219512195122e-03   1.88283001599667e-03
  6.72780487804878e-03   1.87047977128209e-03
  6.74341463414634e-03   1.85812952656751e-03
  6.75902439024390e-03   1.84577928185293e-03
  6.77463414634146e-03   1.83342903713834e-03
  6.79024390243903e-03   1.82138504686065e-03
  6.80585365853659e-03   1.81077704960925e-03
  6.82146341463415e-03   1.80016905235785e-03
  6.83707317073171e-03   1.78956105510646e-03
  6.85268292682927e-03   1.77895305785506e-03
  6.86829268292683e-03   1.76834506060366e-03
  6.88390243902439e-03   1.75773706335226e-03
  6.89951219512195e-03   1.74712906610086e-03
  6.91512195121951e-03   1.73652106884946e-03
  6.93073170731707e-03   1.72591307159807e-03
  6.94634146341463e-03   1.71530507434667e-03
  6.96195121951220e-03   1.70469707709527e-03
  6.97756097560976e-03   1.69408907984387e-03
  6.99317073170732e-03   1.68400947014654e-03
  7.00878048780488e-03   1.67485595906548e-03
  7.02439024390244e-03   1.66570244798442e-03
  7.04000000000000e-03   1.65654893690337e-03
  7.05560975609756e-03   1.64739542582231e-03
  7.07121951219512e-03   1.63824191474125e-03
  7.08682926829268e-03   1.62908840366019e-03
  7.10243902439024e-03   1.61993489257914e-03
  7.11804878048781e-03   1.61078138149808e-03
  7.13365853658537e-03   1.60162787041702e-03
  7.14926829268293e-03   1.59247435933596e-03
  7.16487804878049e-03   1.58332084825490e-03
  7.18048780487805e-03   1.57416733717385e-03
  7.19609756097561e-03   1.56569166911151e-03
  7.21170731707317e-03   1.55776885173820e-03
  7.22731707317073e-03   1.54984603436488e-03
  7.24292682926829e-03   1.54192321699157e-03
  7.25853658536585e-03   1.53400039961826e-03
  7.27414634146342e-03   1.52607758224495e-03
  7.28975609756098e-03   1.51815476487164e-03
  7.30536585365854e-03   1.51023194749833e-03
  7.32097560975610e-03   1.50230913012502e-03
  7.33658536585366e-03   1.49438631275171e-03
  7.35219512195122e-03   1.48646349537839e-03
  7.36780487804878e-03   1.47854067800508e-03
  7.38341463414634e-03   1.47061786063177e-03
  7.39902439024390e-03   1.46395648030960e-03
  7.41463414634146e-03   1.45774227608493e-03
  7.43024390243902e-03   1.45152807186025e-03
  7.44585365853659e-03   1.44531386763558e-03
  7.46146341463415e-03   1.43909966341090e-03
  7.47707317073171e-03   1.43288545918623e-03
  7.49268292682927e-03   1.42667125496155e-03
  7.50829268292683e-03   1.42045705073688e-03
  7.52390243902439e-03   1.41424284651220e-03
  7.53951219512195e-03   1.40802864228753e-03
  7.55512195121951e-03   1.40181443806285e-03
  7.57073170731707e-03   1.39560023383818e-03
  7.58634146341464e-03   1.38938602961350e-03
  7.60195121951220e-03   1.38317182538883e-03
  7.61756097560976e-03   1.37695762116415e-03
  7.63317073170732e-03   1.37074341693948e-03
  7.64878048780488e-03   1.36452921271480e-03
  7.66439024390244e-03   1.35831500849013e-03
  7.68000000000000e-03   1.35210080426545e-03
  7.69560975609756e-03   1.34588660004078e-03
  7.71121951219512e-03   1.33967239581610e-03
  7.72682926829268e-03   1.33345819159143e-03
  7.74243902439025e-03   1.32724398736675e-03
  7.75804878048781e-03   1.32102978314208e-03
  7.77365853658537e-03   1.31481557891740e-03
  7.78926829268293e-03   1.30874903052427e-03
  7.80487804878049e-03   1.30383827088154e-03
  7.82048780487805e-03   1.29892751123882e-03
  7.83609756097561e-03   1.29401675159608e-03
  7.85170731707317e-03   1.28910599195336e-03
  7.86731707317073e-03   1.28419523231063e-03
  7.88292682926829e-03   1.27928447266790e-03
  7.89853658536585e-03   1.27437371302517e-03
  7.91414634146342e-03   1.26946295338244e-03
  7.92975609756098e-03   1.26455219373971e-03
  7.94536585365854e-03   1.25964143409698e-03
  7.96097560975610e-03   1.25473067445425e-03
  7.97658536585366e-03   1.24981991481152e-03
  7.99219512195122e-03   1.24490915516879e-03
  8.00780487804878e-03   1.23999839552606e-03
  8.02341463414634e-03   1.23508763588333e-03
  8.03902439024390e-03   1.23017687624060e-03
  8.05463414634146e-03   1.22526611659787e-03
  8.07024390243903e-03   1.22035535695514e-03
  8.08585365853659e-03   1.21544459731241e-03
  8.10146341463415e-03   1.21053383766968e-03
  8.11707317073171e-03   1.20562307802695e-03
  8.13268292682927e-03   1.20071231838422e-03
  8.14829268292683e-03   1.19580155874149e-03
  8.16390243902439e-03   1.19089079909876e-03
  8.17951219512195e-03   1.18598003945603e-03
  8.19512195121951e-03   1.18154581372803e-03
  8.21073170731707e-03   1.17761099554268e-03
  8.22634146341463e-03   1.17367617735732e-03
  8.24195121951220e-03   1.16974135917197e-03
  8.25756097560976e-03   1.16580654098661e-03
  8.27317073170732e-03   1.16187172280125e-03
  8.28878048780488e-03   1.15793690461590e-03
  8.30439024390244e-03   1.15400208643054e-03
  8.32000000000000e-03   1.15006726824519e-03
  8.33560975609756e-03   1.14613245005983e-03
  8.35121951219512e-03   1.14219763187448e-03
  8.36682926829268e-03   1.13826281368912e-03
  8.38243902439025e-03   1.13432799550377e-03
  8.39804878048781e-03   1.13039317731841e-03
  8.41365853658537e-03   1.12645835913306e-03
  8.42926829268293e-03   1.12252354094770e-03
  8.44487804878049e-03   1.11858872276235e-03
  8.46048780487805e-03   1.11465390457699e-03
  8.47609756097561e-03   1.11071908639163e-03
  8.49170731707317e-03   1.10678426820628e-03
  8.50731707317073e-03   1.10284945002092e-03
  8.52292682926829e-03   1.09891463183557e-03
  8.53853658536585e-03   1.09497981365021e-03
  8.55414634146342e-03   1.09104499546486e-03
  8.56975609756098e-03   1.08711017727950e-03
  8.58536585365854e-03   1.08317535909415e-03
  8.60097560975610e-03   1.08028750527566e-03
  8.61658536585366e-03   1.07756546029356e-03
  8.63219512195122e-03   1.07484341531145e-03
  8.64780487804878e-03   1.07212137032935e-03
  8.66341463414634e-03   1.06939932534724e-03
  8.67902439024390e-03   1.06667728036514e-03
  8.69463414634146e-03   1.06395523538303e-03
  8.71024390243903e-03   1.06123319040093e-03
  8.72585365853659e-03   1.05851114541883e-03
  8.74146341463415e-03   1.05578910043672e-03
  8.75707317073171e-03   1.05306705545462e-03
  8.77268292682927e-03   1.05034501047251e-03
  8.78829268292683e-03   1.04762296549041e-03
  8.80390243902439e-03   1.04490092050830e-03
  8.81951219512195e-03   1.04217887552620e-03
  8.83512195121951e-03   1.03945683054409e-03
  8.85073170731707e-03   1.03673478556199e-03
  8.86634146341463e-03   1.03401274057989e-03
  8.88195121951220e-03   1.03129069559778e-03
  8.89756097560976e-03   1.02856865061568e-03
  8.91317073170732e-03   1.02584660563357e-03
  8.92878048780488e-03   1.02312456065147e-03
  8.94439024390244e-03   1.02040251566936e-03
  8.96000000000000e-03   1.01768047068726e-03
  8.97560975609756e-03   1.01495842570515e-03
  8.99121951219512e-03   1.01223638072305e-03
  9.00682926829268e-03   1.00951433574095e-03
  9.02243902439025e-03   1.00679229075884e-03
  9.03804878048781e-03   1.00407024577674e-03
  9.05365853658537e-03   1.00134820079463e-03
  9.06926829268293e-03   9.98626155812528e-04
  9.08487804878049e-03   9.95904110830423e-04
  9.10048780487805e-03   9.93182065848319e-04
  9.11609756097561e-03   9.90460020866214e-04
  9.13170731707317e-03   9.87737975884110e-04
  9.14731707317073e-03   9.85015930902005e-04
  9.16292682926829e-03   9.82293885919901e-04
  9.17853658536585e-03   9.79571840937797e-04
  9.19414634146342e-03   9.76849795955692e-04
  9.20975609756098e-03   9.74127750973588e-04
  9.22536585365854e-03   9.71405705991483e-04
  9.24097560975610e-03   9.68683661009379e-04
  9.25658536585366e-03   9.65961616027274e-04
  9.27219512195122e-03   9.63239571045170e-04
  9.28780487804878e-03   9.60517526063065e-04
  9.30341463414634e-03   9.57795481080961e-04
  9.31902439024390e-03   9.55073436098857e-04
  9.33463414634146e-03   9.52351391116752e-04
  9.35024390243903e-03   9.49629346134648e-04
  9.36585365853659e-03   9.46907301152543e-04
  9.38146341463415e-03   9.44185256170439e-04
  9.39707317073171e-03   9.41942096292316e-04
  9.41268292682927e-03   9.40000908549825e-04
  9.42829268292683e-03   9.38059720807334e-04
  9.44390243902439e-03   9.36118533064842e-04
  9.45951219512195e-03   9.34177345322351e-04
  9.47512195121951e-03   9.32236157579860e-04
  9.49073170731708e-03   9.30294969837369e-04
  9.50634146341464e-03   9.28353782094878e-04
  9.52195121951220e-03   9.26412594352387e-04
  9.53756097560976e-03   9.24471406609896e-04
  9.55317073170732e-03   9.22530218867405e-04
  9.56878048780488e-03   9.20589031124914e-04
  9.58439024390244e-03   9.18647843382423e-04
  9.60000000000000e-03   9.16706655639931e-04
  9.61560975609756e-03   9.14765467897440e-04
  9.63121951219512e-03   9.12824280154949e-04
  9.64682926829268e-03   9.10883092412458e-04
  9.66243902439025e-03   9.08941904669967e-04
  9.67804878048781e-03   9.07000716927476e-04
  9.69365853658537e-03   9.05059529184985e-04
  9.70926829268293e-03   9.03118341442493e-04
  9.72487804878049e-03   9.01177153700002e-04
  9.74048780487805e-03   8.99235965957511e-04
  9.75609756097561e-03   8.97294778215020e-04
  9.77170731707317e-03   8.95353590472529e-04
  9.78731707317073e-03   8.93412402730038e-04
  9.80292682926829e-03   8.91471214987547e-04
  9.81853658536586e-03   8.89530027245056e-04
  9.83414634146342e-03   8.87588839502564e-04
  9.84975609756098e-03   8.85647651760074e-04
  9.86536585365854e-03   8.83706464017582e-04
  9.88097560975610e-03   8.81765276275091e-04
  9.89658536585366e-03   8.79824088532600e-04
  9.91219512195122e-03   8.77882900790109e-04
  9.92780487804878e-03   8.75941713047618e-04
  9.94341463414634e-03   8.74000525305127e-04
  9.95902439024390e-03   8.72059337562636e-04
  9.97463414634146e-03   8.70118149820144e-04
  9.99024390243903e-03   8.68176962077653e-04
  1.00058536585366e-02   8.66235774335162e-04
  1.00214634146341e-02   8.64294586592671e-04
  1.00370731707317e-02   8.62353398850180e-04
  1.00526829268293e-02   8.60412211107689e-04
  1.00682926829268e-02   8.58471023365198e-04
  1.00839024390244e-02   8.56529835622707e-04
  1.00995121951220e-02   8.54588647880215e-04
  1.01151219512195e-02   8.52647460137724e-04
  1.01307317073171e-02   8.50706272395233e-04
  1.01463414634146e-02   8.48765084652742e-04
  1.01619512195122e-02   8.46823896910251e-04
  1.01775609756098e-02   8.44882709167760e-04
  1.01931707317073e-02   8.43243798192718e-04
  1.02087804878049e-02   8.42134684132667e-04
  1.02243902439024e-02   8.41025570072617e-04
  1.02400000000000e-02   8.39916456012566e-04
  1.02556097560976e-02   8.38807341952515e-04
  1.02712195121951e-02   8.37698227892465e-04
  1.02868292682927e-02   8.36589113832414e-04
  1.03024390243902e-02   8.35479999772363e-04
  1.03180487804878e-02   8.34370885712313e-04
  1.03336585365854e-02   8.33261771652262e-04
  1.03492682926829e-02   8.32152657592211e-04
  1.03648780487805e-02   8.31043543532161e-04
  1.03804878048781e-02   8.29934429472110e-04
  1.03960975609756e-02   8.28825315412059e-04
  1.04117073170732e-02   8.27716201352009e-04
  1.04273170731707e-02   8.26607087291958e-04
  1.04429268292683e-02   8.25497973231908e-04
  1.04585365853659e-02   8.24388859171857e-04
  1.04741463414634e-02   8.23279745111806e-04
  1.04897560975610e-02   8.22170631051756e-04
  1.05053658536585e-02   8.21061516991705e-04
  1.05209756097561e-02   8.19952402931654e-04
  1.05365853658537e-02   8.18843288871604e-04
  1.05521951219512e-02   8.17734174811553e-04
  1.05678048780488e-02   8.16625060751502e-04
  1.05834146341463e-02   8.15515946691452e-04
  1.05990243902439e-02   8.14406832631401e-04
  1.06146341463415e-02   8.13297718571350e-04
  1.06302439024390e-02   8.12188604511300e-04
  1.06458536585366e-02   8.11079490451249e-04
  1.06614634146341e-02   8.09970376391198e-04
  1.06770731707317e-02   8.08861262331148e-04
  1.06926829268293e-02   8.07752148271097e-04
  1.07082926829268e-02   8.06643034211046e-04
  1.07239024390244e-02   8.05533920150996e-04
  1.07395121951220e-02   8.04424806090945e-04
  1.07551219512195e-02   8.03315692030894e-04
  1.07707317073171e-02   8.02206577970844e-04
  1.07863414634146e-02   8.01097463910793e-04
  1.08019512195122e-02   7.99988349850743e-04
  1.08175609756098e-02   7.98879235790692e-04
  1.08331707317073e-02   7.97770121730641e-04
  1.08487804878049e-02   7.96661007670591e-04
  1.08643902439024e-02   7.95551893610540e-04
  1.08800000000000e-02   7.94442779550489e-04
  1.08956097560976e-02   7.93333665490439e-04
  1.09112195121951e-02   7.92224551430388e-04
  1.09268292682927e-02   7.91115437370337e-04
  1.09424390243902e-02   7.90006323310287e-04
  1.09580487804878e-02   7.88897209250236e-04
  1.09736585365854e-02   7.87788095190185e-04
  1.09892682926829e-02   7.86678981130135e-04
  1.10048780487805e-02   7.85569867070084e-04
  1.10204878048781e-02   7.84460753010033e-04
  1.10360975609756e-02   7.83351638949983e-04
  1.10517073170732e-02   7.82242524889932e-04
  1.10673170731707e-02   7.81133410829881e-04
  1.10829268292683e-02   7.80024296769831e-04
  1.10985365853659e-02   7.78915182709780e-04
  1.11141463414634e-02   7.77806068649729e-04
  1.11297560975610e-02   7.76696954589679e-04
  1.11453658536585e-02   7.75587840529628e-04
  1.11609756097561e-02   7.74478726469577e-04
  1.11765853658537e-02   7.73369612409527e-04
  1.11921951219512e-02   7.72260498349476e-04
  1.12078048780488e-02   7.71151384289426e-04
  1.12234146341463e-02   7.70042270229375e-04
  1.12390243902439e-02   7.68933156169324e-04
  1.12546341463415e-02   7.67824042109274e-04
  1.12702439024390e-02   7.66714928049223e-04
  1.12858536585366e-02   7.65605813989172e-04
  1.13014634146341e-02   7.64496699929122e-04
  1.13170731707317e-02   7.63387585869071e-04
  1.13326829268293e-02   7.62278471809020e-04
  1.13482926829268e-02   7.61169357748970e-04
  1.13639024390244e-02   7.60060243688919e-04
  1.13795121951220e-02   7.58951129628868e-04
  1.13951219512195e-02   7.57842015568818e-04
  1.14107317073171e-02   7.56732901508767e-04
  1.14263414634146e-02   7.55623787448716e-04
  1.14419512195122e-02   7.54514673388666e-04
  1.14575609756098e-02   7.53405559328615e-04
  1.14731707317073e-02   7.52296445268564e-04
  1.14887804878049e-02   7.51187331208514e-04
  1.15043902439024e-02   7.50078217148463e-04
  1.15200000000000e-02   7.48969103088413e-04
  1.15356097560976e-02   7.47859989028362e-04
  1.15512195121951e-02   7.46750874968311e-04
  1.15668292682927e-02   7.45641760908261e-04
  1.15824390243902e-02   7.44532646848210e-04
  1.15980487804878e-02   7.43423532788159e-04
  1.16136585365854e-02   7.42314418728109e-04
  1.16292682926829e-02   7.41205304668058e-04
  1.16448780487805e-02   7.40096190608007e-04
  1.16604878048781e-02   7.38987076547957e-04
  1.16760975609756e-02   7.37877962487906e-04
  1.16917073170732e-02   7.36768848427855e-04
  1.17073170731707e-02   7.35659734367805e-04
  1.17229268292683e-02   7.34550620307754e-04
  1.17385365853659e-02   7.33441506247703e-04
  1.17541463414634e-02   7.32332392187653e-04
  1.17697560975610e-02   7.31223278127602e-04
  1.17853658536585e-02   7.30114164067551e-04
  1.18009756097561e-02   7.29962527379654e-04
  1.18165853658537e-02   7.29962527379654e-04
  1.18321951219512e-02   7.29962527379654e-04
  1.18478048780488e-02   7.29962527379654e-04
  1.18634146341463e-02   7.29962527379654e-04
  1.18790243902439e-02   7.29962527379654e-04
  1.18946341463415e-02   7.29962527379654e-04
  1.19102439024390e-02   7.29962527379654e-04
  1.19258536585366e-02   7.29962527379654e-04
  1.19414634146341e-02   7.29962527379654e-04
  1.19570731707317e-02   7.29962527379654e-04
  1.19726829268293e-02   7.29962527379654e-04
  1.19882926829268e-02   7.29962527379654e-04
  1.20039024390244e-02   7.29962527379654e-04
  1.20195121951220e-02   7.29962527379654e-04
  1.20351219512195e-02   7.29962527379654e-04
  1.20507317073171e-02   7.29962527379654e-04
  1.20663414634146e-02   7.29962527379654e-04
  1.20819512195122e-02   7.29962527379654e-04
  1.20975609756098e-02   7.29962527379654e-04
  1.21131707317073e-02   7.29962527379654e-04
  1.21287804878049e-02   7.29962527379654e-04
  1.21443902439024e-02   7.29962527379654e-04
  1.21600000000000e-02   7.29962527379654e-04
  1.21756097560976e-02   7.29962527379654e-04
  1.21912195121951e-02   7.29962527379654e-04
  1.22068292682927e-02   7.29962527379654e-04
  1.22224390243902e-02   7.29962527379654e-04
  1.22380487804878e-02   7.29962527379654e-04
  1.22536585365854e-02   7.29962527379654e-04
  1.22692682926829e-02   7.29962527379654e-04
  1.22848780487805e-02   7.29962527379654e-04
  1.23004878048781e-02   7.29962527379654e-04
  1.23160975609756e-02   7.29962527379654e-04
  1.23317073170732e-02   7.29962527379654e-04
  1.23473170731707e-02   7.29962527379654e-04
  1.23629268292683e-02   7.29962527379654e-04
  1.23785365853659e-02   7.29962527379654e-04
  1.23941463414634e-02   7.29962527379654e-04
  1.24097560975610e-02   7.29962527379654e-04
  1.24253658536585e-02   7.29962527379654e-04
  1.24409756097561e-02   7.29962527379654e-04
  1.24565853658537e-02   7.29962527379654e-04
  1.24721951219512e-02   7.29962527379654e-04
  1.24878048780488e-02   7.29962527379654e-04
  1.25034146341463e-02   7.29962527379654e-04
  1.25190243902439e-02   7.29962527379654e-04
  1.25346341463415e-02   7.29962527379654e-04
  1.25502439024390e-02   7.29962527379654e-04
  1.25658536585366e-02   7.29962527379654e-04
  1.25814634146341e-02   7.29962527379654e-04
  1.25970731707317e-02   7.29962527379654e-04
  1.26126829268293e-02   7.29962527379654e-04
  1.26282926829268e-02   7.29962527379654e-04
  1.26439024390244e-02   7.29962527379654e-04
  1.26595121951220e-02   7.29962527379654e-04
  1.26751219512195e-02   7.29962527379654e-04
  1.26907317073171e-02   7.29962527379654e-04
  1.27063414634146e-02   7.29962527379654e-04
  1.27219512195122e-02   7.29962527379654e-04
  1.27375609756098e-02   7.29962527379654e-04
  1.27531707317073e-02   7.29962527379654e-04
  1.27687804878049e-02   7.29962527379654e-04
  1.27843902439024e-02   7.29962527379654e-04
  1.28000000000000e-02   7.29962527379654e-04
  1.28156097560976e-02   7.29962527379654e-04
  1.28312195121951e-02   7.29962527379654e-04
  1.28468292682927e-02   7.29962527379654e-04
  1.28624390243902e-02   7.29962527379654e-04
  1.28780487804878e-02   7.29962527379654e-04
  1.28936585365854e-02   7.29962527379654e-04
  1.29092682926829e-02   7.29962527379654e-04
  1.29248780487805e-02   7.29962527379654e-04
  1.29404878048781e-02   7.29962527379654e-04
  1.29560975609756e-02   7.29962527379654e-04
  1.29717073170732e-02   7.29962527379654e-04
  1.29873170731707e-02   7.29962527379654e-04
  1.30029268292683e-02   7.29962527379654e-04
  1.30185365853659e-02   7.29962527379654e-04
  1.30341463414634e-02   7.29962527379654e-04
  1.30497560975610e-02   7.29962527379654e-04
  1.30653658536585e-02   7.29962527379654e-04
  1.30809756097561e-02   7.29962527379654e-04
  1.30965853658537e-02   7.29962527379654e-04
  1.31121951219512e-02   7.29962527379654e-04
  1.31278048780488e-02   7.29962527379654e-04
  1.31434146341463e-02   7.29962527379654e-04
  1.31590243902439e-02   7.29962527379654e-04
  1.31746341463415e-02   7.29962527379654e-04
  1.31902439024390e-02   7.29962527379654e-04
  1.32058536585366e-02   7.29962527379654e-04
  1.32214634146341e-02   7.29962527379654e-04
  1.32370731707317e-02   7.29962527379654e-04
  1.32526829268293e-02   7.29962527379654e-04
  1.32682926829268e-02   7.29962527379654e-04
  1.32839024390244e-02   7.29962527379654e-04
  1.32995121951220e-02   7.29962527379654e-04
  1.33151219512195e-02   7.29962527379654e-04
  1.33307317073171e-02   7.29962527379654e-04
  1.33463414634146e-02   7.29962527379654e-04
  1.33619512195122e-02   7.29962527379654e-04
  1.33775609756098e-02   7.29962527379654e-04
  1.33931707317073e-02   7.29962527379654e-04
  1.34087804878049e-02   7.29962527379654e-04
  1.34243902439024e-02   7.29962527379654e-04
  1.34400000000000e-02   7.29962527379654e-04
  1.34556097560976e-02   7.29962527379654e-04
  1.34712195121951e-02   7.29962527379654e-04
  1.34868292682927e-02   7.29962527379654e-04
  1.35024390243902e-02   7.29962527379654e-04
  1.35180487804878e-02   7.29962527379654e-04
  1.35336585365854e-02   7.29962527379654e-04
  1.35492682926829e-02   7.29962527379654e-04
  1.35648780487805e-02   7.29962527379654e-04
  1.35804878048781e-02   7.29962527379654e-04
  1.35960975609756e-02   7.29962527379654e-04
  1.36117073170732e-02   7.29962527379654e-04
  1.36273170731707e-02   7.29962527379654e-04
  1.36429268292683e-02   7.29962527379654e-04
  1.36585365853659e-02   7.29962527379654e-04
  1.36741463414634e-02   7.29962527379654e-04
  1.36897560975610e-02   7.29962527379654e-04
  1.37053658536585e-02   7.29962527379654e-04
  1.37209756097561e-02   7.29962527379654e-04
  1.37365853658537e-02   7.29962527379654e-04
  1.37521951219512e-02   7.29962527379654e-04
  1.37678048780488e-02   7.29962527379654e-04
  1.37834146341463e-02   7.29962527379654e-04
  1.37990243902439e-02   7.29962527379654e-04
  1.38146341463415e-02   7.29962527379654e-04
  1.38302439024390e-02   7.29962527379654e-04
  1.38458536585366e-02   7.29962527379654e-04
  1.38614634146341e-02   7.29962527379654e-04
  1.38770731707317e-02   7.29962527379654e-04
  1.38926829268293e-02   7.29962527379654e-04
  1.39082926829268e-02   7.29962527379654e-04
  1.39239024390244e-02   7.29962527379654e-04
  1.39395121951220e-02   7.29962527379654e-04
  1.39551219512195e-02   7.29962527379654e-04
  1.39707317073171e-02   7.29962527379654e-04
  1.39863414634146e-02   7.29962527379654e-04
  1.40019512195122e-02   7.29962527379654e-04
  1.40175609756098e-02   7.29962527379654e-04
  1.40331707317073e-02   7.29962527379654e-04
  1.40487804878049e-02   7.29962527379654e-04
  1.40643902439024e-02   7.29962527379654e-04
  1.40800000000000e-02   7.29962527379654e-04
  1.40956097560976e-02   7.29962527379654e-04
  1.41112195121951e-02   7.29962527379654e-04
  1.41268292682927e-02   7.29962527379654e-04
  1.41424390243902e-02   7.29962527379654e-04
  1.41580487804878e-02   7.29962527379654e-04
  1.41736585365854e-02   7.29962527379654e-04
  1.41892682926829e-02   7.29962527379654e-04
  1.42048780487805e-02   7.29962527379654e-04
  1.42204878048781e-02   7.29962527379654e-04
  1.42360975609756e-02   7.29962527379654e-04
  1.42517073170732e-02   7.29962527379654e-04
  1.42673170731707e-02   7.29962527379654e-04
  1.42829268292683e-02   7.29962527379654e-04
  1.42985365853659e-02   7.29962527379654e-04
  1.43141463414634e-02   7.29962527379654e-04
  1.43297560975610e-02   7.29962527379654e-04
  1.43453658536585e-02   7.29962527379654e-04
  1.43609756097561e-02   7.29962527379654e-04
  1.43765853658537e-02   7.29962527379654e-04
  1.43921951219512e-02   7.29962527379654e-04
  1.44078048780488e-02   7.29962527379654e-04
  1.44234146341463e-02   7.29962527379654e-04
  1.44390243902439e-02   7.29962527379654e-04
  1.44546341463415e-02   7.29962527379654e-04
  1.44702439024390e-02   7.29962527379654e-04
  1.44858536585366e-02   7.29962527379654e-04
  1.45014634146341e-02   7.29962527379654e-04
  1.45170731707317e-02   7.29962527379654e-04
  1.45326829268293e-02   7.29962527379654e-04
  1.45482926829268e-02   7.29962527379654e-04
  1.45639024390244e-02   7.29962527379654e-04
  1.45795121951220e-02   7.29962527379654e-04
  1.45951219512195e-02   7.29962527379654e-04
  1.46107317073171e-02   7.29962527379654e-04
  1.46263414634146e-02   7.29962527379654e-04
  1.46419512195122e-02   7.29962527379654e-04
  1.46575609756098e-02   7.29962527379654e-04
  1.46731707317073e-02   7.29962527379654e-04
  1.46887804878049e-02   7.29962527379654e-04
  1.47043902439024e-02   7.29962527379654e-04
  1.47200000000000e-02   7.29962527379654e-04
  1.47356097560976e-02   7.29962527379654e-04
  1.47512195121951e-02   7.29962527379654e-04
  1.47668292682927e-02   7.29962527379654e-04
  1.47824390243902e-02   7.29962527379654e-04
  1.47980487804878e-02   7.29962527379654e-04
  1.48136585365854e-02   7.29962527379654e-04
  1.48292682926829e-02   7.29962527379654e-04
  1.48448780487805e-02   7.29962527379654e-04
  1.48604878048780e-02   7.29962527379654e-04
  1.48760975609756e-02   7.29962527379654e-04
  1.48917073170732e-02   7.29962527379654e-04
  1.49073170731707e-02   7.29962527379654e-04
  1.49229268292683e-02   7.29962527379654e-04
  1.49385365853659e-02   7.29962527379654e-04
  1.49541463414634e-02   7.29962527379654e-04
  1.49697560975610e-02   7.29962527379654e-04
  1.49853658536585e-02   7.29962527379654e-04
  1.50009756097561e-02   7.29962527379654e-04
  1.50165853658537e-02   7.29962527379654e-04
  1.50321951219512e-02   7.29962527379654e-04
  1.50478048780488e-02   7.29962527379654e-04
  1.50634146341463e-02   7.29962527379654e-04
  1.50790243902439e-02   7.29962527379654e-04
  1.50946341463415e-02   7.29962527379654e-04
  1.51102439024390e-02   7.29962527379654e-04
  1.51258536585366e-02   7.29962527379654e-04
  1.51414634146341e-02   7.29962527379654e-04
  1.51570731707317e-02   7.29962527379654e-04
  1.51726829268293e-02   7.29962527379654e-04
  1.51882926829268e-02   7.29962527379654e-04
  1.52039024390244e-02   7.29962527379654e-04
  1.52195121951220e-02   7.29962527379654e-04
  1.52351219512195e-02   7.29962527379654e-04
  1.52507317073171e-02   7.29962527379654e-04
  1.52663414634146e-02   7.29962527379654e-04
  1.52819512195122e-02   7.29962527379654e-04
  1.52975609756098e-02   7.29962527379654e-04
  1.53131707317073e-02   7.29962527379654e-04
  1.53287804878049e-02   7.29962527379654e-04
  1.53443902439024e-02   7.29962527379654e-04
  1.53600000000000e-02   7.29962527379654e-04
  1.53756097560976e-02   7.29962527379654e-04
  1.53912195121951e-02   7.29962527379654e-04
  1.54068292682927e-02   7.29962527379654e-04
  1.54224390243902e-02   7.29962527379654e-04
  1.54380487804878e-02   7.29962527379654e-04
  1.54536585365854e-02   7.29962527379654e-04
  1.54692682926829e-02   7.29962527379654e-04
  1.54848780487805e-02   7.29962527379654e-04
  1.55004878048781e-02   7.29962527379654e-04
  1.55160975609756e-02   7.29962527379654e-04
  1.55317073170732e-02   7.29962527379654e-04
  1.55473170731707e-02   7.29962527379654e-04
  1.55629268292683e-02   7.29962527379654e-04
  1.55785365853659e-02   7.29962527379654e-04
  1.55941463414634e-02   7.29962527379654e-04
  1.56097560975610e-02   7.29962527379654e-04
  1.56253658536585e-02   7.29962527379654e-04
  1.56409756097561e-02   7.29962527379654e-04
  1.56565853658537e-02   7.29962527379654e-04
  1.56721951219512e-02   7.29962527379654e-04
  1.56878048780488e-02   7.29962527379654e-04
  1.57034146341463e-02   7.29962527379654e-04
  1.57190243902439e-02   7.29962527379654e-04
  1.57346341463415e-02   7.29962527379654e-04
  1.57502439024390e-02   7.29962527379654e-04
  1.57658536585366e-02   7.29962527379654e-04
  1.57814634146341e-02   7.29962527379654e-04
  1.57970731707317e-02   7.29962527379654e-04
  1.58126829268293e-02   7.29962527379654e-04
  1.58282926829268e-02   7.29962527379654e-04
  1.58439024390244e-02   7.29962527379654e-04
  1.58595121951220e-02   7.29962527379654e-04
  1.58751219512195e-02   7.29962527379654e-04
  1.58907317073171e-02   7.29962527379654e-04
  1.59063414634146e-02   7.29962527379654e-04
  1.59219512195122e-02   7.29962527379654e-04
  1.59375609756098e-02   7.29962527379654e-04
  1.59531707317073e-02   7.29962527379654e-04
  1.59687804878049e-02   7.29962527379654e-04
  1.59843902439024e-02   7.29962527379654e-04
  1.60000000000000e-02   7.29962527379654e-04
