  1.56097560975610e-05   3.61918581348823e-17
  3.12195121951220e-05   3.52044770346329e-17
  4.68292682926829e-05   3.42170959343835e-17
  6.24390243902439e-05   3.32297148341342e-17
  7.80487804878049e-05   3.22423337338848e-17
  9.36585365853659e-05   3.12549526336354e-17
  1.09268292682927e-04   3.02675715333860e-17
  1.24878048780488e-04   2.92801904331367e-17
  1.40487804878049e-04   2.82928093328873e-17
  1.56097560975610e-04   2.73054282326379e-17
  1.71707317073171e-04   2.63180471323885e-17
  1.87317073170732e-04   2.53306660321392e-17
  2.02926829268293e-04   2.43432849318898e-17
  2.18536585365854e-04   2.33559038316404e-17
  2.34146341463415e-04   2.23685227313910e-17
  2.49756097560976e-04   2.13811416311417e-17
  2.65365853658537e-04   2.03937605308923e-17
  2.80975609756098e-04   1.94063794306429e-17
  2.96585365853659e-04   1.84189983303935e-17
  3.12195121951220e-04   1.74316172301442e-17
  3.27804878048781e-04   1.64442361298948e-17
  3.43414634146341e-04   1.54568550296454e-17
  3.59024390243903e-04   1.44694739293960e-17
  3.74634146341463e-04   1.34820928291466e-17
  3.90243902439024e-04   1.24947117288973e-17
  4.05853658536585e-04   1.15073306286479e-17
  4.21463414634146e-04   1.05199495283985e-17
  4.37073170731707e-04   9.53256842814913e-18
  4.52682926829268e-04   8.54518732789976e-18
  4.68292682926829e-04   7.55780622765040e-18
  4.83902439024390e-04   6.57042512740101e-18
  4.99512195121951e-04   5.58304402715163e-18
  5.15121951219512e-04   4.59566292690225e-18
  5.30731707317073e-04   3.60828182665288e-18
  5.46341463414634e-04   2.62090072640352e-18
  5.61951219512195e-04   1.63351962615413e-18
  5.77560975609756e-04   6.46138525904753e-19
  5.93170731707317e-04   1.77597121071989e-20
  6.08780487804878e-04   1.85999595100580e-20
  6.24390243902439e-04   1.94402069129172e-20
  6.40000000000000e-04   2.02804543157763e-20
  6.55609756097561e-04   2.11207017186355e-20
  6.71219512195122e-04   2.19609491214946e-20
  6.86829268292683e-04   2.28011965243538e-20
  7.02439024390244e-04   2.36414439272129e-20
  7.18048780487805e-04   2.44816913300721e-20
  7.33658536585366e-04   2.53219387329312e-20
  7.49268292682927e-04   2.61621861357904e-20
  7.64878048780488e-04   2.70024335386495e-20
  7.80487804878049e-04   2.78426809415086e-20
  7.96097560975610e-04   2.86829283443678e-20
  8.11707317073171e-04   2.95231757472269e-20
  8.27317073170732e-04   3.03634231500861e-20
  8.42926829268293e-04   3.12036705529452e-20
  8.58536585365854e-04   3.20439179558044e-20
  8.74146341463415e-04   3.28841653586635e-20
  8.89756097560976e-04   3.37244127615227e-20
  9.05365853658537e-04   3.45646601643818e-20
  9.20975609756098e-04   3.54049075672410e-20
  9.36585365853659e-04   3.62451549701001e-20
  9.52195121951220e-04   3.70854023729593e-20
  9.67804878048781e-04   3.79256497758184e-20
  9.83414634146342e-04   3.87658971786776e-20
  9.99024390243903e-04   3.96061445815367e-20
  1.01463414634146e-03   4.04463919843959e-20
  1.03024390243902e-03   4.12866393872550e-20
  1.04585365853659e-03   4.21268867901142e-20
  1.06146341463415e-03   4.29671341929733e-20
  1.07707317073171e-03   4.38073815958325e-20
  1.09268292682927e-03   4.46476289986916e-20
  1.10829268292683e-03   4.54878764015508e-20
  1.12390243902439e-03   4.63281238044099e-20
  1.13951219512195e-03   4.71683712072691e-20
  1.15512195121951e-03   4.80086186101282e-20
  1.17073170731707e-03   4.88488660129874e-20
  1.18634146341463e-03   4.96891134158465e-20
  1.20195121951220e-03   5.05293608187057e-20
  1.21756097560976e-03   5.13696082215648e-20
  1.23317073170732e-03   5.22098556244240e-20
  1.24878048780488e-03   5.30501030272831e-20
  1.26439024390244e-03   5.38903504301423e-20
  1.28000000000000e-03   5.47305978330014e-20
  1.29560975609756e-03   5.55708452358605e-20
  1.31121951219512e-03   5.64110926387197e-20
  1.32682926829268e-03   5.72513400415789e-20
  1.34243902439024e-03   5.80915874444380e-20
  1.35804878048781e-03   5.89318348472972e-20
  1.37365853658537e-03   5.97720822501563e-20
  1.38926829268293e-03   6.06123296530155e-20
  1.40487804878049e-03   6.14525770558746e-20
  1.42048780487805e-03   6.22928244587337e-20
  1.43609756097561e-03   6.31330718615929e-20
  1.45170731707317e-03   6.39733192644520e-20
  1.46731707317073e-03   6.48135666673112e-20
  1.48292682926829e-03   6.56538140701703e-20
  1.49853658536585e-03   6.64940614730295e-20
  1.51414634146341e-03   6.73343088758886e-20
  1.52975609756098e-03   6.81745562787478e-20
  1.54536585365854e-03   6.90148036816069e-20
  1.56097560975610e-03   6.98550510844661e-20
  1.57658536585366e-03   7.06952984873252e-20
  1.59219512195122e-03   7.15355458901844e-20
  1.60780487804878e-03   7.23757932930435e-20
  1.62341463414634e-03   7.32160406959027e-20
  1.63902439024390e-03   7.40562880987618e-20
  1.65463414634146e-03   7.48965355016210e-20
  1.67024390243902e-03   7.57367829044801e-20
  1.68585365853659e-03   7.65770303073393e-20
  1.70146341463415e-03   7.74172777101984e-20
  1.71707317073171e-03   7.82575251130576e-20
  1.73268292682927e-03   7.90977725159167e-20
  1.74829268292683e-03   7.99380199187759e-20
  1.76390243902439e-03   8.07782673216350e-20
  1.77951219512195e-03   8.16185147244942e-20
  1.79512195121951e-03   8.24587621273533e-20
  1.81073170731707e-03   8.32990095302125e-20
  1.82634146341463e-03   8.41392569330716e-20
  1.84195121951220e-03   8.49795043359308e-20
  1.85756097560976e-03   8.58197517387899e-20
  1.87317073170732e-03   8.66599991416490e-20
  1.88878048780488e-03   8.75002465445082e-20
  1.90439024390244e-03   8.83404939473673e-20
  1.92000000000000e-03   8.91807413502265e-20
  1.93560975609756e-03   9.00209887530856e-20
  1.95121951219512e-03   9.08612361559448e-20
  1.96682926829268e-03   9.17014835588039e-20
  1.98243902439024e-03   9.25417309616631e-20
  1.99804878048781e-03   9.33819783645222e-20
  2.01365853658537e-03   9.42222257673814e-20
  2.02926829268293e-03   9.50624731702405e-20
  2.04487804878049e-03   9.59027205730997e-20
  2.06048780487805e-03   9.67429679759588e-20
  2.07609756097561e-03   9.75832153788180e-20
  2.09170731707317e-03   9.84234627816771e-20
  2.10731707317073e-03   9.92637101845363e-20
  2.12292682926829e-03   1.00103957587395e-19
  2.13853658536585e-03   1.00944204990255e-19
  2.15414634146341e-03   1.01784452393114e-19
  2.16975609756098e-03   1.02624699795973e-19
  2.18536585365854e-03   1.03464947198832e-19
  2.20097560975610e-03   1.27350390194595e-19
  2.21658536585366e-03   1.54885524800092e-19
  2.23219512195122e-03   1.82420659405589e-19
  2.24780487804878e-03   2.09955794011087e-19
  2.26341463414634e-03   2.37490928616584e-19
  2.27902439024390e-03   2.65026063222082e-19
  2.29463414634146e-03   2.92561197827579e-19
  2.31024390243902e-03   3.20096332433076e-19
  2.32585365853659e-03   3.47631467038574e-19
  2.34146341463415e-03   3.75166601644071e-19
  2.35707317073171e-03   4.02701736249569e-19
  2.37268292682927e-03   4.30236870855067e-19
  2.38829268292683e-03   4.57772005460564e-19
  2.40390243902439e-03   4.85307140066061e-19
  2.41951219512195e-03   5.12842274671558e-19
  2.43512195121951e-03   5.40377409277056e-19
  2.45073170731707e-03   5.67912543882554e-19
  2.46634146341463e-03   5.95447678488051e-19
  2.48195121951220e-03   6.22982813093548e-19
  2.49756097560976e-03   6.50517947699046e-19
  2.51317073170732e-03   6.78053082304543e-19
  2.52878048780488e-03   7.05588216910041e-19
  2.54439024390244e-03   7.33123351515538e-19
  2.56000000000000e-03   7.60658486121035e-19
  2.57560975609756e-03   7.88193620726533e-19
  2.59121951219512e-03   8.15728755332030e-19
  2.60682926829268e-03   8.43263889937528e-19
  2.62243902439024e-03   8.70799024543025e-19
  2.63804878048781e-03   8.98334159148522e-19
  2.65365853658537e-03   9.25869293754020e-19
  2.66926829268293e-03   9.53404428359517e-19
  2.68487804878049e-03   9.80939562965015e-19
  2.70048780487805e-03   1.00847469757051e-18
  2.71609756097561e-03   1.03600983217601e-18
  2.73170731707317e-03   1.06354496678151e-18
  2.74731707317073e-03   1.09108010138700e-18
  2.76292682926829e-03   1.11861523599250e-18
  2.77853658536585e-03   1.14615037059800e-18
  2.79414634146342e-03   1.17368550520350e-18
  2.80975609756098e-03   1.20122063980899e-18
  2.82536585365854e-03   1.22875577441449e-18
  2.84097560975610e-03   1.25629090901999e-18
  2.85658536585366e-03   1.28382604362549e-18
  2.87219512195122e-03   1.31136117823098e-18
  2.88780487804878e-03   1.33889631283648e-18
  2.90341463414634e-03   1.36643144744198e-18
  2.91902439024390e-03   1.39396658204748e-18
  2.93463414634146e-03   1.42150171665297e-18
  2.95024390243902e-03   1.44903685125847e-18
  2.96585365853659e-03   1.47657198586397e-18
  2.98146341463415e-03   1.50410712046947e-18
  2.99707317073171e-03   1.75006681249632e-18
  3.01268292682927e-03   2.13375918722833e-18
  3.02829268292683e-03   2.51745156196034e-18
  3.04390243902439e-03   2.90114393669236e-18
  3.05951219512195e-03   3.28483631142436e-18
  3.07512195121951e-03   3.66852868615638e-18
  3.09073170731707e-03   4.05222106088839e-18
  3.10634146341463e-03   4.43591343562040e-18
  3.12195121951220e-03   4.81960581035242e-18
  3.13756097560976e-03   5.20329818508442e-18
  3.15317073170732e-03   5.58699055981644e-18
  3.16878048780488e-03   5.97068293454845e-18
  3.18439024390244e-03   6.35437530928046e-18
  3.20000000000000e-03   6.73806768401248e-18
  3.21560975609756e-03   7.12176005874449e-18
  3.23121951219512e-03   7.50545243347650e-18
  3.24682926829268e-03   7.88914480820851e-18
  3.26243902439024e-03   8.27283718294052e-18
  3.27804878048781e-03   8.65652955767254e-18
  3.29365853658537e-03   9.04022193240455e-18
  3.30926829268293e-03   9.42391430713655e-18
  3.32487804878049e-03   9.80760668186857e-18
  3.34048780487805e-03   1.01912990566006e-17
  3.35609756097561e-03   1.05749914313326e-17
  3.37170731707317e-03   1.09586838060646e-17
  3.38731707317073e-03   1.13423761807966e-17
  3.40292682926829e-03   1.51397935214576e-17
  3.41853658536585e-03   1.89776898142834e-17
  3.43414634146342e-03   2.28155861071093e-17
  3.44975609756098e-03   2.66534823999351e-17
  3.46536585365854e-03   3.04913786927609e-17
  3.48097560975610e-03   3.43292749855867e-17
  3.49658536585366e-03   3.81671712784125e-17
  3.51219512195122e-03   4.20050675712383e-17
  3.52780487804878e-03   4.58429638640642e-17
  3.54341463414634e-03   4.96808601568900e-17
  3.55902439024390e-03   5.35187564497158e-17
  3.57463414634146e-03   5.73566527425416e-17
  3.59024390243902e-03   6.11945490353674e-17
  3.60585365853659e-03   6.50324453281933e-17
  3.62146341463415e-03   6.88703416210191e-17
  3.63707317073171e-03   7.27082379138448e-17
  3.65268292682927e-03   7.65461342066707e-17
  3.66829268292683e-03   8.03840304994965e-17
  3.68390243902439e-03   8.42219267923224e-17
  3.69951219512195e-03   8.80598230851482e-17
  3.71512195121951e-03   9.18977193779740e-17
  3.73073170731707e-03   9.57356156707998e-17
  3.74634146341463e-03   9.95735119636256e-17
  3.76195121951220e-03   1.03411408256451e-16
  3.77756097560976e-03   1.07249304549277e-16
  3.79317073170732e-03   1.25584833325760e-16
  3.80878048780488e-03   1.69330191078963e-16
  3.82439024390244e-03   2.13075548832167e-16
  3.84000000000000e-03   2.56820906585371e-16
  3.85560975609756e-03   3.00566264338575e-16
  3.87121951219512e-03   3.44311622091779e-16
  3.88682926829268e-03   3.88056979844983e-16
  3.90243902439024e-03   4.31802337598185e-16
  3.91804878048780e-03   4.75547695351388e-16
  3.93365853658537e-03   5.19293053104592e-16
  3.94926829268293e-03   5.63038410857796e-16
  3.96487804878049e-03   6.06783768611000e-16
  3.98048780487805e-03   6.50529126364204e-16
  3.99609756097561e-03   9.41916932483383e-16
  4.01170731707317e-03   1.43528262202154e-15
  4.02731707317073e-03   1.92864831155969e-15
  4.04292682926829e-03   2.42201400109784e-15
  4.05853658536585e-03   2.91537969063600e-15
  4.07414634146342e-03   3.40874538017415e-15
  4.08975609756098e-03   4.43863111544185e-15
  4.10536585365854e-03   8.64413549975408e-15
  4.12097560975610e-03   1.28496398840665e-14
  4.13658536585366e-03   1.70551442683790e-14
  4.15219512195122e-03   2.12606486526915e-14
  4.16780487804878e-03   2.54661530370039e-14
  4.18341463414634e-03   2.96716574213164e-14
  4.19902439024390e-03   5.38140951768520e-14
  4.21463414634146e-03   8.50241230692732e-14
  4.23024390243903e-03   1.16234150961694e-13
  4.24585365853659e-03   2.01581673884903e-13
  4.26146341463415e-03   3.33953736287379e-13
  4.27707317073171e-03   4.66325798689863e-13
  4.29268292682927e-03   7.57653343322180e-13
  4.30829268292683e-03   1.36876191691093e-12
  4.32390243902439e-03   1.97987049049967e-12
  4.33951219512195e-03   2.82733940187138e-12
  4.35512195121951e-03   5.27203120189732e-12
  4.37073170731707e-03   1.00197064637840e-11
  4.38634146341463e-03   1.68315372729678e-11
  4.40195121951220e-03   3.54176615423302e-11
  4.41756097560976e-03   8.16402667790439e-11
  4.43317073170732e-03   2.03647887112166e-10
  4.44878048780488e-03   5.99628765500645e-10
  4.46439024390244e-03   2.37304914838713e-09
  4.48000000000000e-03   1.04697770639494e-08
  4.49560975609756e-03   4.65210946474044e-08
  4.51121951219512e-03   1.92208450952571e-07
  4.52682926829268e-03   6.70650347778161e-07
  4.54243902439024e-03   1.96474253379071e-06
  4.55804878048781e-03   4.86416711330943e-06
  4.57365853658537e-03   1.03388595783158e-05
  4.58926829268293e-03   1.91820350019590e-05
  4.60487804878049e-03   3.18701004029447e-05
  4.62048780487805e-03   4.85305309780221e-05
  4.63609756097561e-03   6.88782397522430e-05
  4.65170731707317e-03   9.24038976117959e-05
  4.66731707317073e-03   1.18300891630459e-04
  4.68292682926829e-03   1.45555351838012e-04
  4.69853658536585e-03   1.72984975450017e-04
  4.71414634146342e-03   1.99329547918672e-04
  4.72975609756098e-03   2.23425202438912e-04
  4.74536585365854e-03   2.44270283283928e-04
  4.76097560975610e-03   2.61187002724959e-04
  4.77658536585366e-03   2.73713689988543e-04
  4.79219512195122e-03   2.81836858639716e-04
  4.80780487804878e-03   2.86041158155098e-04
  4.82341463414634e-03   2.86700985219970e-04
  4.83902439024390e-03   2.84083497042517e-04
  4.85463414634146e-03   2.78808024572398e-04
  4.87024390243903e-03   2.71636082135018e-04
  4.88585365853659e-03   2.63041015767531e-04
  4.90146341463415e-03   2.53105106809085e-04
  4.91707317073171e-03   2.42865906321374e-04
  4.93268292682927e-03   2.32185203128670e-04
  4.94829268292683e-03   2.21492331598969e-04
  4.96390243902439e-03   2.10826971308211e-04
  4.97951219512195e-03   2.00495330885877e-04
  4.99512195121951e-03   1.90450254023817e-04
  5.01073170731707e-03   1.80705495772923e-04
  5.02634146341463e-03   1.71576474507467e-04
  5.04195121951220e-03   1.62733968241538e-04
  5.05756097560976e-03   1.54412517036475e-04
  5.07317073170732e-03   1.46582454583792e-04
  5.08878048780488e-03   1.39035899218541e-04
  5.10439024390244e-03   1.32116729994526e-04
  5.12000000000000e-03   1.25502788647330e-04
  5.13560975609756e-03   1.19218890451492e-04
  5.15121951219512e-03   1.13446553788098e-04
  5.16682926829268e-03   1.07891201557698e-04
  5.18243902439024e-03   1.02717581511013e-04
  5.19804878048781e-03   9.80250194434031e-05
  5.21365853658537e-03   9.35632539784709e-05
  5.22926829268293e-03   8.91014885135386e-05
  5.24487804878049e-03   8.49973546032829e-05
  5.26048780487805e-03   8.12922311052696e-05
  5.27609756097561e-03   7.75871076072560e-05
  5.29170731707317e-03   7.40468146636783e-05
  5.30731707317073e-03   7.09532364111075e-05
  5.32292682926829e-03   6.78596581585368e-05
  5.33853658536585e-03   6.47990061723112e-05
  5.35414634146342e-03   6.22012587541149e-05
  5.36975609756098e-03   5.96035113359185e-05
  5.38536585365854e-03   5.70057639177221e-05
  5.40097560975610e-03   5.47569290659438e-05
  5.41658536585366e-03   5.25633518604307e-05
  5.43219512195122e-03   5.03697746549178e-05
  5.44780487804878e-03   4.83948136708213e-05
  5.46341463414634e-03   4.65323947652055e-05
  5.47902439024390e-03   4.46699758595897e-05
  5.49463414634146e-03   4.29927696828697e-05
  5.51024390243903e-03   4.15356025601368e-05
  5.52585365853659e-03   4.00784354374040e-05
  5.54146341463415e-03   3.86212683146712e-05
  5.55707317073171e-03   3.71641011919384e-05
  5.57268292682927e-03   3.57069340692055e-05
  5.58829268292683e-03   3.42684264076646e-05
  5.60390243902439e-03   3.31787071360953e-05
  5.61951219512195e-03   3.20889878645258e-05
  5.63512195121951e-03   3.09992685929564e-05
  5.65073170731707e-03   2.99095493213870e-05
  5.66634146341463e-03   2.88198300498176e-05
  5.68195121951220e-03   2.77301107782482e-05
  5.69756097560976e-03   2.68095830183124e-05
  5.71317073170732e-03   2.59823669405504e-05
  5.72878048780488e-03   2.51551508627884e-05
  5.74439024390244e-03   2.43279347850263e-05
  5.76000000000000e-03   2.35007187072643e-05
  5.77560975609756e-03   2.26735026295023e-05
  5.79121951219512e-03   2.18917612766259e-05
  5.80682926829268e-03   2.12553899459247e-05
  5.82243902439024e-03   2.06190186152235e-05
  5.83804878048781e-03   1.99826472845223e-05
  5.85365853658537e-03   1.93462759538211e-05
  5.86926829268293e-03   1.87099046231199e-05
  5.88487804878049e-03   1.80735332924187e-05
  5.90048780487805e-03   1.75544596139769e-05
  5.91609756097561e-03   1.70590657432683e-05
  5.93170731707317e-03   1.65636718725597e-05
  5.94731707317073e-03   1.60682780018511e-05
  5.96292682926829e-03   1.55728841311425e-05
  5.97853658536585e-03   1.50774902604339e-05
  5.99414634146342e-03   1.46270830355355e-05
  6.00975609756098e-03   1.42373458742526e-05
  6.02536585365854e-03   1.38476087129697e-05
  6.04097560975610e-03   1.34578715516868e-05
  6.05658536585366e-03   1.30681343904039e-05
  6.07219512195122e-03   1.26783972291210e-05
  6.08780487804878e-03   1.22902256023588e-05
  6.10341463414634e-03   1.19806438085304e-05
  6.11902439024390e-03   1.16710620147020e-05
  6.13463414634146e-03   1.13614802208737e-05
  6.15024390243903e-03   1.10518984270453e-05
  6.16585365853659e-03   1.07423166332169e-05
  6.18146341463415e-03   1.04327348393886e-05
  6.19707317073171e-03   1.01784911149342e-05
  6.21268292682927e-03   9.95914209664546e-06
  6.22829268292683e-03   9.73979307835676e-06
  6.24390243902439e-03   9.52044406006806e-06
  6.25951219512195e-03   9.30109504177938e-06
  6.27512195121951e-03   9.08174602349068e-06
  6.29073170731707e-03   8.86239700520198e-06
  6.30634146341463e-03   8.64304798691328e-06
  6.32195121951220e-03   8.42369896862458e-06
  6.33756097560976e-03   8.20434995033588e-06
  6.35317073170732e-03   7.98500093204718e-06
  6.36878048780488e-03   7.76565191375848e-06
  6.38439024390244e-03   7.54630289546978e-06
  6.40000000000000e-03   7.38372435273609e-06
  6.41560975609756e-03   7.23526919660388e-06
  6.43121951219512e-03   7.08681404047168e-06
  6.44682926829268e-03   6.93835888433946e-06
  6.46243902439024e-03   6.78990372820725e-06
  6.47804878048781e-03   6.64144857207504e-06
  6.49365853658537e-03   6.49299341594283e-06
  6.50926829268293e-03   6.34453825981062e-06
  6.52487804878049e-03   6.19608310367841e-06
  6.54048780487805e-03   6.04762794754620e-06
  6.55609756097561e-03   5.89917279141399e-06
  6.57170731707317e-03   5.75071763528178e-06
  6.58731707317073e-03   5.60226247914956e-06
  6.60292682926829e-03   5.49856767477046e-06
  6.61853658536585e-03   5.39540362555048e-06
  6.63414634146342e-03   5.29223957633050e-06
  6.64975609756098e-03   5.18907552711052e-06
  6.66536585365854e-03   5.08591147789054e-06
  6.68097560975610e-03   4.98274742867055e-06
  6.69658536585366e-03   4.87958337945057e-06
  6.71219512195122e-03   4.77641933023059e-06
  6.72780487804878e-03   4.67325528101061e-06
  6.74341463414634e-03   4.57009123179062e-06
  6.75902439024390e-03   4.46692718257064e-06
  6.77463414634146e-03   4.36376313335066e-06
  6.79024390243903e-03   4.26582780654137e-06
  6.80585365853659e-03   4.19240937814660e-06
  6.82146341463415e-03   4.11899094975184e-06
  6.83707317073171e-03   4.04557252135708e-06
  6.85268292682927e-03   3.97215409296232e-06
  6.86829268292683e-03   3.89873566456755e-06
  6.88390243902439e-03   3.82531723617279e-06
  6.89951219512195e-03   3.75189880777803e-06
  6.91512195121951e-03   3.67848037938327e-06
  6.93073170731707e-03   3.60506195098851e-06
  6.94634146341463e-03   3.53164352259374e-06
  6.96195121951220e-03   3.45822509419898e-06
  6.97756097560976e-03   3.38480666580422e-06
  6.99317073170732e-03   3.31867314520066e-06
  7.00878048780488e-03   3.26530779631715e-06
  7.02439024390244e-03   3.21194244743364e-06
  7.04000000000000e-03   3.15857709855014e-06
  7.05560975609756e-03   3.10521174966663e-06
  7.07121951219512e-03   3.05184640078313e-06
  7.08682926829268e-03   2.99848105189962e-06
  7.10243902439024e-03   2.94511570301612e-06
  7.11804878048781e-03   2.89175035413261e-06
  7.13365853658537e-03   2.83838500524911e-06
  7.14926829268293e-03   2.78501965636560e-06
  7.16487804878049e-03   2.73165430748209e-06
  7.18048780487805e-03   2.67828895859859e-06
  7.19609756097561e-03   2.63255456672740e-06
  7.21170731707317e-03   2.59304400504355e-06
  7.22731707317073e-03   2.55353344335970e-06
  7.24292682926829e-03   2.51402288167585e-06
  7.25853658536585e-03   2.47451231999201e-06
  7.27414634146342e-03   2.43500175830816e-06
  7.28975609756098e-03   2.39549119662431e-06
  7.30536585365854e-03   2.35598063494046e-06
  7.32097560975610e-03   2.31647007325662e-06
  7.33658536585366e-03   2.27695951157277e-06
  7.35219512195122e-03   2.23744894988892e-06
  7.36780487804878e-03   2.19793838820507e-06
  7.38341463414634e-03   2.15842782652122e-06
  7.39902439024390e-03   2.12936110396753e-06
  7.41463414634146e-03   2.10399669475626e-06
  7.43024390243902e-03   2.07863228554500e-06
  7.44585365853659e-03   2.05326787633373e-06
  7.46146341463415e-03   2.02790346712247e-06
  7.47707317073171e-03   2.00253905791120e-06
  7.49268292682927e-03   1.97717464869994e-06
  7.50829268292683e-03   1.95181023948867e-06
  7.52390243902439e-03   1.92644583027741e-06
  7.53951219512195e-03   1.90108142106614e-06
  7.55512195121951e-03   1.87571701185488e-06
  7.57073170731707e-03   1.85035260264361e-06
  7.58634146341464e-03   1.82498819343234e-06
  7.60195121951220e-03   1.79962378422108e-06
  7.61756097560976e-03   1.77425937500982e-06
  7.63317073170732e-03   1.74889496579855e-06
  7.64878048780488e-03   1.72353055658728e-06
  7.66439024390244e-03   1.69816614737602e-06
  7.68000000000000e-03   1.67280173816475e-06
  7.69560975609756e-03   1.64743732895349e-06
  7.71121951219512e-03   1.62207291974222e-06
  7.72682926829268e-03   1.59670851053096e-06
  7.74243902439025e-03   1.57134410131969e-06
  7.75804878048781e-03   1.54597969210843e-06
  7.77365853658537e-03   1.52061528289716e-06
  7.78926829268293e-03   1.49633221846670e-06
  7.80487804878049e-03   1.48051347352734e-06
  7.82048780487805e-03   1.46469472858798e-06
  7.83609756097561e-03   1.44887598364862e-06
  7.85170731707317e-03   1.43305723870926e-06
  7.86731707317073e-03   1.41723849376990e-06
  7.88292682926829e-03   1.40141974883054e-06
  7.89853658536585e-03   1.38560100389118e-06
  7.91414634146342e-03   1.36978225895182e-06
  7.92975609756098e-03   1.35396351401246e-06
  7.94536585365854e-03   1.33814476907310e-06
  7.96097560975610e-03   1.32232602413374e-06
  7.97658536585366e-03   1.30650727919437e-06
  7.99219512195122e-03   1.29068853425501e-06
  8.00780487804878e-03   1.27486978931565e-06
  8.02341463414634e-03   1.25905104437629e-06
  8.03902439024390e-03   1.24323229943693e-06
  8.05463414634146e-03   1.22741355449757e-06
  8.07024390243903e-03   1.21159480955821e-06
  8.08585365853659e-03   1.19577606461885e-06
  8.10146341463415e-03   1.17995731967949e-06
  8.11707317073171e-03   1.16413857474013e-06
  8.13268292682927e-03   1.14831982980077e-06
  8.14829268292683e-03   1.13250108486141e-06
  8.16390243902439e-03   1.11668233992205e-06
  8.17951219512195e-03   1.10086359498269e-06
  8.19512195121951e-03   1.08773246144800e-06
  8.21073170731707e-03   1.07741794466540e-06
  8.22634146341463e-03   1.06710342788281e-06
  8.24195121951220e-03   1.05678891110021e-06
  8.25756097560976e-03   1.04647439431762e-06
  8.27317073170732e-03   1.03615987753502e-06
  8.28878048780488e-03   1.02584536075243e-06
  8.30439024390244e-03   1.01553084396983e-06
  8.32000000000000e-03   1.00521632718724e-06
  8.33560975609756e-03   9.94901810404644e-07
  8.35121951219512e-03   9.84587293622049e-07
  8.36682926829268e-03   9.74272776839454e-07
  8.38243902439025e-03   9.63958260056859e-07
  8.39804878048781e-03   9.53643743274264e-07
  8.41365853658537e-03   9.43329226491669e-07
  8.42926829268293e-03   9.33014709709074e-07
  8.44487804878049e-03   9.22700192926479e-07
  8.46048780487805e-03   9.12385676143884e-07
  8.47609756097561e-03   9.02071159361289e-07
  8.49170731707317e-03   8.91756642578694e-07
  8.50731707317073e-03   8.81442125796100e-07
  8.52292682926829e-03   8.71127609013505e-07
  8.53853658536585e-03   8.60813092230910e-07
  8.55414634146342e-03   8.50498575448315e-07
  8.56975609756098e-03   8.40184058665720e-07
  8.58536585365854e-03   8.29869541883125e-07
  8.60097560975610e-03   8.23618329003499e-07
  8.61658536585366e-03   8.18010625791763e-07
  8.63219512195122e-03   8.12402922580027e-07
  8.64780487804878e-03   8.06795219368292e-07
  8.66341463414634e-03   8.01187516156556e-07
  8.67902439024390e-03   7.95579812944820e-07
  8.69463414634146e-03   7.89972109733084e-07
  8.71024390243903e-03   7.84364406521349e-07
  8.72585365853659e-03   7.78756703309613e-07
  8.74146341463415e-03   7.73149000097877e-07
  8.75707317073171e-03   7.67541296886142e-07
  8.77268292682927e-03   7.61933593674406e-07
  8.78829268292683e-03   7.56325890462670e-07
  8.80390243902439e-03   7.50718187250934e-07
  8.81951219512195e-03   7.45110484039199e-07
  8.83512195121951e-03   7.39502780827463e-07
  8.85073170731707e-03   7.33895077615728e-07
  8.86634146341463e-03   7.28287374403992e-07
  8.88195121951220e-03   7.22679671192256e-07
  8.89756097560976e-03   7.17071967980521e-07
  8.91317073170732e-03   7.11464264768785e-07
  8.92878048780488e-03   7.05856561557049e-07
  8.94439024390244e-03   7.00248858345313e-07
  8.96000000000000e-03   6.94641155133578e-07
  8.97560975609756e-03   6.89033451921842e-07
  8.99121951219512e-03   6.83425748710106e-07
  9.00682926829268e-03   6.77818045498371e-07
  9.02243902439025e-03   6.72210342286635e-07
  9.03804878048781e-03   6.66602639074899e-07
  9.05365853658537e-03   6.60994935863163e-07
  9.06926829268293e-03   6.55387232651428e-07
  9.08487804878049e-03   6.49779529439692e-07
  9.10048780487805e-03   6.44171826227956e-07
  9.11609756097561e-03   6.38564123016220e-07
  9.13170731707317e-03   6.32956419804485e-07
  9.14731707317073e-03   6.27348716592749e-07
  9.16292682926829e-03   6.21741013381013e-07
  9.17853658536585e-03   6.16133310169278e-07
  9.19414634146342e-03   6.10525606957542e-07
  9.20975609756098e-03   6.04917903745807e-07
  9.22536585365854e-03   5.99310200534071e-07
  9.24097560975610e-03   5.93702497322335e-07
  9.25658536585366e-03   5.88094794110600e-07
  9.27219512195122e-03   5.82487090898864e-07
  9.28780487804878e-03   5.76879387687128e-07
  9.30341463414634e-03   5.71271684475392e-07
  9.31902439024390e-03   5.65663981263657e-07
  9.33463414634146e-03   5.60056278051921e-07
  9.35024390243903e-03   5.54448574840185e-07
  9.36585365853659e-03   5.48840871628449e-07
  9.38146341463415e-03   5.43233168416714e-07
  9.39707317073171e-03   5.39184263304825e-07
  9.41268292682927e-03   5.36118294574369e-07
  9.42829268292683e-03   5.33052325843913e-07
  9.44390243902439e-03   5.29986357113457e-07
  9.45951219512195e-03   5.26920388383000e-07
  9.47512195121951e-03   5.23854419652544e-07
  9.49073170731708e-03   5.20788450922088e-07
  9.50634146341464e-03   5.17722482191631e-07
  9.52195121951220e-03   5.14656513461175e-07
  9.53756097560976e-03   5.11590544730719e-07
  9.55317073170732e-03   5.08524576000263e-07
  9.56878048780488e-03   5.05458607269807e-07
  9.58439024390244e-03   5.02392638539350e-07
  9.60000000000000e-03   4.99326669808894e-07
  9.61560975609756e-03   4.96260701078438e-07
  9.63121951219512e-03   4.93194732347982e-07
  9.64682926829268e-03   4.90128763617525e-07
  9.66243902439025e-03   4.87062794887069e-07
  9.67804878048781e-03   4.83996826156613e-07
  9.69365853658537e-03   4.80930857426156e-07
  9.70926829268293e-03   4.77864888695700e-07
  9.72487804878049e-03   4.74798919965244e-07
  9.74048780487805e-03   4.71732951234787e-07
  9.75609756097561e-03   4.68666982504331e-07
  9.77170731707317e-03   4.65601013773875e-07
  9.78731707317073e-03   4.62535045043419e-07
  9.80292682926829e-03   4.59469076312962e-07
  9.81853658536586e-03   4.56403107582506e-07
  9.83414634146342e-03   4.53337138852050e-07
  9.84975609756098e-03   4.50271170121594e-07
  9.86536585365854e-03   4.47205201391138e-07
  9.88097560975610e-03   4.44139232660681e-07
  9.89658536585366e-03   4.41073263930225e-07
  9.91219512195122e-03   4.38007295199769e-07
  9.92780487804878e-03   4.34941326469312e-07
  9.94341463414634e-03   4.31875357738856e-07
  9.95902439024390e-03   4.28809389008400e-07
  9.97463414634146e-03   4.25743420277944e-07
  9.99024390243903e-03   4.22677451547487e-07
  1.00058536585366e-02   4.19611482817031e-07
  1.00214634146341e-02   4.16545514086575e-07
  1.00370731707317e-02   4.13479545356118e-07
  1.00526829268293e-02   4.10413576625662e-07
  1.00682926829268e-02   4.07347607895206e-07
  1.00839024390244e-02   4.04281639164750e-07
  1.00995121951220e-02   4.01215670434293e-07
  1.01151219512195e-02   3.98149701703837e-07
  1.01307317073171e-02   3.95083732973381e-07
  1.01463414634146e-02   3.92017764242924e-07
  1.01619512195122e-02   3.88951795512468e-07
  1.01775609756098e-02   3.85885826782012e-07
  1.01931707317073e-02   3.83447210316268e-07
  1.02087804878049e-02   3.82108146744589e-07
  1.02243902439024e-02   3.80769083172910e-07
  1.02400000000000e-02   3.79430019601230e-07
  1.02556097560976e-02   3.78090956029551e-07
  1.02712195121951e-02   3.76751892457872e-07
  1.02868292682927e-02   3.75412828886193e-07
  1.03024390243902e-02   3.74073765314514e-07
  1.03180487804878e-02   3.72734701742834e-07
  1.03336585365854e-02   3.71395638171155e-07
  1.03492682926829e-02   3.70056574599476e-07
  1.03648780487805e-02   3.68717511027797e-07
  1.03804878048781e-02   3.67378447456117e-07
  1.03960975609756e-02   3.66039383884438e-07
  1.04117073170732e-02   3.64700320312759e-07
  1.04273170731707e-02   3.63361256741080e-07
  1.04429268292683e-02   3.62022193169401e-07
  1.04585365853659e-02   3.60683129597721e-07
  1.04741463414634e-02   3.59344066026042e-07
  1.04897560975610e-02   3.58005002454363e-07
  1.05053658536585e-02   3.56665938882684e-07
  1.05209756097561e-02   3.55326875311005e-07
  1.05365853658537e-02   3.53987811739325e-07
  1.05521951219512e-02   3.52648748167646e-07
  1.05678048780488e-02   3.51309684595967e-07
  1.05834146341463e-02   3.49970621024288e-07
  1.05990243902439e-02   3.48631557452608e-07
  1.06146341463415e-02   3.47292493880929e-07
  1.06302439024390e-02   3.45953430309250e-07
  1.06458536585366e-02   3.44614366737571e-07
  1.06614634146341e-02   3.43275303165892e-07
  1.06770731707317e-02   3.41936239594212e-07
  1.06926829268293e-02   3.40597176022533e-07
  1.07082926829268e-02   3.39258112450854e-07
  1.07239024390244e-02   3.37919048879175e-07
  1.07395121951220e-02   3.36579985307495e-07
  1.07551219512195e-02   3.35240921735816e-07
  1.07707317073171e-02   3.33901858164137e-07
  1.07863414634146e-02   3.32562794592458e-07
  1.08019512195122e-02   3.31223731020779e-07
  1.08175609756098e-02   3.29884667449099e-07
  1.08331707317073e-02   3.28545603877420e-07
  1.08487804878049e-02   3.27206540305741e-07
  1.08643902439024e-02   3.25867476734062e-07
  1.08800000000000e-02   3.24528413162383e-07
  1.08956097560976e-02   3.23189349590703e-07
  1.09112195121951e-02   3.21850286019024e-07
  1.09268292682927e-02   3.20511222447345e-07
  1.09424390243902e-02   3.19172158875666e-07
  1.09580487804878e-02   3.17833095303986e-07
  1.09736585365854e-02   3.16494031732307e-07
  1.09892682926829e-02   3.15154968160628e-07
  1.10048780487805e-02   3.13815904588949e-07
  1.10204878048781e-02   3.12476841017270e-07
  1.10360975609756e-02   3.11137777445590e-07
  1.10517073170732e-02   3.09798713873911e-07
  1.10673170731707e-02   3.08459650302232e-07
  1.10829268292683e-02   3.07120586730553e-07
  1.10985365853659e-02   3.05781523158873e-07
  1.11141463414634e-02   3.04442459587194e-07
  1.11297560975610e-02   3.03103396015515e-07
  1.11453658536585e-02   3.01764332443836e-07
  1.11609756097561e-02   3.00425268872157e-07
  1.11765853658537e-02   2.99086205300477e-07
  1.11921951219512e-02   2.97747141728798e-07
  1.12078048780488e-02   2.96408078157119e-07
  1.12234146341463e-02   2.95069014585440e-07
  1.12390243902439e-02   2.93729951013761e-07
  1.12546341463415e-02   2.92390887442081e-07
  1.12702439024390e-02   2.91051823870402e-07
  1.12858536585366e-02   2.89712760298723e-07
  1.13014634146341e-02   2.88373696727044e-07
  1.13170731707317e-02   2.87034633155364e-07
  1.13326829268293e-02   2.85695569583685e-07
  1.13482926829268e-02   2.84356506012006e-07
  1.13639024390244e-02   2.83017442440327e-07
  1.13795121951220e-02   2.81678378868648e-07
  1.13951219512195e-02   2.80339315296968e-07
  1.14107317073171e-02   2.79000251725289e-07
  1.14263414634146e-02   2.77661188153610e-07
  1.14419512195122e-02   2.76322124581931e-07
  1.14575609756098e-02   2.74983061010251e-07
  1.14731707317073e-02   2.73643997438572e-07
  1.14887804878049e-02   2.72304933866893e-07
  1.15043902439024e-02   2.70965870295214e-07
  1.15200000000000e-02   2.69626806723535e-07
  1.15356097560976e-02   2.68287743151855e-07
  1.15512195121951e-02   2.66948679580176e-07
  1.15668292682927e-02   2.65609616008497e-07
  1.15824390243902e-02   2.64270552436818e-07
  1.15980487804878e-02   2.62931488865139e-07
  1.16136585365854e-02   2.61592425293459e-07
  1.16292682926829e-02   2.60253361721780e-07
  1.16448780487805e-02   2.58914298150101e-07
  1.16604878048781e-02   2.57575234578422e-07
  1.16760975609756e-02   2.56236171006742e-07
  1.16917073170732e-02   2.54897107435063e-07
  1.17073170731707e-02   2.53558043863384e-07
  1.17229268292683e-02   2.52218980291705e-07
  1.17385365853659e-02   2.50879916720026e-07
  1.17541463414634e-02   2.49540853148346e-07
  1.17697560975610e-02   2.48201789576667e-07
  1.17853658536585e-02   2.46862726004988e-07
  1.18009756097561e-02   2.46679650907298e-07
  1.18165853658537e-02   2.46679650907298e-07
  1.18321951219512e-02   2.46679650907298e-07
  1.18478048780488e-02   2.46679650907298e-07
  1.18634146341463e-02   2.46679650907298e-07
  1.18790243902439e-02   2.46679650907298e-07
  1.18946341463415e-02   2.46679650907298e-07
  1.19102439024390e-02   2.46679650907298e-07
  1.19258536585366e-02   2.46679650907298e-07
  1.19414634146341e-02   2.46679650907298e-07
  1.19570731707317e-02   2.46679650907298e-07
  1.19726829268293e-02   2.46679650907298e-07
  1.19882926829268e-02   2.46679650907298e-07
  1.20039024390244e-02   2.46679650907298e-07
  1.20195121951220e-02   2.46679650907298e-07
  1.20351219512195e-02   2.46679650907298e-07
  1.20507317073171e-02   2.46679650907298e-07
  1.20663414634146e-02   2.46679650907298e-07
  1.20819512195122e-02   2.46679650907298e-07
  1.20975609756098e-02   2.46679650907298e-07
  1.21131707317073e-02   2.46679650907298e-07
  1.21287804878049e-02   2.46679650907298e-07
  1.21443902439024e-02   2.46679650907298e-07
  1.21600000000000e-02   2.46679650907298e-07
  1.21756097560976e-02   2.46679650907298e-07
  1.21912195121951e-02   2.46679650907298e-07
  1.22068292682927e-02   2.46679650907298e-07
  1.22224390243902e-02   2.46679650907298e-07
  1.22380487804878e-02   2.46679650907298e-07
  1.22536585365854e-02   2.46679650907298e-07
  1.22692682926829e-02   2.46679650907298e-07
  1.22848780487805e-02   2.46679650907298e-07
  1.23004878048781e-02   2.46679650907298e-07
  1.23160975609756e-02   2.46679650907298e-07
  1.23317073170732e-02   2.46679650907298e-07
  1.23473170731707e-02   2.46679650907298e-07
  1.23629268292683e-02   2.46679650907298e-07
  1.23785365853659e-02   2.46679650907298e-07
  1.23941463414634e-02   2.46679650907298e-07
  1.24097560975610e-02   2.46679650907298e-07
  1.24253658536585e-02   2.46679650907298e-07
  1.24409756097561e-02   2.46679650907298e-07
  1.24565853658537e-02   2.46679650907298e-07
  1.24721951219512e-02   2.46679650907298e-07
  1.24878048780488e-02   2.46679650907298e-07
  1.25034146341463e-02   2.46679650907298e-07
  1.25190243902439e-02   2.46679650907298e-07
  1.25346341463415e-02   2.46679650907298e-07
  1.25502439024390e-02   2.46679650907298e-07
  1.25658536585366e-02   2.46679650907298e-07
  1.25814634146341e-02   2.46679650907298e-07
  1.25970731707317e-02   2.46679650907298e-07
  1.26126829268293e-02   2.46679650907298e-07
  1.26282926829268e-02   2.46679650907298e-07
  1.26439024390244e-02   2.46679650907298e-07
  1.26595121951220e-02   2.46679650907298e-07
  1.26751219512195e-02   2.46679650907298e-07
  1.26907317073171e-02   2.46679650907298e-07
  1.27063414634146e-02   2.46679650907298e-07
  1.27219512195122e-02   2.46679650907298e-07
  1.27375609756098e-02   2.46679650907298e-07
  1.27531707317073e-02   2.46679650907298e-07
  1.27687804878049e-02   2.46679650907298e-07
  1.27843902439024e-02   2.46679650907298e-07
  1.28000000000000e-02   2.46679650907298e-07
  1.28156097560976e-02   2.46679650907298e-07
  1.28312195121951e-02   2.46679650907298e-07
  1.28468292682927e-02   2.46679650907298e-07
  1.28624390243902e-02   2.46679650907298e-07
  1.28780487804878e-02   2.46679650907298e-07
  1.28936585365854e-02   2.46679650907298e-07
  1.29092682926829e-02   2.46679650907298e-07
  1.29248780487805e-02   2.46679650907298e-07
  1.29404878048781e-02   2.46679650907298e-07
  1.29560975609756e-02   2.46679650907298e-07
  1.29717073170732e-02   2.46679650907298e-07
  1.29873170731707e-02   2.46679650907298e-07
  1.30029268292683e-02   2.46679650907298e-07
  1.30185365853659e-02   2.46679650907298e-07
  1.30341463414634e-02   2.46679650907298e-07
  1.30497560975610e-02   2.46679650907298e-07
  1.30653658536585e-02   2.46679650907298e-07
  1.30809756097561e-02   2.46679650907298e-07
  1.30965853658537e-02   2.46679650907298e-07
  1.31121951219512e-02   2.46679650907298e-07
  1.31278048780488e-02   2.46679650907298e-07
  1.31434146341463e-02   2.46679650907298e-07
  1.31590243902439e-02   2.46679650907298e-07
  1.31746341463415e-02   2.46679650907298e-07
  1.31902439024390e-02   2.46679650907298e-07
  1.32058536585366e-02   2.46679650907298e-07
  1.32214634146341e-02   2.46679650907298e-07
  1.32370731707317e-02   2.46679650907298e-07
  1.32526829268293e-02   2.46679650907298e-07
  1.32682926829268e-02   2.46679650907298e-07
  1.32839024390244e-02   2.46679650907298e-07
  1.32995121951220e-02   2.46679650907298e-07
  1.33151219512195e-02   2.46679650907298e-07
  1.33307317073171e-02   2.46679650907298e-07
  1.33463414634146e-02   2.46679650907298e-07
  1.33619512195122e-02   2.46679650907298e-07
  1.33775609756098e-02   2.46679650907298e-07
  1.33931707317073e-02   2.46679650907298e-07
  1.34087804878049e-02   2.46679650907298e-07
  1.34243902439024e-02   2.46679650907298e-07
  1.34400000000000e-02   2.46679650907298e-07
  1.34556097560976e-02   2.46679650907298e-07
  1.34712195121951e-02   2.46679650907298e-07
  1.34868292682927e-02   2.46679650907298e-07
  1.35024390243902e-02   2.46679650907298e-07
  1.35180487804878e-02   2.46679650907298e-07
  1.35336585365854e-02   2.46679650907298e-07
  1.35492682926829e-02   2.46679650907298e-07
  1.35648780487805e-02   2.46679650907298e-07
  1.35804878048781e-02   2.46679650907298e-07
  1.35960975609756e-02   2.46679650907298e-07
  1.36117073170732e-02   2.46679650907298e-07
  1.36273170731707e-02   2.46679650907298e-07
  1.36429268292683e-02   2.46679650907298e-07
  1.36585365853659e-02   2.46679650907298e-07
  1.36741463414634e-02   2.46679650907298e-07
  1.36897560975610e-02   2.46679650907298e-07
  1.37053658536585e-02   2.46679650907298e-07
  1.37209756097561e-02   2.46679650907298e-07
  1.37365853658537e-02   2.46679650907298e-07
  1.37521951219512e-02   2.46679650907298e-07
  1.37678048780488e-02   2.46679650907298e-07
  1.37834146341463e-02   2.46679650907298e-07
  1.37990243902439e-02   2.46679650907298e-07
  1.38146341463415e-02   2.46679650907298e-07
  1.38302439024390e-02   2.46679650907298e-07
  1.38458536585366e-02   2.46679650907298e-07
  1.38614634146341e-02   2.46679650907298e-07
  1.38770731707317e-02   2.46679650907298e-07
  1.38926829268293e-02   2.46679650907298e-07
  1.39082926829268e-02   2.46679650907298e-07
  1.39239024390244e-02   2.46679650907298e-07
  1.39395121951220e-02   2.46679650907298e-07
  1.39551219512195e-02   2.46679650907298e-07
  1.39707317073171e-02   2.46679650907298e-07
  1.39863414634146e-02   2.46679650907298e-07
  1.40019512195122e-02   2.46679650907298e-07
  1.40175609756098e-02   2.46679650907298e-07
  1.40331707317073e-02   2.46679650907298e-07
  1.40487804878049e-02   2.46679650907298e-07
  1.40643902439024e-02   2.46679650907298e-07
  1.40800000000000e-02   2.46679650907298e-07
  1.40956097560976e-02   2.46679650907298e-07
  1.41112195121951e-02   2.46679650907298e-07
  1.41268292682927e-02   2.46679650907298e-07
  1.41424390243902e-02   2.46679650907298e-07
  1.41580487804878e-02   2.46679650907298e-07
  1.41736585365854e-02   2.46679650907298e-07
  1.41892682926829e-02   2.46679650907298e-07
  1.42048780487805e-02   2.46679650907298e-07
  1.42204878048781e-02   2.46679650907298e-07
  1.42360975609756e-02   2.46679650907298e-07
  1.42517073170732e-02   2.46679650907298e-07
  1.42673170731707e-02   2.46679650907298e-07
  1.42829268292683e-02   2.46679650907298e-07
  1.42985365853659e-02   2.46679650907298e-07
  1.43141463414634e-02   2.46679650907298e-07
  1.43297560975610e-02   2.46679650907298e-07
  1.43453658536585e-02   2.46679650907298e-07
  1.43609756097561e-02   2.46679650907298e-07
  1.43765853658537e-02   2.46679650907298e-07
  1.43921951219512e-02   2.46679650907298e-07
  1.44078048780488e-02   2.46679650907298e-07
  1.44234146341463e-02   2.46679650907298e-07
  1.44390243902439e-02   2.46679650907298e-07
  1.44546341463415e-02   2.46679650907298e-07
  1.44702439024390e-02   2.46679650907298e-07
  1.44858536585366e-02   2.46679650907298e-07
  1.45014634146341e-02   2.46679650907298e-07
  1.45170731707317e-02   2.46679650907298e-07
  1.45326829268293e-02   2.46679650907298e-07
  1.45482926829268e-02   2.46679650907298e-07
  1.45639024390244e-02   2.46679650907298e-07
  1.45795121951220e-02   2.46679650907298e-07
  1.45951219512195e-02   2.46679650907298e-07
  1.46107317073171e-02   2.46679650907298e-07
  1.46263414634146e-02   2.46679650907298e-07
  1.46419512195122e-02   2.46679650907298e-07
  1.46575609756098e-02   2.46679650907298e-07
  1.46731707317073e-02   2.46679650907298e-07
  1.46887804878049e-02   2.46679650907298e-07
  1.47043902439024e-02   2.46679650907298e-07
  1.47200000000000e-02   2.46679650907298e-07
  1.47356097560976e-02   2.46679650907298e-07
  1.47512195121951e-02   2.46679650907298e-07
  1.47668292682927e-02   2.46679650907298e-07
  1.47824390243902e-02   2.46679650907298e-07
  1.47980487804878e-02   2.46679650907298e-07
  1.48136585365854e-02   2.46679650907298e-07
  1.48292682926829e-02   2.46679650907298e-07
  1.48448780487805e-02   2.46679650907298e-07
  1.48604878048780e-02   2.46679650907298e-07
  1.48760975609756e-02   2.46679650907298e-07
  1.48917073170732e-02   2.46679650907298e-07
  1.49073170731707e-02   2.46679650907298e-07
  1.49229268292683e-02   2.46679650907298e-07
  1.49385365853659e-02   2.46679650907298e-07
  1.49541463414634e-02   2.46679650907298e-07
  1.49697560975610e-02   2.46679650907298e-07
  1.49853658536585e-02   2.46679650907298e-07
  1.50009756097561e-02   2.46679650907298e-07
  1.50165853658537e-02   2.46679650907298e-07
  1.50321951219512e-02   2.46679650907298e-07
  1.50478048780488e-02   2.46679650907298e-07
  1.50634146341463e-02   2.46679650907298e-07
  1.50790243902439e-02   2.46679650907298e-07
  1.50946341463415e-02   2.46679650907298e-07
  1.51102439024390e-02   2.46679650907298e-07
  1.51258536585366e-02   2.46679650907298e-07
  1.51414634146341e-02   2.46679650907298e-07
  1.51570731707317e-02   2.46679650907298e-07
  1.51726829268293e-02   2.46679650907298e-07
  1.51882926829268e-02   2.46679650907298e-07
  1.52039024390244e-02   2.46679650907298e-07
  1.52195121951220e-02   2.46679650907298e-07
  1.52351219512195e-02   2.46679650907298e-07
  1.52507317073171e-02   2.46679650907298e-07
  1.52663414634146e-02   2.46679650907298e-07
  1.52819512195122e-02   2.46679650907298e-07
  1.52975609756098e-02   2.46679650907298e-07
  1.53131707317073e-02   2.46679650907298e-07
  1.53287804878049e-02   2.46679650907298e-07
  1.53443902439024e-02   2.46679650907298e-07
  1.53600000000000e-02   2.46679650907298e-07
  1.53756097560976e-02   2.46679650907298e-07
  1.53912195121951e-02   2.46679650907298e-07
  1.54068292682927e-02   2.46679650907298e-07
  1.54224390243902e-02   2.46679650907298e-07
  1.54380487804878e-02   2.46679650907298e-07
  1.54536585365854e-02   2.46679650907298e-07
  1.54692682926829e-02   2.46679650907298e-07
  1.54848780487805e-02   2.46679650907298e-07
  1.55004878048781e-02   2.46679650907298e-07
  1.55160975609756e-02   2.46679650907298e-07
  1.55317073170732e-02   2.46679650907298e-07
  1.55473170731707e-02   2.46679650907298e-07
  1.55629268292683e-02   2.46679650907298e-07
  1.55785365853659e-02   2.46679650907298e-07
  1.55941463414634e-02   2.46679650907298e-07
  1.56097560975610e-02   2.46679650907298e-07
  1.56253658536585e-02   2.46679650907298e-07
  1.56409756097561e-02   2.46679650907298e-07
  1.56565853658537e-02   2.46679650907298e-07
  1.56721951219512e-02   2.46679650907298e-07
  1.56878048780488e-02   2.46679650907298e-07
  1.57034146341463e-02   2.46679650907298e-07
  1.57190243902439e-02   2.46679650907298e-07
  1.57346341463415e-02   2.46679650907298e-07
  1.57502439024390e-02   2.46679650907298e-07
  1.57658536585366e-02   2.46679650907298e-07
  1.57814634146341e-02   2.46679650907298e-07
  1.57970731707317e-02   2.46679650907298e-07
  1.58126829268293e-02   2.46679650907298e-07
  1.58282926829268e-02   2.46679650907298e-07
  1.58439024390244e-02   2.46679650907298e-07
  1.58595121951220e-02   2.46679650907298e-07
  1.58751219512195e-02   2.46679650907298e-07
  1.58907317073171e-02   2.46679650907298e-07
  1.59063414634146e-02   2.46679650907298e-07
  1.59219512195122e-02   2.46679650907298e-07
  1.59375609756098e-02   2.46679650907298e-07
  1.59531707317073e-02   2.46679650907298e-07
  1.59687804878049e-02   2.46679650907298e-07
  1.59843902439024e-02   2.46679650907298e-07
  1.60000000000000e-02   2.46679650907298e-07
