  1.56097560975610e-05   1.42026022482286e-14
  3.12195121951220e-05   1.45405076538983e-14
  4.68292682926829e-05   1.48784130595679e-14
  6.24390243902439e-05   1.52163184652376e-14
  7.80487804878049e-05   1.55542238709073e-14
  9.36585365853659e-05   1.58921292765770e-14
  1.09268292682927e-04   1.62300346822467e-14
  1.24878048780488e-04   1.65679400879163e-14
  1.40487804878049e-04   1.69058454935860e-14
  1.56097560975610e-04   1.72437508992557e-14
  1.71707317073171e-04   1.75816563049254e-14
  1.87317073170732e-04   1.79195617105950e-14
  2.02926829268293e-04   1.82574671162647e-14
  2.18536585365854e-04   1.85953725219344e-14
  2.34146341463415e-04   1.89332779276041e-14
  2.49756097560976e-04   1.92711833332738e-14
  2.65365853658537e-04   1.96090887389434e-14
  2.80975609756098e-04   1.99469941446131e-14
  2.96585365853659e-04   2.02848995502828e-14
  3.12195121951220e-04   2.06228049559525e-14
  3.27804878048781e-04   2.09607103616221e-14
  3.43414634146341e-04   2.12986157672918e-14
  3.59024390243903e-04   2.16365211729615e-14
  3.74634146341463e-04   2.19744265786312e-14
  3.90243902439024e-04   2.23123319843008e-14
  4.05853658536585e-04   2.26502373899705e-14
  4.21463414634146e-04   2.29881427956402e-14
  4.37073170731707e-04   2.33260482013099e-14
  4.52682926829268e-04   2.36639536069796e-14
  4.68292682926829e-04   2.40018590126492e-14
  4.83902439024390e-04   2.43397644183189e-14
  4.99512195121951e-04   2.46776698239886e-14
  5.15121951219512e-04   2.50155752296583e-14
  5.30731707317073e-04   2.53534806353279e-14
  5.46341463414634e-04   2.56913860409976e-14
  5.61951219512195e-04   2.60292914466673e-14
  5.77560975609756e-04   2.63671968523370e-14
  5.93170731707317e-04   3.18472812917694e-14
  6.08780487804878e-04   4.63400021022047e-14
  6.24390243902439e-04   6.08327229126398e-14
  6.40000000000000e-04   7.53254437230750e-14
  6.55609756097561e-04   8.98181645335101e-14
  6.71219512195122e-04   1.04310885343945e-13
  6.86829268292683e-04   1.18803606154381e-13
  7.02439024390244e-04   1.33296326964816e-13
  7.18048780487805e-04   1.47789047775251e-13
  7.33658536585366e-04   1.62281768585686e-13
  7.49268292682927e-04   1.76774489396121e-13
  7.64878048780488e-04   1.91267210206556e-13
  7.80487804878049e-04   2.05759931016992e-13
  7.96097560975610e-04   2.20252651827427e-13
  8.11707317073171e-04   2.34745372637862e-13
  8.27317073170732e-04   2.49238093448297e-13
  8.42926829268293e-04   2.63730814258732e-13
  8.58536585365854e-04   2.78223535069168e-13
  8.74146341463415e-04   2.92716255879603e-13
  8.89756097560976e-04   3.07208976690038e-13
  9.05365853658537e-04   3.21701697500473e-13
  9.20975609756098e-04   3.36194418310908e-13
  9.36585365853659e-04   3.50687139121343e-13
  9.52195121951220e-04   3.65179859931779e-13
  9.67804878048781e-04   3.79672580742214e-13
  9.83414634146342e-04   3.94165301552649e-13
  9.99024390243903e-04   4.08658022363084e-13
  1.01463414634146e-03   4.23150743173519e-13
  1.03024390243902e-03   4.37643463983955e-13
  1.04585365853659e-03   4.52136184794390e-13
  1.06146341463415e-03   4.66628905604825e-13
  1.07707317073171e-03   4.81121626415260e-13
  1.09268292682927e-03   4.95614347225695e-13
  1.10829268292683e-03   5.10107068036130e-13
  1.12390243902439e-03   5.24599788846566e-13
  1.13951219512195e-03   5.39092509657001e-13
  1.15512195121951e-03   5.53585230467436e-13
  1.17073170731707e-03   5.68077951277871e-13
  1.18634146341463e-03   5.82570672088306e-13
  1.20195121951220e-03   5.97063392898742e-13
  1.21756097560976e-03   6.11556113709177e-13
  1.23317073170732e-03   6.26048834519612e-13
  1.24878048780488e-03   6.40541555330047e-13
  1.26439024390244e-03   6.55034276140482e-13
  1.28000000000000e-03   6.69526996950918e-13
  1.29560975609756e-03   6.84019717761353e-13
  1.31121951219512e-03   6.98512438571788e-13
  1.32682926829268e-03   7.13005159382223e-13
  1.34243902439024e-03   7.27497880192658e-13
  1.35804878048781e-03   7.41990601003093e-13
  1.37365853658537e-03   7.56483321813528e-13
  1.38926829268293e-03   7.70976042623964e-13
  1.40487804878049e-03   7.85468763434399e-13
  1.42048780487805e-03   7.99961484244834e-13
  1.43609756097561e-03   8.14454205055269e-13
  1.45170731707317e-03   8.28946925865705e-13
  1.46731707317073e-03   8.43439646676140e-13
  1.48292682926829e-03   8.57932367486575e-13
  1.49853658536585e-03   8.72425088297010e-13
  1.51414634146341e-03   8.86917809107445e-13
  1.52975609756098e-03   9.01410529917880e-13
  1.54536585365854e-03   9.15903250728315e-13
  1.56097560975610e-03   9.30395971538751e-13
  1.57658536585366e-03   9.44888692349186e-13
  1.59219512195122e-03   9.59381413159621e-13
  1.60780487804878e-03   9.73874133970056e-13
  1.62341463414634e-03   9.88366854780491e-13
  1.63902439024390e-03   1.00285957559093e-12
  1.65463414634146e-03   1.01735229640136e-12
  1.67024390243902e-03   1.03184501721180e-12
  1.68585365853659e-03   1.04633773802223e-12
  1.70146341463415e-03   1.06083045883267e-12
  1.71707317073171e-03   1.07532317964310e-12
  1.73268292682927e-03   1.08981590045354e-12
  1.74829268292683e-03   1.10430862126397e-12
  1.76390243902439e-03   1.11880134207441e-12
  1.77951219512195e-03   1.13329406288484e-12
  1.79512195121951e-03   1.14778678369528e-12
  1.81073170731707e-03   1.16227950450571e-12
  1.82634146341463e-03   1.17677222531615e-12
  1.84195121951220e-03   1.19126494612658e-12
  1.85756097560976e-03   1.20575766693702e-12
  1.87317073170732e-03   1.22025038774745e-12
  1.88878048780488e-03   1.23474310855789e-12
  1.90439024390244e-03   1.24923582936832e-12
  1.92000000000000e-03   1.26372855017876e-12
  1.93560975609756e-03   1.27822127098919e-12
  1.95121951219512e-03   1.29271399179963e-12
  1.96682926829268e-03   1.30720671261007e-12
  1.98243902439024e-03   1.32169943342050e-12
  1.99804878048781e-03   1.33619215423094e-12
  2.01365853658537e-03   1.35068487504137e-12
  2.02926829268293e-03   1.36517759585181e-12
  2.04487804878049e-03   1.37967031666224e-12
  2.06048780487805e-03   1.39416303747268e-12
  2.07609756097561e-03   1.40865575828311e-12
  2.09170731707317e-03   1.42314847909355e-12
  2.10731707317073e-03   1.43764119990398e-12
  2.12292682926829e-03   1.45213392071442e-12
  2.13853658536585e-03   1.46662664152485e-12
  2.15414634146341e-03   1.48111936233529e-12
  2.16975609756098e-03   1.49561208314572e-12
  2.18536585365854e-03   1.51010480395616e-12
  2.20097560975610e-03   1.98903418928527e-12
  2.21658536585366e-03   2.54151689252455e-12
  2.23219512195122e-03   3.09399959576382e-12
  2.24780487804878e-03   3.64648229900311e-12
  2.26341463414634e-03   4.19896500224239e-12
  2.27902439024390e-03   4.75144770548168e-12
  2.29463414634146e-03   5.30393040872096e-12
  2.31024390243902e-03   5.85641311196023e-12
  2.32585365853659e-03   6.40889581519951e-12
  2.34146341463415e-03   6.96137851843880e-12
  2.35707317073171e-03   7.51386122167808e-12
  2.37268292682927e-03   8.06634392491737e-12
  2.38829268292683e-03   8.61882662815665e-12
  2.40390243902439e-03   9.17130933139592e-12
  2.41951219512195e-03   9.72379203463521e-12
  2.43512195121951e-03   1.02762747378745e-11
  2.45073170731707e-03   1.08287574411138e-11
  2.46634146341463e-03   1.13812401443531e-11
  2.48195121951220e-03   1.19337228475923e-11
  2.49756097560976e-03   1.24862055508316e-11
  2.51317073170732e-03   1.30386882540709e-11
  2.52878048780488e-03   1.35911709573102e-11
  2.54439024390244e-03   1.41436536605495e-11
  2.56000000000000e-03   1.46961363637887e-11
  2.57560975609756e-03   1.52486190670280e-11
  2.59121951219512e-03   1.58011017702673e-11
  2.60682926829268e-03   1.63535844735066e-11
  2.62243902439024e-03   1.69060671767459e-11
  2.63804878048781e-03   1.74585498799851e-11
  2.65365853658537e-03   1.80110325832244e-11
  2.66926829268293e-03   1.85635152864637e-11
  2.68487804878049e-03   1.91159979897030e-11
  2.70048780487805e-03   1.96684806929423e-11
  2.71609756097561e-03   2.02209633961816e-11
  2.73170731707317e-03   2.07734460994208e-11
  2.74731707317073e-03   2.13259288026601e-11
  2.76292682926829e-03   2.18784115058994e-11
  2.77853658536585e-03   2.24308942091387e-11
  2.79414634146342e-03   2.29833769123780e-11
  2.80975609756098e-03   2.35358596156172e-11
  2.82536585365854e-03   2.40883423188565e-11
  2.84097560975610e-03   2.46408250220958e-11
  2.85658536585366e-03   2.51933077253351e-11
  2.87219512195122e-03   2.57457904285744e-11
  2.88780487804878e-03   2.62982731318137e-11
  2.90341463414634e-03   2.68507558350529e-11
  2.91902439024390e-03   2.74032385382922e-11
  2.93463414634146e-03   2.79557212415315e-11
  2.95024390243902e-03   2.85082039447708e-11
  2.96585365853659e-03   2.90606866480101e-11
  2.98146341463415e-03   2.96131693512493e-11
  2.99707317073171e-03   3.65628008025152e-11
  3.01268292682927e-03   4.75463031203704e-11
  3.02829268292683e-03   5.85298054382257e-11
  3.04390243902439e-03   6.95133077560809e-11
  3.05951219512195e-03   8.04968100739358e-11
  3.07512195121951e-03   9.14803123917911e-11
  3.09073170731707e-03   1.02463814709646e-10
  3.10634146341463e-03   1.13447317027502e-10
  3.12195121951220e-03   1.24430819345357e-10
  3.13756097560976e-03   1.35414321663212e-10
  3.15317073170732e-03   1.46397823981067e-10
  3.16878048780488e-03   1.57381326298922e-10
  3.18439024390244e-03   1.68364828616777e-10
  3.20000000000000e-03   1.79348330934633e-10
  3.21560975609756e-03   1.90331833252488e-10
  3.23121951219512e-03   2.01315335570343e-10
  3.24682926829268e-03   2.12298837888198e-10
  3.26243902439024e-03   2.23282340206053e-10
  3.27804878048781e-03   2.34265842523908e-10
  3.29365853658537e-03   2.45249344841764e-10
  3.30926829268293e-03   2.56232847159619e-10
  3.32487804878049e-03   2.67216349477474e-10
  3.34048780487805e-03   2.78199851795329e-10
  3.35609756097561e-03   2.89183354113184e-10
  3.37170731707317e-03   3.00166856431039e-10
  3.38731707317073e-03   3.11150358748895e-10
  3.40292682926829e-03   4.59600382760282e-10
  3.41853658536585e-03   6.09680444578301e-10
  3.43414634146342e-03   7.59760506396320e-10
  3.44975609756098e-03   9.09840568214340e-10
  3.46536585365854e-03   1.05992063003236e-09
  3.48097560975610e-03   1.21000069185037e-09
  3.49658536585366e-03   1.36008075366839e-09
  3.51219512195122e-03   1.51016081548641e-09
  3.52780487804878e-03   1.66024087730443e-09
  3.54341463414634e-03   1.81032093912245e-09
  3.55902439024390e-03   1.96040100094046e-09
  3.57463414634146e-03   2.11048106275848e-09
  3.59024390243902e-03   2.26056112457650e-09
  3.60585365853659e-03   2.41064118639452e-09
  3.62146341463415e-03   2.56072124821254e-09
  3.63707317073171e-03   2.71080131003056e-09
  3.65268292682927e-03   2.86088137184858e-09
  3.66829268292683e-03   3.01096143366659e-09
  3.68390243902439e-03   3.16104149548461e-09
  3.69951219512195e-03   3.31112155730263e-09
  3.71512195121951e-03   3.46120161912065e-09
  3.73073170731707e-03   3.61128168093867e-09
  3.74634146341463e-03   3.76136174275669e-09
  3.76195121951220e-03   3.91144180457470e-09
  3.77756097560976e-03   4.06152186639272e-09
  3.79317073170732e-03   4.72973184284409e-09
  3.80878048780488e-03   6.30606199225454e-09
  3.82439024390244e-03   7.88239214166505e-09
  3.84000000000000e-03   9.45872229107555e-09
  3.85560975609756e-03   1.10350524404861e-08
  3.87121951219512e-03   1.26113825898966e-08
  3.88682926829268e-03   1.41877127393071e-08
  3.90243902439024e-03   1.57640428887175e-08
  3.91804878048780e-03   1.73403730381280e-08
  3.93365853658537e-03   1.89167031875385e-08
  3.94926829268293e-03   2.04930333369490e-08
  3.96487804878049e-03   2.20693634863595e-08
  3.98048780487805e-03   2.36456936357700e-08
  3.99609756097561e-03   2.93498708613634e-08
  4.01170731707317e-03   3.84207318724947e-08
  4.02731707317073e-03   4.74915928836260e-08
  4.04292682926829e-03   5.65624538947573e-08
  4.05853658536585e-03   6.56333149058887e-08
  4.07414634146342e-03   7.47041759170200e-08
  4.08975609756098e-03   8.79198324567124e-08
  4.10536585365854e-03   1.25668197665430e-07
  4.12097560975610e-03   1.63416562874150e-07
  4.13658536585366e-03   2.01164928082871e-07
  4.15219512195122e-03   2.38913293291591e-07
  4.16780487804878e-03   2.76661658500311e-07
  4.18341463414634e-03   3.14410023709031e-07
  4.19902439024390e-03   4.18248015395568e-07
  4.21463414634146e-03   5.45514604828201e-07
  4.23024390243903e-03   6.72781194260834e-07
  4.24585365853659e-03   9.07170734866467e-07
  4.26146341463415e-03   1.23460867831574e-06
  4.27707317073171e-03   1.56204662176503e-06
  4.29268292682927e-03   2.06000589571609e-06
  4.30829268292683e-03   2.90101396397062e-06
  4.32390243902439e-03   3.74202203222515e-06
  4.33951219512195e-03   4.71226671041773e-06
  4.35512195121951e-03   6.55583757091883e-06
  4.37073170731707e-03   9.16361665203174e-06
  4.38634146341463e-03   1.24563527308781e-05
  4.40195121951220e-03   1.78300331525509e-05
  4.41756097560976e-03   2.60915057413743e-05
  4.43317073170732e-03   3.83974919227895e-05
  4.44878048780488e-03   5.68277145991722e-05
  4.46439024390244e-03   8.60956838247029e-05
  4.48000000000000e-03   1.30571893449824e-04
  4.49560975609756e-03   1.95392908021726e-04
  4.51121951219512e-03   2.81644294525395e-04
  4.52682926829268e-03   3.76584977556259e-04
  4.54243902439024e-03   4.52964853378414e-04
  4.55804878048781e-03   4.85896822795344e-04
  4.57365853658537e-03   4.72146713615060e-04
  4.58926829268293e-03   4.30158966558907e-04
  4.60487804878049e-03   3.78772327983805e-04
  4.62048780487805e-03   3.29599524239286e-04
  4.63609756097561e-03   2.86868925330863e-04
  4.65170731707317e-03   2.51121991515386e-04
  4.66731707317073e-03   2.21442003542961e-04
  4.68292682926829e-03   1.96739743929402e-04
  4.69853658536585e-03   1.75991834510591e-04
  4.71414634146342e-03   1.58412416331028e-04
  4.72975609756098e-03   1.43386445342679e-04
  4.74536585365854e-03   1.30468359701862e-04
  4.76097560975610e-03   1.19315012359203e-04
  4.77658536585366e-03   1.09688005013020e-04
  4.79219512195122e-03   1.01360574798679e-04
  4.80780487804878e-03   9.40663271806669e-05
  4.82341463414634e-03   8.76696315840822e-05
  4.83902439024390e-03   8.21029959472225e-05
  4.85463414634146e-03   7.72415762547206e-05
  4.87024390243903e-03   7.29320782880636e-05
  4.88585365853659e-03   6.90958356703685e-05
  4.90146341463415e-03   6.58019460063011e-05
  4.91707317073171e-03   6.26994135346271e-05
  4.93268292682927e-03   5.99366462316456e-05
  4.94829268292683e-03   5.74318814161395e-05
  4.96390243902439e-03   5.50685929282936e-05
  4.97951219512195e-03   5.29719645834278e-05
  4.99512195121951e-03   5.09895448594994e-05
  5.01073170731707e-03   4.91268157703136e-05
  5.02634146341463e-03   4.74327650264715e-05
  5.04195121951220e-03   4.58052132592900e-05
  5.05756097560976e-03   4.42903437690211e-05
  5.07317073170732e-03   4.28663638632714e-05
  5.08878048780488e-03   4.14938015882764e-05
  5.10439024390244e-03   4.02258561359940e-05
  5.12000000000000e-03   3.90055133966958e-05
  5.13560975609756e-03   3.78366435096486e-05
  5.15121951219512e-03   3.67443931306731e-05
  5.16682926829268e-03   3.56842080843709e-05
  5.18243902439024e-03   3.46800672692887e-05
  5.19804878048781e-03   3.37476455033093e-05
  5.21365853658537e-03   3.28496322984602e-05
  5.22926829268293e-03   3.19516190936110e-05
  5.24487804878049e-03   3.11042581410603e-05
  5.26048780487805e-03   3.03134100319831e-05
  5.27609756097561e-03   2.95225619229058e-05
  5.29170731707317e-03   2.87558866695748e-05
  5.30731707317073e-03   2.80547233586286e-05
  5.32292682926829e-03   2.73535600476823e-05
  5.33853658536585e-03   2.66574534190850e-05
  5.35414634146342e-03   2.60324377952749e-05
  5.36975609756098e-03   2.54074221714648e-05
  5.38536585365854e-03   2.47824065476547e-05
  5.40097560975610e-03   2.42138847147682e-05
  5.41658536585366e-03   2.36543098623448e-05
  5.43219512195122e-03   2.30947350099214e-05
  5.44780487804878e-03   2.25726374129354e-05
  5.46341463414634e-03   2.20698328409380e-05
  5.47902439024390e-03   2.15670282689406e-05
  5.49463414634146e-03   2.10995867677419e-05
  5.51024390243903e-03   2.06741578036461e-05
  5.52585365853659e-03   2.02487288395502e-05
  5.54146341463415e-03   1.98232998754543e-05
  5.55707317073171e-03   1.93978709113585e-05
  5.57268292682927e-03   1.89724419472626e-05
  5.58829268292683e-03   1.85506545442162e-05
  5.60390243902439e-03   1.81969363207854e-05
  5.61951219512195e-03   1.78432180973547e-05
  5.63512195121951e-03   1.74894998739239e-05
  5.65073170731707e-03   1.71357816504932e-05
  5.66634146341463e-03   1.67820634270624e-05
  5.68195121951220e-03   1.64283452036316e-05
  5.69756097560976e-03   1.61114671137031e-05
  5.71317073170732e-03   1.58149069155849e-05
  5.72878048780488e-03   1.55183467174666e-05
  5.74439024390244e-03   1.52217865193484e-05
  5.76000000000000e-03   1.49252263212301e-05
  5.77560975609756e-03   1.46286661231119e-05
  5.79121951219512e-03   1.43430958689718e-05
  5.80682926829268e-03   1.40926574029587e-05
  5.82243902439024e-03   1.38422189369456e-05
  5.83804878048781e-03   1.35917804709324e-05
  5.85365853658537e-03   1.33413420049193e-05
  5.86926829268293e-03   1.30909035389062e-05
  5.88487804878049e-03   1.28404650728931e-05
  5.90048780487805e-03   1.26213470160759e-05
  5.91609756097561e-03   1.24085518587678e-05
  5.93170731707317e-03   1.21957567014597e-05
  5.94731707317073e-03   1.19829615441516e-05
  5.96292682926829e-03   1.17701663868435e-05
  5.97853658536585e-03   1.15573712295354e-05
  5.99414634146342e-03   1.13577931708958e-05
  6.00975609756098e-03   1.11760400067909e-05
  6.02536585365854e-03   1.09942868426859e-05
  6.04097560975610e-03   1.08125336785810e-05
  6.05658536585366e-03   1.06307805144761e-05
  6.07219512195122e-03   1.04490273503711e-05
  6.08780487804878e-03   1.02677783051569e-05
  6.10341463414634e-03   1.01118360282562e-05
  6.11902439024390e-03   9.95589375135551e-06
  6.13463414634146e-03   9.79995147445481e-06
  6.15024390243903e-03   9.64400919755411e-06
  6.16585365853659e-03   9.48806692065341e-06
  6.18146341463415e-03   9.33212464375271e-06
  6.19707317073171e-03   9.19686343348257e-06
  6.21268292682927e-03   9.07464315057819e-06
  6.22829268292683e-03   8.95242286767381e-06
  6.24390243902439e-03   8.83020258476944e-06
  6.25951219512195e-03   8.70798230186507e-06
  6.27512195121951e-03   8.58576201896069e-06
  6.29073170731707e-03   8.46354173605631e-06
  6.30634146341463e-03   8.34132145315193e-06
  6.32195121951220e-03   8.21910117024756e-06
  6.33756097560976e-03   8.09688088734318e-06
  6.35317073170732e-03   7.97466060443880e-06
  6.36878048780488e-03   7.85244032153442e-06
  6.38439024390244e-03   7.73022003863005e-06
  6.40000000000000e-03   7.63057778979407e-06
  6.41560975609756e-03   7.53655251528729e-06
  6.43121951219512e-03   7.44252724078052e-06
  6.44682926829268e-03   7.34850196627375e-06
  6.46243902439024e-03   7.25447669176698e-06
  6.47804878048781e-03   7.16045141726020e-06
  6.49365853658537e-03   7.06642614275343e-06
  6.50926829268293e-03   6.97240086824665e-06
  6.52487804878049e-03   6.87837559373988e-06
  6.54048780487805e-03   6.78435031923311e-06
  6.55609756097561e-03   6.69032504472633e-06
  6.57170731707317e-03   6.59629977021956e-06
  6.58731707317073e-03   6.50227449571279e-06
  6.60292682926829e-03   6.42874069101285e-06
  6.61853658536585e-03   6.35544986816833e-06
  6.63414634146342e-03   6.28215904532380e-06
  6.64975609756098e-03   6.20886822247928e-06
  6.66536585365854e-03   6.13557739963475e-06
  6.68097560975610e-03   6.06228657679023e-06
  6.69658536585366e-03   5.98899575394571e-06
  6.71219512195122e-03   5.91570493110118e-06
  6.72780487804878e-03   5.84241410825666e-06
  6.74341463414634e-03   5.76912328541213e-06
  6.75902439024390e-03   5.69583246256761e-06
  6.77463414634146e-03   5.62254163972309e-06
  6.79024390243903e-03   5.55196756383430e-06
  6.80585365853659e-03   5.49413201256019e-06
  6.82146341463415e-03   5.43629646128607e-06
  6.83707317073171e-03   5.37846091001195e-06
  6.85268292682927e-03   5.32062535873784e-06
  6.86829268292683e-03   5.26278980746372e-06
  6.88390243902439e-03   5.20495425618961e-06
  6.89951219512195e-03   5.14711870491549e-06
  6.91512195121951e-03   5.08928315364137e-06
  6.93073170731707e-03   5.03144760236726e-06
  6.94634146341463e-03   4.97361205109315e-06
  6.96195121951220e-03   4.91577649981903e-06
  6.97756097560976e-03   4.85794094854491e-06
  6.99317073170732e-03   4.80435452948608e-06
  7.00878048780488e-03   4.75821551420243e-06
  7.02439024390244e-03   4.71207649891877e-06
  7.04000000000000e-03   4.66593748363511e-06
  7.05560975609756e-03   4.61979846835146e-06
  7.07121951219512e-03   4.57365945306780e-06
  7.08682926829268e-03   4.52752043778414e-06
  7.10243902439024e-03   4.48138142250049e-06
  7.11804878048781e-03   4.43524240721683e-06
  7.13365853658537e-03   4.38910339193318e-06
  7.14926829268293e-03   4.34296437664952e-06
  7.16487804878049e-03   4.29682536136586e-06
  7.18048780487805e-03   4.25068634608221e-06
  7.19609756097561e-03   4.20949988197354e-06
  7.21170731707317e-03   4.17235273265299e-06
  7.22731707317073e-03   4.13520558333244e-06
  7.24292682926829e-03   4.09805843401190e-06
  7.25853658536585e-03   4.06091128469135e-06
  7.27414634146342e-03   4.02376413537080e-06
  7.28975609756098e-03   3.98661698605025e-06
  7.30536585365854e-03   3.94946983672970e-06
  7.32097560975610e-03   3.91232268740915e-06
  7.33658536585366e-03   3.87517553808860e-06
  7.35219512195122e-03   3.83802838876805e-06
  7.36780487804878e-03   3.80088123944750e-06
  7.38341463414634e-03   3.76373409012695e-06
  7.39902439024390e-03   3.73450983904138e-06
  7.41463414634146e-03   3.70809423442006e-06
  7.43024390243902e-03   3.68167862979874e-06
  7.44585365853659e-03   3.65526302517741e-06
  7.46146341463415e-03   3.62884742055609e-06
  7.47707317073171e-03   3.60243181593477e-06
  7.49268292682927e-03   3.57601621131344e-06
  7.50829268292683e-03   3.54960060669212e-06
  7.52390243902439e-03   3.52318500207079e-06
  7.53951219512195e-03   3.49676939744947e-06
  7.55512195121951e-03   3.47035379282815e-06
  7.57073170731707e-03   3.44393818820682e-06
  7.58634146341464e-03   3.41752258358550e-06
  7.60195121951220e-03   3.39110697896418e-06
  7.61756097560976e-03   3.36469137434286e-06
  7.63317073170732e-03   3.33827576972153e-06
  7.64878048780488e-03   3.31186016510021e-06
  7.66439024390244e-03   3.28544456047888e-06
  7.68000000000000e-03   3.25902895585756e-06
  7.69560975609756e-03   3.23261335123624e-06
  7.71121951219512e-03   3.20619774661491e-06
  7.72682926829268e-03   3.17978214199359e-06
  7.74243902439025e-03   3.15336653737227e-06
  7.75804878048781e-03   3.12695093275094e-06
  7.77365853658537e-03   3.10053532812962e-06
  7.78926829268293e-03   3.07500689589530e-06
  7.80487804878049e-03   3.05642288200065e-06
  7.82048780487805e-03   3.03783886810599e-06
  7.83609756097561e-03   3.01925485421133e-06
  7.85170731707317e-03   3.00067084031668e-06
  7.86731707317073e-03   2.98208682642202e-06
  7.88292682926829e-03   2.96350281252736e-06
  7.89853658536585e-03   2.94491879863271e-06
  7.91414634146342e-03   2.92633478473805e-06
  7.92975609756098e-03   2.90775077084339e-06
  7.94536585365854e-03   2.88916675694874e-06
  7.96097560975610e-03   2.87058274305408e-06
  7.97658536585366e-03   2.85199872915942e-06
  7.99219512195122e-03   2.83341471526477e-06
  8.00780487804878e-03   2.81483070137011e-06
  8.02341463414634e-03   2.79624668747545e-06
  8.03902439024390e-03   2.77766267358080e-06
  8.05463414634146e-03   2.75907865968614e-06
  8.07024390243903e-03   2.74049464579148e-06
  8.08585365853659e-03   2.72191063189683e-06
  8.10146341463415e-03   2.70332661800217e-06
  8.11707317073171e-03   2.68474260410751e-06
  8.13268292682927e-03   2.66615859021286e-06
  8.14829268292683e-03   2.64757457631820e-06
  8.16390243902439e-03   2.62899056242354e-06
  8.17951219512195e-03   2.61040654852889e-06
  8.19512195121951e-03   2.59436117247544e-06
  8.21073170731707e-03   2.58097628887959e-06
  8.22634146341463e-03   2.56759140528374e-06
  8.24195121951220e-03   2.55420652168789e-06
  8.25756097560976e-03   2.54082163809203e-06
  8.27317073170732e-03   2.52743675449618e-06
  8.28878048780488e-03   2.51405187090033e-06
  8.30439024390244e-03   2.50066698730447e-06
  8.32000000000000e-03   2.48728210370862e-06
  8.33560975609756e-03   2.47389722011277e-06
  8.35121951219512e-03   2.46051233651692e-06
  8.36682926829268e-03   2.44712745292106e-06
  8.38243902439025e-03   2.43374256932521e-06
  8.39804878048781e-03   2.42035768572936e-06
  8.41365853658537e-03   2.40697280213350e-06
  8.42926829268293e-03   2.39358791853765e-06
  8.44487804878049e-03   2.38020303494180e-06
  8.46048780487805e-03   2.36681815134595e-06
  8.47609756097561e-03   2.35343326775009e-06
  8.49170731707317e-03   2.34004838415424e-06
  8.50731707317073e-03   2.32666350055839e-06
  8.52292682926829e-03   2.31327861696254e-06
  8.53853658536585e-03   2.29989373336668e-06
  8.55414634146342e-03   2.28650884977083e-06
  8.56975609756098e-03   2.27312396617498e-06
  8.58536585365854e-03   2.25973908257913e-06
  8.60097560975610e-03   2.25092468679131e-06
  8.61658536585366e-03   2.24283412391427e-06
  8.63219512195122e-03   2.23474356103723e-06
  8.64780487804878e-03   2.22665299816020e-06
  8.66341463414634e-03   2.21856243528316e-06
  8.67902439024390e-03   2.21047187240612e-06
  8.69463414634146e-03   2.20238130952908e-06
  8.71024390243903e-03   2.19429074665204e-06
  8.72585365853659e-03   2.18620018377500e-06
  8.74146341463415e-03   2.17810962089796e-06
  8.75707317073171e-03   2.17001905802092e-06
  8.77268292682927e-03   2.16192849514388e-06
  8.78829268292683e-03   2.15383793226684e-06
  8.80390243902439e-03   2.14574736938980e-06
  8.81951219512195e-03   2.13765680651277e-06
  8.83512195121951e-03   2.12956624363573e-06
  8.85073170731707e-03   2.12147568075869e-06
  8.86634146341463e-03   2.11338511788165e-06
  8.88195121951220e-03   2.10529455500461e-06
  8.89756097560976e-03   2.09720399212757e-06
  8.91317073170732e-03   2.08911342925053e-06
  8.92878048780488e-03   2.08102286637349e-06
  8.94439024390244e-03   2.07293230349645e-06
  8.96000000000000e-03   2.06484174061941e-06
  8.97560975609756e-03   2.05675117774238e-06
  8.99121951219512e-03   2.04866061486534e-06
  9.00682926829268e-03   2.04057005198830e-06
  9.02243902439025e-03   2.03247948911126e-06
  9.03804878048781e-03   2.02438892623422e-06
  9.05365853658537e-03   2.01629836335718e-06
  9.06926829268293e-03   2.00820780048014e-06
  9.08487804878049e-03   2.00011723760310e-06
  9.10048780487805e-03   1.99202667472606e-06
  9.11609756097561e-03   1.98393611184902e-06
  9.13170731707317e-03   1.97584554897198e-06
  9.14731707317073e-03   1.96775498609494e-06
  9.16292682926829e-03   1.95966442321791e-06
  9.17853658536585e-03   1.95157386034087e-06
  9.19414634146342e-03   1.94348329746383e-06
  9.20975609756098e-03   1.93539273458679e-06
  9.22536585365854e-03   1.92730217170975e-06
  9.24097560975610e-03   1.91921160883271e-06
  9.25658536585366e-03   1.91112104595567e-06
  9.27219512195122e-03   1.90303048307863e-06
  9.28780487804878e-03   1.89493992020159e-06
  9.30341463414634e-03   1.88684935732455e-06
  9.31902439024390e-03   1.87875879444752e-06
  9.33463414634146e-03   1.87066823157048e-06
  9.35024390243903e-03   1.86257766869344e-06
  9.36585365853659e-03   1.85448710581640e-06
  9.38146341463415e-03   1.84639654293936e-06
  9.39707317073171e-03   1.84024443394743e-06
  9.41268292682927e-03   1.83531466211872e-06
  9.42829268292683e-03   1.83038489029002e-06
  9.44390243902439e-03   1.82545511846131e-06
  9.45951219512195e-03   1.82052534663261e-06
  9.47512195121951e-03   1.81559557480390e-06
  9.49073170731708e-03   1.81066580297519e-06
  9.50634146341464e-03   1.80573603114649e-06
  9.52195121951220e-03   1.80080625931778e-06
  9.53756097560976e-03   1.79587648748908e-06
  9.55317073170732e-03   1.79094671566037e-06
  9.56878048780488e-03   1.78601694383166e-06
  9.58439024390244e-03   1.78108717200296e-06
  9.60000000000000e-03   1.77615740017425e-06
  9.61560975609756e-03   1.77122762834555e-06
  9.63121951219512e-03   1.76629785651684e-06
  9.64682926829268e-03   1.76136808468813e-06
  9.66243902439025e-03   1.75643831285943e-06
  9.67804878048781e-03   1.75150854103072e-06
  9.69365853658537e-03   1.74657876920202e-06
  9.70926829268293e-03   1.74164899737331e-06
  9.72487804878049e-03   1.73671922554460e-06
  9.74048780487805e-03   1.73178945371590e-06
  9.75609756097561e-03   1.72685968188719e-06
  9.77170731707317e-03   1.72192991005848e-06
  9.78731707317073e-03   1.71700013822978e-06
  9.80292682926829e-03   1.71207036640107e-06
  9.81853658536586e-03   1.70714059457237e-06
  9.83414634146342e-03   1.70221082274366e-06
  9.84975609756098e-03   1.69728105091495e-06
  9.86536585365854e-03   1.69235127908625e-06
  9.88097560975610e-03   1.68742150725754e-06
  9.89658536585366e-03   1.68249173542884e-06
  9.91219512195122e-03   1.67756196360013e-06
  9.92780487804878e-03   1.67263219177142e-06
  9.94341463414634e-03   1.66770241994272e-06
  9.95902439024390e-03   1.66277264811401e-06
  9.97463414634146e-03   1.65784287628531e-06
  9.99024390243903e-03   1.65291310445660e-06
  1.00058536585366e-02   1.64798333262789e-06
  1.00214634146341e-02   1.64305356079919e-06
  1.00370731707317e-02   1.63812378897048e-06
  1.00526829268293e-02   1.63319401714178e-06
  1.00682926829268e-02   1.62826424531307e-06
  1.00839024390244e-02   1.62333447348436e-06
  1.00995121951220e-02   1.61840470165566e-06
  1.01151219512195e-02   1.61347492982695e-06
  1.01307317073171e-02   1.60854515799824e-06
  1.01463414634146e-02   1.60361538616954e-06
  1.01619512195122e-02   1.59868561434083e-06
  1.01775609756098e-02   1.59375584251213e-06
  1.01931707317073e-02   1.58976218497397e-06
  1.02087804878049e-02   1.58740924388053e-06
  1.02243902439024e-02   1.58505630278710e-06
  1.02400000000000e-02   1.58270336169366e-06
  1.02556097560976e-02   1.58035042060023e-06
  1.02712195121951e-02   1.57799747950679e-06
  1.02868292682927e-02   1.57564453841336e-06
  1.03024390243902e-02   1.57329159731992e-06
  1.03180487804878e-02   1.57093865622649e-06
  1.03336585365854e-02   1.56858571513305e-06
  1.03492682926829e-02   1.56623277403962e-06
  1.03648780487805e-02   1.56387983294618e-06
  1.03804878048781e-02   1.56152689185275e-06
  1.03960975609756e-02   1.55917395075931e-06
  1.04117073170732e-02   1.55682100966588e-06
  1.04273170731707e-02   1.55446806857244e-06
  1.04429268292683e-02   1.55211512747901e-06
  1.04585365853659e-02   1.54976218638557e-06
  1.04741463414634e-02   1.54740924529213e-06
  1.04897560975610e-02   1.54505630419870e-06
  1.05053658536585e-02   1.54270336310526e-06
  1.05209756097561e-02   1.54035042201183e-06
  1.05365853658537e-02   1.53799748091839e-06
  1.05521951219512e-02   1.53564453982496e-06
  1.05678048780488e-02   1.53329159873152e-06
  1.05834146341463e-02   1.53093865763809e-06
  1.05990243902439e-02   1.52858571654465e-06
  1.06146341463415e-02   1.52623277545122e-06
  1.06302439024390e-02   1.52387983435778e-06
  1.06458536585366e-02   1.52152689326435e-06
  1.06614634146341e-02   1.51917395217091e-06
  1.06770731707317e-02   1.51682101107748e-06
  1.06926829268293e-02   1.51446806998404e-06
  1.07082926829268e-02   1.51211512889061e-06
  1.07239024390244e-02   1.50976218779717e-06
  1.07395121951220e-02   1.50740924670374e-06
  1.07551219512195e-02   1.50505630561030e-06
  1.07707317073171e-02   1.50270336451687e-06
  1.07863414634146e-02   1.50035042342343e-06
  1.08019512195122e-02   1.49799748233000e-06
  1.08175609756098e-02   1.49564454123656e-06
  1.08331707317073e-02   1.49329160014312e-06
  1.08487804878049e-02   1.49093865904969e-06
  1.08643902439024e-02   1.48858571795625e-06
  1.08800000000000e-02   1.48623277686282e-06
  1.08956097560976e-02   1.48387983576938e-06
  1.09112195121951e-02   1.48152689467595e-06
  1.09268292682927e-02   1.47917395358251e-06
  1.09424390243902e-02   1.47682101248908e-06
  1.09580487804878e-02   1.47446807139564e-06
  1.09736585365854e-02   1.47211513030221e-06
  1.09892682926829e-02   1.46976218920877e-06
  1.10048780487805e-02   1.46740924811534e-06
  1.10204878048781e-02   1.46505630702190e-06
  1.10360975609756e-02   1.46270336592847e-06
  1.10517073170732e-02   1.46035042483503e-06
  1.10673170731707e-02   1.45799748374160e-06
  1.10829268292683e-02   1.45564454264816e-06
  1.10985365853659e-02   1.45329160155473e-06
  1.11141463414634e-02   1.45093866046129e-06
  1.11297560975610e-02   1.44858571936786e-06
  1.11453658536585e-02   1.44623277827442e-06
  1.11609756097561e-02   1.44387983718099e-06
  1.11765853658537e-02   1.44152689608755e-06
  1.11921951219512e-02   1.43917395499412e-06
  1.12078048780488e-02   1.43682101390068e-06
  1.12234146341463e-02   1.43446807280724e-06
  1.12390243902439e-02   1.43211513171381e-06
  1.12546341463415e-02   1.42976219062037e-06
  1.12702439024390e-02   1.42740924952694e-06
  1.12858536585366e-02   1.42505630843350e-06
  1.13014634146341e-02   1.42270336734007e-06
  1.13170731707317e-02   1.42035042624663e-06
  1.13326829268293e-02   1.41799748515320e-06
  1.13482926829268e-02   1.41564454405976e-06
  1.13639024390244e-02   1.41329160296633e-06
  1.13795121951220e-02   1.41093866187289e-06
  1.13951219512195e-02   1.40858572077946e-06
  1.14107317073171e-02   1.40623277968602e-06
  1.14263414634146e-02   1.40387983859259e-06
  1.14419512195122e-02   1.40152689749915e-06
  1.14575609756098e-02   1.39917395640572e-06
  1.14731707317073e-02   1.39682101531228e-06
  1.14887804878049e-02   1.39446807421885e-06
  1.15043902439024e-02   1.39211513312541e-06
  1.15200000000000e-02   1.38976219203198e-06
  1.15356097560976e-02   1.38740925093854e-06
  1.15512195121951e-02   1.38505630984511e-06
  1.15668292682927e-02   1.38270336875167e-06
  1.15824390243902e-02   1.38035042765824e-06
  1.15980487804878e-02   1.37799748656480e-06
  1.16136585365854e-02   1.37564454547136e-06
  1.16292682926829e-02   1.37329160437793e-06
  1.16448780487805e-02   1.37093866328449e-06
  1.16604878048781e-02   1.36858572219106e-06
  1.16760975609756e-02   1.36623278109762e-06
  1.16917073170732e-02   1.36387984000419e-06
  1.17073170731707e-02   1.36152689891075e-06
  1.17229268292683e-02   1.35917395781732e-06
  1.17385365853659e-02   1.35682101672388e-06
  1.17541463414634e-02   1.35446807563045e-06
  1.17697560975610e-02   1.35211513453701e-06
  1.17853658536585e-02   1.34976219344358e-06
  1.18009756097561e-02   1.34944050227846e-06
  1.18165853658537e-02   1.34944050227846e-06
  1.18321951219512e-02   1.34944050227846e-06
  1.18478048780488e-02   1.34944050227846e-06
  1.18634146341463e-02   1.34944050227846e-06
  1.18790243902439e-02   1.34944050227846e-06
  1.18946341463415e-02   1.34944050227846e-06
  1.19102439024390e-02   1.34944050227846e-06
  1.19258536585366e-02   1.34944050227846e-06
  1.19414634146341e-02   1.34944050227846e-06
  1.19570731707317e-02   1.34944050227846e-06
  1.19726829268293e-02   1.34944050227846e-06
  1.19882926829268e-02   1.34944050227846e-06
  1.20039024390244e-02   1.34944050227846e-06
  1.20195121951220e-02   1.34944050227846e-06
  1.20351219512195e-02   1.34944050227846e-06
  1.20507317073171e-02   1.34944050227846e-06
  1.20663414634146e-02   1.34944050227846e-06
  1.20819512195122e-02   1.34944050227846e-06
  1.20975609756098e-02   1.34944050227846e-06
  1.21131707317073e-02   1.34944050227846e-06
  1.21287804878049e-02   1.34944050227846e-06
  1.21443902439024e-02   1.34944050227846e-06
  1.21600000000000e-02   1.34944050227846e-06
  1.21756097560976e-02   1.34944050227846e-06
  1.21912195121951e-02   1.34944050227846e-06
  1.22068292682927e-02   1.34944050227846e-06
  1.22224390243902e-02   1.34944050227846e-06
  1.22380487804878e-02   1.34944050227846e-06
  1.22536585365854e-02   1.34944050227846e-06
  1.22692682926829e-02   1.34944050227846e-06
  1.22848780487805e-02   1.34944050227846e-06
  1.23004878048781e-02   1.34944050227846e-06
  1.23160975609756e-02   1.34944050227846e-06
  1.23317073170732e-02   1.34944050227846e-06
  1.23473170731707e-02   1.34944050227846e-06
  1.23629268292683e-02   1.34944050227846e-06
  1.23785365853659e-02   1.34944050227846e-06
  1.23941463414634e-02   1.34944050227846e-06
  1.24097560975610e-02   1.34944050227846e-06
  1.24253658536585e-02   1.34944050227846e-06
  1.24409756097561e-02   1.34944050227846e-06
  1.24565853658537e-02   1.34944050227846e-06
  1.24721951219512e-02   1.34944050227846e-06
  1.24878048780488e-02   1.34944050227846e-06
  1.25034146341463e-02   1.34944050227846e-06
  1.25190243902439e-02   1.34944050227846e-06
  1.25346341463415e-02   1.34944050227846e-06
  1.25502439024390e-02   1.34944050227846e-06
  1.25658536585366e-02   1.34944050227846e-06
  1.25814634146341e-02   1.34944050227846e-06
  1.25970731707317e-02   1.34944050227846e-06
  1.26126829268293e-02   1.34944050227846e-06
  1.26282926829268e-02   1.34944050227846e-06
  1.26439024390244e-02   1.34944050227846e-06
  1.26595121951220e-02   1.34944050227846e-06
  1.26751219512195e-02   1.34944050227846e-06
  1.26907317073171e-02   1.34944050227846e-06
  1.27063414634146e-02   1.34944050227846e-06
  1.27219512195122e-02   1.34944050227846e-06
  1.27375609756098e-02   1.34944050227846e-06
  1.27531707317073e-02   1.34944050227846e-06
  1.27687804878049e-02   1.34944050227846e-06
  1.27843902439024e-02   1.34944050227846e-06
  1.28000000000000e-02   1.34944050227846e-06
  1.28156097560976e-02   1.34944050227846e-06
  1.28312195121951e-02   1.34944050227846e-06
  1.28468292682927e-02   1.34944050227846e-06
  1.28624390243902e-02   1.34944050227846e-06
  1.28780487804878e-02   1.34944050227846e-06
  1.28936585365854e-02   1.34944050227846e-06
  1.29092682926829e-02   1.34944050227846e-06
  1.29248780487805e-02   1.34944050227846e-06
  1.29404878048781e-02   1.34944050227846e-06
  1.29560975609756e-02   1.34944050227846e-06
  1.29717073170732e-02   1.34944050227846e-06
  1.29873170731707e-02   1.34944050227846e-06
  1.30029268292683e-02   1.34944050227846e-06
  1.30185365853659e-02   1.34944050227846e-06
  1.30341463414634e-02   1.34944050227846e-06
  1.30497560975610e-02   1.34944050227846e-06
  1.30653658536585e-02   1.34944050227846e-06
  1.30809756097561e-02   1.34944050227846e-06
  1.30965853658537e-02   1.34944050227846e-06
  1.31121951219512e-02   1.34944050227846e-06
  1.31278048780488e-02   1.34944050227846e-06
  1.31434146341463e-02   1.34944050227846e-06
  1.31590243902439e-02   1.34944050227846e-06
  1.31746341463415e-02   1.34944050227846e-06
  1.31902439024390e-02   1.34944050227846e-06
  1.32058536585366e-02   1.34944050227846e-06
  1.32214634146341e-02   1.34944050227846e-06
  1.32370731707317e-02   1.34944050227846e-06
  1.32526829268293e-02   1.34944050227846e-06
  1.32682926829268e-02   1.34944050227846e-06
  1.32839024390244e-02   1.34944050227846e-06
  1.32995121951220e-02   1.34944050227846e-06
  1.33151219512195e-02   1.34944050227846e-06
  1.33307317073171e-02   1.34944050227846e-06
  1.33463414634146e-02   1.34944050227846e-06
  1.33619512195122e-02   1.34944050227846e-06
  1.33775609756098e-02   1.34944050227846e-06
  1.33931707317073e-02   1.34944050227846e-06
  1.34087804878049e-02   1.34944050227846e-06
  1.34243902439024e-02   1.34944050227846e-06
  1.34400000000000e-02   1.34944050227846e-06
  1.34556097560976e-02   1.34944050227846e-06
  1.34712195121951e-02   1.34944050227846e-06
  1.34868292682927e-02   1.34944050227846e-06
  1.35024390243902e-02   1.34944050227846e-06
  1.35180487804878e-02   1.34944050227846e-06
  1.35336585365854e-02   1.34944050227846e-06
  1.35492682926829e-02   1.34944050227846e-06
  1.35648780487805e-02   1.34944050227846e-06
  1.35804878048781e-02   1.34944050227846e-06
  1.35960975609756e-02   1.34944050227846e-06
  1.36117073170732e-02   1.34944050227846e-06
  1.36273170731707e-02   1.34944050227846e-06
  1.36429268292683e-02   1.34944050227846e-06
  1.36585365853659e-02   1.34944050227846e-06
  1.36741463414634e-02   1.34944050227846e-06
  1.36897560975610e-02   1.34944050227846e-06
  1.37053658536585e-02   1.34944050227846e-06
  1.37209756097561e-02   1.34944050227846e-06
  1.37365853658537e-02   1.34944050227846e-06
  1.37521951219512e-02   1.34944050227846e-06
  1.37678048780488e-02   1.34944050227846e-06
  1.37834146341463e-02   1.34944050227846e-06
  1.37990243902439e-02   1.34944050227846e-06
  1.38146341463415e-02   1.34944050227846e-06
  1.38302439024390e-02   1.34944050227846e-06
  1.38458536585366e-02   1.34944050227846e-06
  1.38614634146341e-02   1.34944050227846e-06
  1.38770731707317e-02   1.34944050227846e-06
  1.38926829268293e-02   1.34944050227846e-06
  1.39082926829268e-02   1.34944050227846e-06
  1.39239024390244e-02   1.34944050227846e-06
  1.39395121951220e-02   1.34944050227846e-06
  1.39551219512195e-02   1.34944050227846e-06
  1.39707317073171e-02   1.34944050227846e-06
  1.39863414634146e-02   1.34944050227846e-06
  1.40019512195122e-02   1.34944050227846e-06
  1.40175609756098e-02   1.34944050227846e-06
  1.40331707317073e-02   1.34944050227846e-06
  1.40487804878049e-02   1.34944050227846e-06
  1.40643902439024e-02   1.34944050227846e-06
  1.40800000000000e-02   1.34944050227846e-06
  1.40956097560976e-02   1.34944050227846e-06
  1.41112195121951e-02   1.34944050227846e-06
  1.41268292682927e-02   1.34944050227846e-06
  1.41424390243902e-02   1.34944050227846e-06
  1.41580487804878e-02   1.34944050227846e-06
  1.41736585365854e-02   1.34944050227846e-06
  1.41892682926829e-02   1.34944050227846e-06
  1.42048780487805e-02   1.34944050227846e-06
  1.42204878048781e-02   1.34944050227846e-06
  1.42360975609756e-02   1.34944050227846e-06
  1.42517073170732e-02   1.34944050227846e-06
  1.42673170731707e-02   1.34944050227846e-06
  1.42829268292683e-02   1.34944050227846e-06
  1.42985365853659e-02   1.34944050227846e-06
  1.43141463414634e-02   1.34944050227846e-06
  1.43297560975610e-02   1.34944050227846e-06
  1.43453658536585e-02   1.34944050227846e-06
  1.43609756097561e-02   1.34944050227846e-06
  1.43765853658537e-02   1.34944050227846e-06
  1.43921951219512e-02   1.34944050227846e-06
  1.44078048780488e-02   1.34944050227846e-06
  1.44234146341463e-02   1.34944050227846e-06
  1.44390243902439e-02   1.34944050227846e-06
  1.44546341463415e-02   1.34944050227846e-06
  1.44702439024390e-02   1.34944050227846e-06
  1.44858536585366e-02   1.34944050227846e-06
  1.45014634146341e-02   1.34944050227846e-06
  1.45170731707317e-02   1.34944050227846e-06
  1.45326829268293e-02   1.34944050227846e-06
  1.45482926829268e-02   1.34944050227846e-06
  1.45639024390244e-02   1.34944050227846e-06
  1.45795121951220e-02   1.34944050227846e-06
  1.45951219512195e-02   1.34944050227846e-06
  1.46107317073171e-02   1.34944050227846e-06
  1.46263414634146e-02   1.34944050227846e-06
  1.46419512195122e-02   1.34944050227846e-06
  1.46575609756098e-02   1.34944050227846e-06
  1.46731707317073e-02   1.34944050227846e-06
  1.46887804878049e-02   1.34944050227846e-06
  1.47043902439024e-02   1.34944050227846e-06
  1.47200000000000e-02   1.34944050227846e-06
  1.47356097560976e-02   1.34944050227846e-06
  1.47512195121951e-02   1.34944050227846e-06
  1.47668292682927e-02   1.34944050227846e-06
  1.47824390243902e-02   1.34944050227846e-06
  1.47980487804878e-02   1.34944050227846e-06
  1.48136585365854e-02   1.34944050227846e-06
  1.48292682926829e-02   1.34944050227846e-06
  1.48448780487805e-02   1.34944050227846e-06
  1.48604878048780e-02   1.34944050227846e-06
  1.48760975609756e-02   1.34944050227846e-06
  1.48917073170732e-02   1.34944050227846e-06
  1.49073170731707e-02   1.34944050227846e-06
  1.49229268292683e-02   1.34944050227846e-06
  1.49385365853659e-02   1.34944050227846e-06
  1.49541463414634e-02   1.34944050227846e-06
  1.49697560975610e-02   1.34944050227846e-06
  1.49853658536585e-02   1.34944050227846e-06
  1.50009756097561e-02   1.34944050227846e-06
  1.50165853658537e-02   1.34944050227846e-06
  1.50321951219512e-02   1.34944050227846e-06
  1.50478048780488e-02   1.34944050227846e-06
  1.50634146341463e-02   1.34944050227846e-06
  1.50790243902439e-02   1.34944050227846e-06
  1.50946341463415e-02   1.34944050227846e-06
  1.51102439024390e-02   1.34944050227846e-06
  1.51258536585366e-02   1.34944050227846e-06
  1.51414634146341e-02   1.34944050227846e-06
  1.51570731707317e-02   1.34944050227846e-06
  1.51726829268293e-02   1.34944050227846e-06
  1.51882926829268e-02   1.34944050227846e-06
  1.52039024390244e-02   1.34944050227846e-06
  1.52195121951220e-02   1.34944050227846e-06
  1.52351219512195e-02   1.34944050227846e-06
  1.52507317073171e-02   1.34944050227846e-06
  1.52663414634146e-02   1.34944050227846e-06
  1.52819512195122e-02   1.34944050227846e-06
  1.52975609756098e-02   1.34944050227846e-06
  1.53131707317073e-02   1.34944050227846e-06
  1.53287804878049e-02   1.34944050227846e-06
  1.53443902439024e-02   1.34944050227846e-06
  1.53600000000000e-02   1.34944050227846e-06
  1.53756097560976e-02   1.34944050227846e-06
  1.53912195121951e-02   1.34944050227846e-06
  1.54068292682927e-02   1.34944050227846e-06
  1.54224390243902e-02   1.34944050227846e-06
  1.54380487804878e-02   1.34944050227846e-06
  1.54536585365854e-02   1.34944050227846e-06
  1.54692682926829e-02   1.34944050227846e-06
  1.54848780487805e-02   1.34944050227846e-06
  1.55004878048781e-02   1.34944050227846e-06
  1.55160975609756e-02   1.34944050227846e-06
  1.55317073170732e-02   1.34944050227846e-06
  1.55473170731707e-02   1.34944050227846e-06
  1.55629268292683e-02   1.34944050227846e-06
  1.55785365853659e-02   1.34944050227846e-06
  1.55941463414634e-02   1.34944050227846e-06
  1.56097560975610e-02   1.34944050227846e-06
  1.56253658536585e-02   1.34944050227846e-06
  1.56409756097561e-02   1.34944050227846e-06
  1.56565853658537e-02   1.34944050227846e-06
  1.56721951219512e-02   1.34944050227846e-06
  1.56878048780488e-02   1.34944050227846e-06
  1.57034146341463e-02   1.34944050227846e-06
  1.57190243902439e-02   1.34944050227846e-06
  1.57346341463415e-02   1.34944050227846e-06
  1.57502439024390e-02   1.34944050227846e-06
  1.57658536585366e-02   1.34944050227846e-06
  1.57814634146341e-02   1.34944050227846e-06
  1.57970731707317e-02   1.34944050227846e-06
  1.58126829268293e-02   1.34944050227846e-06
  1.58282926829268e-02   1.34944050227846e-06
  1.58439024390244e-02   1.34944050227846e-06
  1.58595121951220e-02   1.34944050227846e-06
  1.58751219512195e-02   1.34944050227846e-06
  1.58907317073171e-02   1.34944050227846e-06
  1.59063414634146e-02   1.34944050227846e-06
  1.59219512195122e-02   1.34944050227846e-06
  1.59375609756098e-02   1.34944050227846e-06
  1.59531707317073e-02   1.34944050227846e-06
  1.59687804878049e-02   1.34944050227846e-06
  1.59843902439024e-02   1.34944050227846e-06
  1.60000000000000e-02   1.34944050227846e-06
