  1.56097560975610e-05   1.73042957365351e-02
  3.12195121951220e-05   1.73042953344935e-02
  4.68292682926829e-05   1.73042949324519e-02
  6.24390243902439e-05   1.73042945304103e-02
  7.80487804878049e-05   1.73042941283687e-02
  9.36585365853659e-05   1.73042937263272e-02
  1.09268292682927e-04   1.73042933242856e-02
  1.24878048780488e-04   1.73042929222440e-02
  1.40487804878049e-04   1.73042925202024e-02
  1.56097560975610e-04   1.73042921181608e-02
  1.71707317073171e-04   1.73042917161192e-02
  1.87317073170732e-04   1.73042913140776e-02
  2.02926829268293e-04   1.73042909120360e-02
  2.18536585365854e-04   1.73042905099944e-02
  2.34146341463415e-04   1.73042901079528e-02
  2.49756097560976e-04   1.73042897059113e-02
  2.65365853658537e-04   1.73042893038697e-02
  2.80975609756098e-04   1.73042889018281e-02
  2.96585365853659e-04   1.73042884997865e-02
  3.12195121951220e-04   1.73042880977449e-02
  3.27804878048781e-04   1.73042876957033e-02
  3.43414634146341e-04   1.73042872936617e-02
  3.59024390243903e-04   1.73042868916201e-02
  3.74634146341463e-04   1.73042864895785e-02
  3.90243902439024e-04   1.73042860875369e-02
  4.05853658536585e-04   1.73042856854953e-02
  4.21463414634146e-04   1.73042852834537e-02
  4.37073170731707e-04   1.73042848814122e-02
  4.52682926829268e-04   1.73042844793706e-02
  4.68292682926829e-04   1.73042840773290e-02
  4.83902439024390e-04   1.73042836752874e-02
  4.99512195121951e-04   1.73042832732458e-02
  5.15121951219512e-04   1.73042828712042e-02
  5.30731707317073e-04   1.73042824691626e-02
  5.46341463414634e-04   1.73042820671210e-02
  5.61951219512195e-04   1.73042816650794e-02
  5.77560975609756e-04   1.73042812630378e-02
  5.93170731707317e-04   1.73042786486490e-02
  6.08780487804878e-04   1.73042721567054e-02
  6.24390243902439e-04   1.73042656647617e-02
  6.40000000000000e-04   1.73042591728181e-02
  6.55609756097561e-04   1.73042526808745e-02
  6.71219512195122e-04   1.73042461889308e-02
  6.86829268292683e-04   1.73042396969872e-02
  7.02439024390244e-04   1.73042332050435e-02
  7.18048780487805e-04   1.73042267130999e-02
  7.33658536585366e-04   1.73042202211562e-02
  7.49268292682927e-04   1.73042137292126e-02
  7.64878048780488e-04   1.73042072372690e-02
  7.80487804878049e-04   1.73042007453253e-02
  7.96097560975610e-04   1.73041942533817e-02
  8.11707317073171e-04   1.73041877614380e-02
  8.27317073170732e-04   1.73041812694944e-02
  8.42926829268293e-04   1.73041747775507e-02
  8.58536585365854e-04   1.73041682856071e-02
  8.74146341463415e-04   1.73041617936635e-02
  8.89756097560976e-04   1.73041553017198e-02
  9.05365853658537e-04   1.73041488097762e-02
  9.20975609756098e-04   1.73041423178325e-02
  9.36585365853659e-04   1.73041358258889e-02
  9.52195121951220e-04   1.73041293339452e-02
  9.67804878048781e-04   1.73041228420016e-02
  9.83414634146342e-04   1.73041163500580e-02
  9.99024390243903e-04   1.73041098581143e-02
  1.01463414634146e-03   1.73041033661707e-02
  1.03024390243902e-03   1.73040968742270e-02
  1.04585365853659e-03   1.73040903822834e-02
  1.06146341463415e-03   1.73040838903397e-02
  1.07707317073171e-03   1.73040773983961e-02
  1.09268292682927e-03   1.73040709064525e-02
  1.10829268292683e-03   1.73040644145088e-02
  1.12390243902439e-03   1.73040579225652e-02
  1.13951219512195e-03   1.73040514306215e-02
  1.15512195121951e-03   1.73040449386779e-02
  1.17073170731707e-03   1.73040384467342e-02
  1.18634146341463e-03   1.73040319547906e-02
  1.20195121951220e-03   1.73040254628470e-02
  1.21756097560976e-03   1.73040189709033e-02
  1.23317073170732e-03   1.73040124789597e-02
  1.24878048780488e-03   1.73040059870160e-02
  1.26439024390244e-03   1.73039994950724e-02
  1.28000000000000e-03   1.73039930031287e-02
  1.29560975609756e-03   1.73039865111851e-02
  1.31121951219512e-03   1.73039800192415e-02
  1.32682926829268e-03   1.73039735272978e-02
  1.34243902439024e-03   1.73039670353542e-02
  1.35804878048781e-03   1.73039605434105e-02
  1.37365853658537e-03   1.73039540514669e-02
  1.38926829268293e-03   1.73039475595232e-02
  1.40487804878049e-03   1.73039410675796e-02
  1.42048780487805e-03   1.73039345756360e-02
  1.43609756097561e-03   1.73039280836923e-02
  1.45170731707317e-03   1.73039215917487e-02
  1.46731707317073e-03   1.73039150998050e-02
  1.48292682926829e-03   1.73039086078614e-02
  1.49853658536585e-03   1.73039021159178e-02
  1.51414634146341e-03   1.73038956239741e-02
  1.52975609756098e-03   1.73038891320305e-02
  1.54536585365854e-03   1.73038826400868e-02
  1.56097560975610e-03   1.73038761481432e-02
  1.57658536585366e-03   1.73038696561995e-02
  1.59219512195122e-03   1.73038631642559e-02
  1.60780487804878e-03   1.73038566723123e-02
  1.62341463414634e-03   1.73038501803686e-02
  1.63902439024390e-03   1.73038436884250e-02
  1.65463414634146e-03   1.73038371964813e-02
  1.67024390243902e-03   1.73038307045377e-02
  1.68585365853659e-03   1.73038242125940e-02
  1.70146341463415e-03   1.73038177206504e-02
  1.71707317073171e-03   1.73038112287068e-02
  1.73268292682927e-03   1.73038047367631e-02
  1.74829268292683e-03   1.73037982448195e-02
  1.76390243902439e-03   1.73037917528758e-02
  1.77951219512195e-03   1.73037852609322e-02
  1.79512195121951e-03   1.73037787689885e-02
  1.81073170731707e-03   1.73037722770449e-02
  1.82634146341463e-03   1.73037657851013e-02
  1.84195121951220e-03   1.73037592931576e-02
  1.85756097560976e-03   1.73037528012140e-02
  1.87317073170732e-03   1.73037463092703e-02
  1.88878048780488e-03   1.73037398173267e-02
  1.90439024390244e-03   1.73037333253830e-02
  1.92000000000000e-03   1.73037268334394e-02
  1.93560975609756e-03   1.73037203414958e-02
  1.95121951219512e-03   1.73037138495521e-02
  1.96682926829268e-03   1.73037073576085e-02
  1.98243902439024e-03   1.73037008656648e-02
  1.99804878048781e-03   1.73036943737212e-02
  2.01365853658537e-03   1.73036878817775e-02
  2.02926829268293e-03   1.73036813898339e-02
  2.04487804878049e-03   1.73036748978903e-02
  2.06048780487805e-03   1.73036684059466e-02
  2.07609756097561e-03   1.73036619140030e-02
  2.09170731707317e-03   1.73036554220593e-02
  2.10731707317073e-03   1.73036489301157e-02
  2.12292682926829e-03   1.73036424381720e-02
  2.13853658536585e-03   1.73036359462284e-02
  2.15414634146341e-03   1.73036294542848e-02
  2.16975609756098e-03   1.73036229623411e-02
  2.18536585365854e-03   1.73036164703975e-02
  2.20097560975610e-03   1.73035463131950e-02
  2.21658536585366e-03   1.73034660732593e-02
  2.23219512195122e-03   1.73033858333235e-02
  2.24780487804878e-03   1.73033055933878e-02
  2.26341463414634e-03   1.73032253534520e-02
  2.27902439024390e-03   1.73031451135163e-02
  2.29463414634146e-03   1.73030648735805e-02
  2.31024390243902e-03   1.73029846336448e-02
  2.32585365853659e-03   1.73029043937090e-02
  2.34146341463415e-03   1.73028241537733e-02
  2.35707317073171e-03   1.73027439138375e-02
  2.37268292682927e-03   1.73026636739018e-02
  2.38829268292683e-03   1.73025834339660e-02
  2.40390243902439e-03   1.73025031940303e-02
  2.41951219512195e-03   1.73024229540945e-02
  2.43512195121951e-03   1.73023427141588e-02
  2.45073170731707e-03   1.73022624742230e-02
  2.46634146341463e-03   1.73021822342873e-02
  2.48195121951220e-03   1.73021019943515e-02
  2.49756097560976e-03   1.73020217544158e-02
  2.51317073170732e-03   1.73019415144800e-02
  2.52878048780488e-03   1.73018612745443e-02
  2.54439024390244e-03   1.73017810346085e-02
  2.56000000000000e-03   1.73017007946728e-02
  2.57560975609756e-03   1.73016205547370e-02
  2.59121951219512e-03   1.73015403148013e-02
  2.60682926829268e-03   1.73014600748655e-02
  2.62243902439024e-03   1.73013798349298e-02
  2.63804878048781e-03   1.73012995949940e-02
  2.65365853658537e-03   1.73012193550583e-02
  2.66926829268293e-03   1.73011391151226e-02
  2.68487804878049e-03   1.73010588751868e-02
  2.70048780487805e-03   1.73009786352511e-02
  2.71609756097561e-03   1.73008983953153e-02
  2.73170731707317e-03   1.73008181553796e-02
  2.74731707317073e-03   1.73007379154438e-02
  2.76292682926829e-03   1.73006576755081e-02
  2.77853658536585e-03   1.73005774355723e-02
  2.79414634146342e-03   1.73004971956366e-02
  2.80975609756098e-03   1.73004169557008e-02
  2.82536585365854e-03   1.73003367157651e-02
  2.84097560975610e-03   1.73002564758293e-02
  2.85658536585366e-03   1.73001762358936e-02
  2.87219512195122e-03   1.73000959959578e-02
  2.88780487804878e-03   1.73000157560221e-02
  2.90341463414634e-03   1.72999355160863e-02
  2.91902439024390e-03   1.72998552761506e-02
  2.93463414634146e-03   1.72997750362148e-02
  2.95024390243902e-03   1.72996947962791e-02
  2.96585365853659e-03   1.72996145563433e-02
  2.98146341463415e-03   1.72995343164076e-02
  2.99707317073171e-03   1.72991746096200e-02
  3.01268292682927e-03   1.72986386785118e-02
  3.02829268292683e-03   1.72981027474036e-02
  3.04390243902439e-03   1.72975668162954e-02
  3.05951219512195e-03   1.72970308851872e-02
  3.07512195121951e-03   1.72964949540790e-02
  3.09073170731707e-03   1.72959590229708e-02
  3.10634146341463e-03   1.72954230918626e-02
  3.12195121951220e-03   1.72948871607544e-02
  3.13756097560976e-03   1.72943512296462e-02
  3.15317073170732e-03   1.72938152985380e-02
  3.16878048780488e-03   1.72932793674298e-02
  3.18439024390244e-03   1.72927434363216e-02
  3.20000000000000e-03   1.72922075052134e-02
  3.21560975609756e-03   1.72916715741052e-02
  3.23121951219512e-03   1.72911356429970e-02
  3.24682926829268e-03   1.72905997118888e-02
  3.26243902439024e-03   1.72900637807806e-02
  3.27804878048781e-03   1.72895278496724e-02
  3.29365853658537e-03   1.72889919185642e-02
  3.30926829268293e-03   1.72884559874560e-02
  3.32487804878049e-03   1.72879200563478e-02
  3.34048780487805e-03   1.72873841252396e-02
  3.35609756097561e-03   1.72868481941314e-02
  3.37170731707317e-03   1.72863122630232e-02
  3.38731707317073e-03   1.72857763319150e-02
  3.40292682926829e-03   1.72832363816258e-02
  3.41853658536585e-03   1.72806726682633e-02
  3.43414634146342e-03   1.72781089549008e-02
  3.44975609756098e-03   1.72755452415383e-02
  3.46536585365854e-03   1.72729815281758e-02
  3.48097560975610e-03   1.72704178148133e-02
  3.49658536585366e-03   1.72678541014508e-02
  3.51219512195122e-03   1.72652903880883e-02
  3.52780487804878e-03   1.72627266747258e-02
  3.54341463414634e-03   1.72601629613634e-02
  3.55902439024390e-03   1.72575992480009e-02
  3.57463414634146e-03   1.72550355346384e-02
  3.59024390243902e-03   1.72524718212759e-02
  3.60585365853659e-03   1.72499081079134e-02
  3.62146341463415e-03   1.72473443945509e-02
  3.63707317073171e-03   1.72447806811884e-02
  3.65268292682927e-03   1.72422169678259e-02
  3.66829268292683e-03   1.72396532544634e-02
  3.68390243902439e-03   1.72370895411009e-02
  3.69951219512195e-03   1.72345258277384e-02
  3.71512195121951e-03   1.72319621143759e-02
  3.73073170731707e-03   1.72293984010135e-02
  3.74634146341463e-03   1.72268346876510e-02
  3.76195121951220e-03   1.72242709742885e-02
  3.77756097560976e-03   1.72217072609260e-02
  3.79317073170732e-03   1.72165046677897e-02
  3.80878048780488e-03   1.72066769412864e-02
  3.82439024390244e-03   1.71968492147831e-02
  3.84000000000000e-03   1.71870214882798e-02
  3.85560975609756e-03   1.71771937617764e-02
  3.87121951219512e-03   1.71673660352731e-02
  3.88682926829268e-03   1.71575383087698e-02
  3.90243902439024e-03   1.71477105822665e-02
  3.91804878048780e-03   1.71378828557632e-02
  3.93365853658537e-03   1.71280551292599e-02
  3.94926829268293e-03   1.71182274027566e-02
  3.96487804878049e-03   1.71083996762533e-02
  3.98048780487805e-03   1.70985719497500e-02
  3.99609756097561e-03   1.70810976810356e-02
  4.01170731707317e-03   1.70573868708014e-02
  4.02731707317073e-03   1.70336760605673e-02
  4.04292682926829e-03   1.70099652503332e-02
  4.05853658536585e-03   1.69862544400991e-02
  4.07414634146342e-03   1.69625436298649e-02
  4.08975609756098e-03   1.69356260427153e-02
  4.10536585365854e-03   1.68897278030116e-02
  4.12097560975610e-03   1.68438295633079e-02
  4.13658536585366e-03   1.67979313236043e-02
  4.15219512195122e-03   1.67520330839006e-02
  4.16780487804878e-03   1.67061348441969e-02
  4.18341463414634e-03   1.66602366044933e-02
  4.19902439024390e-03   1.65907535731658e-02
  4.21463414634146e-03   1.65129097956012e-02
  4.23024390243903e-03   1.64350660180367e-02
  4.24585365853659e-03   1.63381932090501e-02
  4.26146341463415e-03   1.62247915333538e-02
  4.27707317073171e-03   1.61113898576575e-02
  4.29268292682927e-03   1.59812086469331e-02
  4.30829268292683e-03   1.58172709598581e-02
  4.32390243902439e-03   1.56533332727831e-02
  4.33951219512195e-03   1.54825351543495e-02
  4.35512195121951e-03   1.52653771512810e-02
  4.37073170731707e-03   1.50245233440341e-02
  4.38634146341463e-03   1.47624310752644e-02
  4.40195121951220e-03   1.44604559924451e-02
  4.41756097560976e-03   1.41207770947724e-02
  4.43317073170732e-03   1.37446205583372e-02
  4.44878048780488e-03   1.33311299444124e-02
  4.46439024390244e-03   1.28752107676611e-02
  4.48000000000000e-03   1.23814272659524e-02
  4.49560975609756e-03   1.18529402369084e-02
  4.51121951219512e-03   1.12941691375688e-02
  4.52682926829268e-03   1.07118275253048e-02
  4.54243902439024e-03   1.01128665844271e-02
  4.55804878048781e-03   9.50394249030959e-03
  4.57365853658537e-03   8.89088848359447e-03
  4.58926829268293e-03   8.27847700350340e-03
  4.60487804878049e-03   7.67041150242603e-03
  4.62048780487805e-03   7.06978668573549e-03
  4.63609756097561e-03   6.47903030471763e-03
  4.65170731707317e-03   5.90081498539401e-03
  4.66731707317073e-03   5.33812155122533e-03
  4.68292682926829e-03   4.79509692124456e-03
  4.69853658536585e-03   4.27640320938376e-03
  4.71414634146342e-03   3.78751010845220e-03
  4.72975609756098e-03   3.33332606437197e-03
  4.74536585365854e-03   2.91824961789691e-03
  4.76097560975610e-03   2.54494386112538e-03
  4.77658536585366e-03   2.21547996444437e-03
  4.79219512195122e-03   1.92899590924688e-03
  4.80780487804878e-03   1.68078410633265e-03
  4.82341463414634e-03   1.46803814500543e-03
  4.83902439024390e-03   1.28967001404520e-03
  4.85463414634146e-03   1.14131646082270e-03
  4.87024390243903e-03   1.01665752666813e-03
  4.88585365853659e-03   9.12220738498084e-04
  4.90146341463415e-03   8.30866004294341e-04
  4.91707317073171e-03   7.57419695577695e-04
  4.93268292682927e-03   6.97865656469450e-04
  4.94829268292683e-03   6.48090913333156e-04
  4.96390243902439e-03   6.03587891624133e-04
  4.97951219512195e-03   5.68272676946889e-04
  4.99512195121951e-03   5.36470223172852e-04
  5.01073170731707e-03   5.08349142825373e-04
  5.02634146341463e-03   4.84796608634446e-04
  5.04195121951220e-03   4.62891239948392e-04
  5.05756097560976e-03   4.43651952234225e-04
  5.07317073170732e-03   4.26287909125761e-04
  5.08878048780488e-03   4.09960763303930e-04
  5.10439024390244e-03   3.95523990228569e-04
  5.12000000000000e-03   3.81847852899001e-04
  5.13560975609756e-03   3.68994191619763e-04
  5.15121951219512e-03   3.57238191595660e-04
  5.16682926829268e-03   3.45914017050570e-04
  5.18243902439024e-03   3.35320962897703e-04
  5.19804878048781e-03   3.25578477802718e-04
  5.21365853658537e-03   3.16244069192151e-04
  5.22926829268293e-03   3.06909660581584e-04
  5.24487804878049e-03   2.98148590849193e-04
  5.26048780487805e-03   2.90027196724685e-04
  5.27609756097561e-03   2.81905802600176e-04
  5.29170731707317e-03   2.74043422349590e-04
  5.30731707317073e-03   2.66883007235578e-04
  5.32292682926829e-03   2.59722592121567e-04
  5.33853658536585e-03   2.52614970468359e-04
  5.35414634146342e-03   2.46249562764097e-04
  5.36975609756098e-03   2.39884155059836e-04
  5.38536585365854e-03   2.33518747355574e-04
  5.40097560975610e-03   2.27737399656346e-04
  5.41658536585366e-03   2.22048550147960e-04
  5.43219512195122e-03   2.16359700639574e-04
  5.44780487804878e-03   2.11058479226586e-04
  5.46341463414634e-03   2.05956806004718e-04
  5.47902439024390e-03   2.00855132782851e-04
  5.49463414634146e-03   1.96108894683171e-04
  5.51024390243903e-03   1.91784925660278e-04
  5.52585365853659e-03   1.87460956637384e-04
  5.54146341463415e-03   1.83136987614491e-04
  5.55707317073171e-03   1.78813018591598e-04
  5.57268292682927e-03   1.74489049568704e-04
  5.58829268292683e-03   1.70203881742744e-04
  5.60390243902439e-03   1.66643997828689e-04
  5.61951219512195e-03   1.63084113914634e-04
  5.63512195121951e-03   1.59524230000579e-04
  5.65073170731707e-03   1.55964346086524e-04
  5.66634146341463e-03   1.52404462172469e-04
  5.68195121951220e-03   1.48844578258414e-04
  5.69756097560976e-03   1.45674931569737e-04
  5.71317073170732e-03   1.42720506623542e-04
  5.72878048780488e-03   1.39766081677347e-04
  5.74439024390244e-03   1.36811656731152e-04
  5.76000000000000e-03   1.33857231784956e-04
  5.77560975609756e-03   1.30902806838761e-04
  5.79121951219512e-03   1.28064076654463e-04
  5.80682926829268e-03   1.25595190381147e-04
  5.82243902439024e-03   1.23126304107830e-04
  5.83804878048781e-03   1.20657417834514e-04
  5.85365853658537e-03   1.18188531561198e-04
  5.86926829268293e-03   1.15719645287881e-04
  5.88487804878049e-03   1.13250759014565e-04
  5.90048780487805e-03   1.11108890539890e-04
  5.91609756097561e-03   1.09033039742875e-04
  5.93170731707317e-03   1.06957188945860e-04
  5.94731707317073e-03   1.04881338148845e-04
  5.96292682926829e-03   1.02805487351830e-04
  5.97853658536585e-03   1.00729636554816e-04
  5.99414634146342e-03   9.87904333048712e-05
  6.00975609756098e-03   9.70355161963889e-05
  6.02536585365854e-03   9.52805990879067e-05
  6.04097560975610e-03   9.35256819794244e-05
  6.05658536585366e-03   9.17707648709421e-05
  6.07219512195122e-03   9.00158477624598e-05
  6.08780487804878e-03   8.82660984794948e-05
  6.10341463414634e-03   8.67757740374947e-05
  6.11902439024390e-03   8.52854495954946e-05
  6.13463414634146e-03   8.37951251534945e-05
  6.15024390243903e-03   8.23048007114943e-05
  6.16585365853659e-03   8.08144762694942e-05
  6.18146341463415e-03   7.93241518274941e-05
  6.19707317073171e-03   7.80382732387507e-05
  6.21268292682927e-03   7.68813127358188e-05
  6.22829268292683e-03   7.57243522328869e-05
  6.24390243902439e-03   7.45673917299549e-05
  6.25951219512195e-03   7.34104312270231e-05
  6.27512195121951e-03   7.22534707240912e-05
  6.29073170731707e-03   7.10965102211593e-05
  6.30634146341463e-03   6.99395497182274e-05
  6.32195121951220e-03   6.87825892152955e-05
  6.33756097560976e-03   6.76256287123636e-05
  6.35317073170732e-03   6.64686682094317e-05
  6.36878048780488e-03   6.53117077064998e-05
  6.38439024390244e-03   6.41547472035678e-05
  6.40000000000000e-03   6.32245039962512e-05
  6.41560975609756e-03   6.23506636283315e-05
  6.43121951219512e-03   6.14768232604118e-05
  6.44682926829268e-03   6.06029828924921e-05
  6.46243902439024e-03   5.97291425245724e-05
  6.47804878048781e-03   5.88553021566527e-05
  6.49365853658537e-03   5.79814617887330e-05
  6.50926829268293e-03   5.71076214208133e-05
  6.52487804878049e-03   5.62337810528936e-05
  6.54048780487805e-03   5.53599406849739e-05
  6.55609756097561e-03   5.44861003170542e-05
  6.57170731707317e-03   5.36122599491345e-05
  6.58731707317073e-03   5.27384195812148e-05
  6.60292682926829e-03   5.20649061162715e-05
  6.61853658536585e-03   5.13937680691500e-05
  6.63414634146342e-03   5.07226300220285e-05
  6.64975609756098e-03   5.00514919749070e-05
  6.66536585365854e-03   4.93803539277855e-05
  6.68097560975610e-03   4.87092158806640e-05
  6.69658536585366e-03   4.80380778335425e-05
  6.71219512195122e-03   4.73669397864210e-05
  6.72780487804878e-03   4.66958017392995e-05
  6.74341463414634e-03   4.60246636921780e-05
  6.75902439024390e-03   4.53535256450565e-05
  6.77463414634146e-03   4.46823875979351e-05
  6.79024390243903e-03   4.40372524838410e-05
  6.80585365853659e-03   4.35140422334974e-05
  6.82146341463415e-03   4.29908319831538e-05
  6.83707317073171e-03   4.24676217328103e-05
  6.85268292682927e-03   4.19444114824667e-05
  6.86829268292683e-03   4.14212012321231e-05
  6.88390243902439e-03   4.08979909817796e-05
  6.89951219512195e-03   4.03747807314360e-05
  6.91512195121951e-03   3.98515704810924e-05
  6.93073170731707e-03   3.93283602307489e-05
  6.94634146341463e-03   3.88051499804053e-05
  6.96195121951220e-03   3.82819397300617e-05
  6.97756097560976e-03   3.77587294797182e-05
  6.99317073170732e-03   3.72754334256413e-05
  7.00878048780488e-03   3.68620945112577e-05
  7.02439024390244e-03   3.64487555968740e-05
  7.04000000000000e-03   3.60354166824904e-05
  7.05560975609756e-03   3.56220777681068e-05
  7.07121951219512e-03   3.52087388537231e-05
  7.08682926829268e-03   3.47953999393395e-05
  7.10243902439024e-03   3.43820610249559e-05
  7.11804878048781e-03   3.39687221105722e-05
  7.13365853658537e-03   3.35553831961886e-05
  7.14926829268293e-03   3.31420442818050e-05
  7.16487804878049e-03   3.27287053674213e-05
  7.18048780487805e-03   3.23153664530377e-05
  7.19609756097561e-03   3.19477907060404e-05
  7.21170731707317e-03   3.16175395281878e-05
  7.22731707317073e-03   3.12872883503353e-05
  7.24292682926829e-03   3.09570371724828e-05
  7.25853658536585e-03   3.06267859946303e-05
  7.27414634146342e-03   3.02965348167777e-05
  7.28975609756098e-03   2.99662836389252e-05
  7.30536585365854e-03   2.96360324610727e-05
  7.32097560975610e-03   2.93057812832202e-05
  7.33658536585366e-03   2.89755301053676e-05
  7.35219512195122e-03   2.86452789275151e-05
  7.36780487804878e-03   2.83150277496626e-05
  7.38341463414634e-03   2.79847765718101e-05
  7.39902439024390e-03   2.77260081831657e-05
  7.41463414634146e-03   2.74925802541876e-05
  7.43024390243902e-03   2.72591523252096e-05
  7.44585365853659e-03   2.70257243962315e-05
  7.46146341463415e-03   2.67922964672534e-05
  7.47707317073171e-03   2.65588685382754e-05
  7.49268292682927e-03   2.63254406092973e-05
  7.50829268292683e-03   2.60920126803193e-05
  7.52390243902439e-03   2.58585847513412e-05
  7.53951219512195e-03   2.56251568223631e-05
  7.55512195121951e-03   2.53917288933851e-05
  7.57073170731707e-03   2.51583009644070e-05
  7.58634146341464e-03   2.49248730354290e-05
  7.60195121951220e-03   2.46914451064509e-05
  7.61756097560976e-03   2.44580171774729e-05
  7.63317073170732e-03   2.42245892484948e-05
  7.64878048780488e-03   2.39911613195167e-05
  7.66439024390244e-03   2.37577333905387e-05
  7.68000000000000e-03   2.35243054615606e-05
  7.69560975609756e-03   2.32908775325826e-05
  7.71121951219512e-03   2.30574496036045e-05
  7.72682926829268e-03   2.28240216746264e-05
  7.74243902439025e-03   2.25905937456484e-05
  7.75804878048781e-03   2.23571658166703e-05
  7.77365853658537e-03   2.21237378876923e-05
  7.78926829268293e-03   2.18982495429372e-05
  7.80487804878049e-03   2.17349089781342e-05
  7.82048780487805e-03   2.15715684133313e-05
  7.83609756097561e-03   2.14082278485283e-05
  7.85170731707317e-03   2.12448872837253e-05
  7.86731707317073e-03   2.10815467189224e-05
  7.88292682926829e-03   2.09182061541194e-05
  7.89853658536585e-03   2.07548655893164e-05
  7.91414634146342e-03   2.05915250245135e-05
  7.92975609756098e-03   2.04281844597105e-05
  7.94536585365854e-03   2.02648438949075e-05
  7.96097560975610e-03   2.01015033301046e-05
  7.97658536585366e-03   1.99381627653016e-05
  7.99219512195122e-03   1.97748222004986e-05
  8.00780487804878e-03   1.96114816356957e-05
  8.02341463414634e-03   1.94481410708927e-05
  8.03902439024390e-03   1.92848005060897e-05
  8.05463414634146e-03   1.91214599412867e-05
  8.07024390243903e-03   1.89581193764838e-05
  8.08585365853659e-03   1.87947788116808e-05
  8.10146341463415e-03   1.86314382468778e-05
  8.11707317073171e-03   1.84680976820749e-05
  8.13268292682927e-03   1.83047571172719e-05
  8.14829268292683e-03   1.81414165524689e-05
  8.16390243902439e-03   1.79780759876660e-05
  8.17951219512195e-03   1.78147354228630e-05
  8.19512195121951e-03   1.76736444255954e-05
  8.21073170731707e-03   1.75558709751048e-05
  8.22634146341463e-03   1.74380975246142e-05
  8.24195121951220e-03   1.73203240741235e-05
  8.25756097560976e-03   1.72025506236329e-05
  8.27317073170732e-03   1.70847771731423e-05
  8.28878048780488e-03   1.69670037226517e-05
  8.30439024390244e-03   1.68492302721611e-05
  8.32000000000000e-03   1.67314568216705e-05
  8.33560975609756e-03   1.66136833711799e-05
  8.35121951219512e-03   1.64959099206892e-05
  8.36682926829268e-03   1.63781364701986e-05
  8.38243902439025e-03   1.62603630197080e-05
  8.39804878048781e-03   1.61425895692174e-05
  8.41365853658537e-03   1.60248161187268e-05
  8.42926829268293e-03   1.59070426682362e-05
  8.44487804878049e-03   1.57892692177456e-05
  8.46048780487805e-03   1.56714957672549e-05
  8.47609756097561e-03   1.55537223167643e-05
  8.49170731707317e-03   1.54359488662737e-05
  8.50731707317073e-03   1.53181754157831e-05
  8.52292682926829e-03   1.52004019652925e-05
  8.53853658536585e-03   1.50826285148019e-05
  8.55414634146342e-03   1.49648550643113e-05
  8.56975609756098e-03   1.48470816138206e-05
  8.58536585365854e-03   1.47293081633300e-05
  8.60097560975610e-03   1.46512620921755e-05
  8.61658536585366e-03   1.45795076874317e-05
  8.63219512195122e-03   1.45077532826879e-05
  8.64780487804878e-03   1.44359988779441e-05
  8.66341463414634e-03   1.43642444732003e-05
  8.67902439024390e-03   1.42924900684565e-05
  8.69463414634146e-03   1.42207356637127e-05
  8.71024390243903e-03   1.41489812589689e-05
  8.72585365853659e-03   1.40772268542251e-05
  8.74146341463415e-03   1.40054724494813e-05
  8.75707317073171e-03   1.39337180447374e-05
  8.77268292682927e-03   1.38619636399936e-05
  8.78829268292683e-03   1.37902092352498e-05
  8.80390243902439e-03   1.37184548305060e-05
  8.81951219512195e-03   1.36467004257622e-05
  8.83512195121951e-03   1.35749460210184e-05
  8.85073170731707e-03   1.35031916162746e-05
  8.86634146341463e-03   1.34314372115308e-05
  8.88195121951220e-03   1.33596828067870e-05
  8.89756097560976e-03   1.32879284020432e-05
  8.91317073170732e-03   1.32161739972994e-05
  8.92878048780488e-03   1.31444195925556e-05
  8.94439024390244e-03   1.30726651878117e-05
  8.96000000000000e-03   1.30009107830679e-05
  8.97560975609756e-03   1.29291563783241e-05
  8.99121951219512e-03   1.28574019735803e-05
  9.00682926829268e-03   1.27856475688365e-05
  9.02243902439025e-03   1.27138931640927e-05
  9.03804878048781e-03   1.26421387593489e-05
  9.05365853658537e-03   1.25703843546051e-05
  9.06926829268293e-03   1.24986299498613e-05
  9.08487804878049e-03   1.24268755451175e-05
  9.10048780487805e-03   1.23551211403737e-05
  9.11609756097561e-03   1.22833667356298e-05
  9.13170731707317e-03   1.22116123308860e-05
  9.14731707317073e-03   1.21398579261422e-05
  9.16292682926829e-03   1.20681035213984e-05
  9.17853658536585e-03   1.19963491166546e-05
  9.19414634146342e-03   1.19245947119108e-05
  9.20975609756098e-03   1.18528403071670e-05
  9.22536585365854e-03   1.17810859024232e-05
  9.24097560975610e-03   1.17093314976794e-05
  9.25658536585366e-03   1.16375770929356e-05
  9.27219512195122e-03   1.15658226881918e-05
  9.28780487804878e-03   1.14940682834480e-05
  9.30341463414634e-03   1.14223138787041e-05
  9.31902439024390e-03   1.13505594739603e-05
  9.33463414634146e-03   1.12788050692165e-05
  9.35024390243903e-03   1.12070506644727e-05
  9.36585365853659e-03   1.11352962597289e-05
  9.38146341463415e-03   1.10635418549851e-05
  9.39707317073171e-03   1.10083819666450e-05
  9.41268292682927e-03   1.09636861364193e-05
  9.42829268292683e-03   1.09189903061936e-05
  9.44390243902439e-03   1.08742944759680e-05
  9.45951219512195e-03   1.08295986457423e-05
  9.47512195121951e-03   1.07849028155166e-05
  9.49073170731708e-03   1.07402069852909e-05
  9.50634146341464e-03   1.06955111550652e-05
  9.52195121951220e-03   1.06508153248396e-05
  9.53756097560976e-03   1.06061194946139e-05
  9.55317073170732e-03   1.05614236643882e-05
  9.56878048780488e-03   1.05167278341625e-05
  9.58439024390244e-03   1.04720320039368e-05
  9.60000000000000e-03   1.04273361737112e-05
  9.61560975609756e-03   1.03826403434855e-05
  9.63121951219512e-03   1.03379445132598e-05
  9.64682926829268e-03   1.02932486830341e-05
  9.66243902439025e-03   1.02485528528084e-05
  9.67804878048781e-03   1.02038570225828e-05
  9.69365853658537e-03   1.01591611923571e-05
  9.70926829268293e-03   1.01144653621314e-05
  9.72487804878049e-03   1.00697695319057e-05
  9.74048780487805e-03   1.00250737016800e-05
  9.75609756097561e-03   9.98037787145435e-06
  9.77170731707317e-03   9.93568204122867e-06
  9.78731707317073e-03   9.89098621100299e-06
  9.80292682926829e-03   9.84629038077731e-06
  9.81853658536586e-03   9.80159455055163e-06
  9.83414634146342e-03   9.75689872032595e-06
  9.84975609756098e-03   9.71220289010028e-06
  9.86536585365854e-03   9.66750705987460e-06
  9.88097560975610e-03   9.62281122964892e-06
  9.89658536585366e-03   9.57811539942324e-06
  9.91219512195122e-03   9.53341956919756e-06
  9.92780487804878e-03   9.48872373897188e-06
  9.94341463414634e-03   9.44402790874620e-06
  9.95902439024390e-03   9.39933207852052e-06
  9.97463414634146e-03   9.35463624829484e-06
  9.99024390243903e-03   9.30994041806916e-06
  1.00058536585366e-02   9.26524458784348e-06
  1.00214634146341e-02   9.22054875761780e-06
  1.00370731707317e-02   9.17585292739211e-06
  1.00526829268293e-02   9.13115709716643e-06
  1.00682926829268e-02   9.08646126694075e-06
  1.00839024390244e-02   9.04176543671507e-06
  1.00995121951220e-02   8.99706960648939e-06
  1.01151219512195e-02   8.95237377626371e-06
  1.01307317073171e-02   8.90767794603803e-06
  1.01463414634146e-02   8.86298211581235e-06
  1.01619512195122e-02   8.81828628558667e-06
  1.01775609756098e-02   8.77359045536100e-06
  1.01931707317073e-02   8.73709102670939e-06
  1.02087804878049e-02   8.71495733414997e-06
  1.02243902439024e-02   8.69282364159055e-06
  1.02400000000000e-02   8.67068994903112e-06
  1.02556097560976e-02   8.64855625647170e-06
  1.02712195121951e-02   8.62642256391228e-06
  1.02868292682927e-02   8.60428887135286e-06
  1.03024390243902e-02   8.58215517879343e-06
  1.03180487804878e-02   8.56002148623401e-06
  1.03336585365854e-02   8.53788779367459e-06
  1.03492682926829e-02   8.51575410111517e-06
  1.03648780487805e-02   8.49362040855575e-06
  1.03804878048781e-02   8.47148671599632e-06
  1.03960975609756e-02   8.44935302343690e-06
  1.04117073170732e-02   8.42721933087748e-06
  1.04273170731707e-02   8.40508563831806e-06
  1.04429268292683e-02   8.38295194575863e-06
  1.04585365853659e-02   8.36081825319921e-06
  1.04741463414634e-02   8.33868456063979e-06
  1.04897560975610e-02   8.31655086808037e-06
  1.05053658536585e-02   8.29441717552095e-06
  1.05209756097561e-02   8.27228348296153e-06
  1.05365853658537e-02   8.25014979040210e-06
  1.05521951219512e-02   8.22801609784268e-06
  1.05678048780488e-02   8.20588240528326e-06
  1.05834146341463e-02   8.18374871272384e-06
  1.05990243902439e-02   8.16161502016441e-06
  1.06146341463415e-02   8.13948132760499e-06
  1.06302439024390e-02   8.11734763504557e-06
  1.06458536585366e-02   8.09521394248615e-06
  1.06614634146341e-02   8.07308024992672e-06
  1.06770731707317e-02   8.05094655736730e-06
  1.06926829268293e-02   8.02881286480788e-06
  1.07082926829268e-02   8.00667917224846e-06
  1.07239024390244e-02   7.98454547968903e-06
  1.07395121951220e-02   7.96241178712961e-06
  1.07551219512195e-02   7.94027809457019e-06
  1.07707317073171e-02   7.91814440201077e-06
  1.07863414634146e-02   7.89601070945134e-06
  1.08019512195122e-02   7.87387701689192e-06
  1.08175609756098e-02   7.85174332433250e-06
  1.08331707317073e-02   7.82960963177308e-06
  1.08487804878049e-02   7.80747593921366e-06
  1.08643902439024e-02   7.78534224665424e-06
  1.08800000000000e-02   7.76320855409481e-06
  1.08956097560976e-02   7.74107486153539e-06
  1.09112195121951e-02   7.71894116897597e-06
  1.09268292682927e-02   7.69680747641655e-06
  1.09424390243902e-02   7.67467378385712e-06
  1.09580487804878e-02   7.65254009129770e-06
  1.09736585365854e-02   7.63040639873828e-06
  1.09892682926829e-02   7.60827270617886e-06
  1.10048780487805e-02   7.58613901361944e-06
  1.10204878048781e-02   7.56400532106001e-06
  1.10360975609756e-02   7.54187162850059e-06
  1.10517073170732e-02   7.51973793594117e-06
  1.10673170731707e-02   7.49760424338175e-06
  1.10829268292683e-02   7.47547055082232e-06
  1.10985365853659e-02   7.45333685826290e-06
  1.11141463414634e-02   7.43120316570348e-06
  1.11297560975610e-02   7.40906947314406e-06
  1.11453658536585e-02   7.38693578058463e-06
  1.11609756097561e-02   7.36480208802521e-06
  1.11765853658537e-02   7.34266839546579e-06
  1.11921951219512e-02   7.32053470290637e-06
  1.12078048780488e-02   7.29840101034695e-06
  1.12234146341463e-02   7.27626731778752e-06
  1.12390243902439e-02   7.25413362522810e-06
  1.12546341463415e-02   7.23199993266868e-06
  1.12702439024390e-02   7.20986624010926e-06
  1.12858536585366e-02   7.18773254754984e-06
  1.13014634146341e-02   7.16559885499041e-06
  1.13170731707317e-02   7.14346516243099e-06
  1.13326829268293e-02   7.12133146987157e-06
  1.13482926829268e-02   7.09919777731215e-06
  1.13639024390244e-02   7.07706408475272e-06
  1.13795121951220e-02   7.05493039219330e-06
  1.13951219512195e-02   7.03279669963388e-06
  1.14107317073171e-02   7.01066300707446e-06
  1.14263414634146e-02   6.98852931451503e-06
  1.14419512195122e-02   6.96639562195561e-06
  1.14575609756098e-02   6.94426192939619e-06
  1.14731707317073e-02   6.92212823683677e-06
  1.14887804878049e-02   6.89999454427735e-06
  1.15043902439024e-02   6.87786085171792e-06
  1.15200000000000e-02   6.85572715915850e-06
  1.15356097560976e-02   6.83359346659908e-06
  1.15512195121951e-02   6.81145977403966e-06
  1.15668292682927e-02   6.78932608148024e-06
  1.15824390243902e-02   6.76719238892081e-06
  1.15980487804878e-02   6.74505869636139e-06
  1.16136585365854e-02   6.72292500380197e-06
  1.16292682926829e-02   6.70079131124255e-06
  1.16448780487805e-02   6.67865761868312e-06
  1.16604878048781e-02   6.65652392612370e-06
  1.16760975609756e-02   6.63439023356428e-06
  1.16917073170732e-02   6.61225654100486e-06
  1.17073170731707e-02   6.59012284844543e-06
  1.17229268292683e-02   6.56798915588601e-06
  1.17385365853659e-02   6.54585546332659e-06
  1.17541463414634e-02   6.52372177076717e-06
  1.17697560975610e-02   6.50158807820775e-06
  1.17853658536585e-02   6.47945438564832e-06
  1.18009756097561e-02   6.47642829486872e-06
  1.18165853658537e-02   6.47642829486872e-06
  1.18321951219512e-02   6.47642829486872e-06
  1.18478048780488e-02   6.47642829486872e-06
  1.18634146341463e-02   6.47642829486872e-06
  1.18790243902439e-02   6.47642829486872e-06
  1.18946341463415e-02   6.47642829486872e-06
  1.19102439024390e-02   6.47642829486872e-06
  1.19258536585366e-02   6.47642829486872e-06
  1.19414634146341e-02   6.47642829486872e-06
  1.19570731707317e-02   6.47642829486872e-06
  1.19726829268293e-02   6.47642829486872e-06
  1.19882926829268e-02   6.47642829486872e-06
  1.20039024390244e-02   6.47642829486872e-06
  1.20195121951220e-02   6.47642829486872e-06
  1.20351219512195e-02   6.47642829486872e-06
  1.20507317073171e-02   6.47642829486872e-06
  1.20663414634146e-02   6.47642829486872e-06
  1.20819512195122e-02   6.47642829486872e-06
  1.20975609756098e-02   6.47642829486872e-06
  1.21131707317073e-02   6.47642829486872e-06
  1.21287804878049e-02   6.47642829486872e-06
  1.21443902439024e-02   6.47642829486872e-06
  1.21600000000000e-02   6.47642829486872e-06
  1.21756097560976e-02   6.47642829486872e-06
  1.21912195121951e-02   6.47642829486872e-06
  1.22068292682927e-02   6.47642829486872e-06
  1.22224390243902e-02   6.47642829486872e-06
  1.22380487804878e-02   6.47642829486872e-06
  1.22536585365854e-02   6.47642829486872e-06
  1.22692682926829e-02   6.47642829486872e-06
  1.22848780487805e-02   6.47642829486872e-06
  1.23004878048781e-02   6.47642829486872e-06
  1.23160975609756e-02   6.47642829486872e-06
  1.23317073170732e-02   6.47642829486872e-06
  1.23473170731707e-02   6.47642829486872e-06
  1.23629268292683e-02   6.47642829486872e-06
  1.23785365853659e-02   6.47642829486872e-06
  1.23941463414634e-02   6.47642829486872e-06
  1.24097560975610e-02   6.47642829486872e-06
  1.24253658536585e-02   6.47642829486872e-06
  1.24409756097561e-02   6.47642829486872e-06
  1.24565853658537e-02   6.47642829486872e-06
  1.24721951219512e-02   6.47642829486872e-06
  1.24878048780488e-02   6.47642829486872e-06
  1.25034146341463e-02   6.47642829486872e-06
  1.25190243902439e-02   6.47642829486872e-06
  1.25346341463415e-02   6.47642829486872e-06
  1.25502439024390e-02   6.47642829486872e-06
  1.25658536585366e-02   6.47642829486872e-06
  1.25814634146341e-02   6.47642829486872e-06
  1.25970731707317e-02   6.47642829486872e-06
  1.26126829268293e-02   6.47642829486872e-06
  1.26282926829268e-02   6.47642829486872e-06
  1.26439024390244e-02   6.47642829486872e-06
  1.26595121951220e-02   6.47642829486872e-06
  1.26751219512195e-02   6.47642829486872e-06
  1.26907317073171e-02   6.47642829486872e-06
  1.27063414634146e-02   6.47642829486872e-06
  1.27219512195122e-02   6.47642829486872e-06
  1.27375609756098e-02   6.47642829486872e-06
  1.27531707317073e-02   6.47642829486872e-06
  1.27687804878049e-02   6.47642829486872e-06
  1.27843902439024e-02   6.47642829486872e-06
  1.28000000000000e-02   6.47642829486872e-06
  1.28156097560976e-02   6.47642829486872e-06
  1.28312195121951e-02   6.47642829486872e-06
  1.28468292682927e-02   6.47642829486872e-06
  1.28624390243902e-02   6.47642829486872e-06
  1.28780487804878e-02   6.47642829486872e-06
  1.28936585365854e-02   6.47642829486872e-06
  1.29092682926829e-02   6.47642829486872e-06
  1.29248780487805e-02   6.47642829486872e-06
  1.29404878048781e-02   6.47642829486872e-06
  1.29560975609756e-02   6.47642829486872e-06
  1.29717073170732e-02   6.47642829486872e-06
  1.29873170731707e-02   6.47642829486872e-06
  1.30029268292683e-02   6.47642829486872e-06
  1.30185365853659e-02   6.47642829486872e-06
  1.30341463414634e-02   6.47642829486872e-06
  1.30497560975610e-02   6.47642829486872e-06
  1.30653658536585e-02   6.47642829486872e-06
  1.30809756097561e-02   6.47642829486872e-06
  1.30965853658537e-02   6.47642829486872e-06
  1.31121951219512e-02   6.47642829486872e-06
  1.31278048780488e-02   6.47642829486872e-06
  1.31434146341463e-02   6.47642829486872e-06
  1.31590243902439e-02   6.47642829486872e-06
  1.31746341463415e-02   6.47642829486872e-06
  1.31902439024390e-02   6.47642829486872e-06
  1.32058536585366e-02   6.47642829486872e-06
  1.32214634146341e-02   6.47642829486872e-06
  1.32370731707317e-02   6.47642829486872e-06
  1.32526829268293e-02   6.47642829486872e-06
  1.32682926829268e-02   6.47642829486872e-06
  1.32839024390244e-02   6.47642829486872e-06
  1.32995121951220e-02   6.47642829486872e-06
  1.33151219512195e-02   6.47642829486872e-06
  1.33307317073171e-02   6.47642829486872e-06
  1.33463414634146e-02   6.47642829486872e-06
  1.33619512195122e-02   6.47642829486872e-06
  1.33775609756098e-02   6.47642829486872e-06
  1.33931707317073e-02   6.47642829486872e-06
  1.34087804878049e-02   6.47642829486872e-06
  1.34243902439024e-02   6.47642829486872e-06
  1.34400000000000e-02   6.47642829486872e-06
  1.34556097560976e-02   6.47642829486872e-06
  1.34712195121951e-02   6.47642829486872e-06
  1.34868292682927e-02   6.47642829486872e-06
  1.35024390243902e-02   6.47642829486872e-06
  1.35180487804878e-02   6.47642829486872e-06
  1.35336585365854e-02   6.47642829486872e-06
  1.35492682926829e-02   6.47642829486872e-06
  1.35648780487805e-02   6.47642829486872e-06
  1.35804878048781e-02   6.47642829486872e-06
  1.35960975609756e-02   6.47642829486872e-06
  1.36117073170732e-02   6.47642829486872e-06
  1.36273170731707e-02   6.47642829486872e-06
  1.36429268292683e-02   6.47642829486872e-06
  1.36585365853659e-02   6.47642829486872e-06
  1.36741463414634e-02   6.47642829486872e-06
  1.36897560975610e-02   6.47642829486872e-06
  1.37053658536585e-02   6.47642829486872e-06
  1.37209756097561e-02   6.47642829486872e-06
  1.37365853658537e-02   6.47642829486872e-06
  1.37521951219512e-02   6.47642829486872e-06
  1.37678048780488e-02   6.47642829486872e-06
  1.37834146341463e-02   6.47642829486872e-06
  1.37990243902439e-02   6.47642829486872e-06
  1.38146341463415e-02   6.47642829486872e-06
  1.38302439024390e-02   6.47642829486872e-06
  1.38458536585366e-02   6.47642829486872e-06
  1.38614634146341e-02   6.47642829486872e-06
  1.38770731707317e-02   6.47642829486872e-06
  1.38926829268293e-02   6.47642829486872e-06
  1.39082926829268e-02   6.47642829486872e-06
  1.39239024390244e-02   6.47642829486872e-06
  1.39395121951220e-02   6.47642829486872e-06
  1.39551219512195e-02   6.47642829486872e-06
  1.39707317073171e-02   6.47642829486872e-06
  1.39863414634146e-02   6.47642829486872e-06
  1.40019512195122e-02   6.47642829486872e-06
  1.40175609756098e-02   6.47642829486872e-06
  1.40331707317073e-02   6.47642829486872e-06
  1.40487804878049e-02   6.47642829486872e-06
  1.40643902439024e-02   6.47642829486872e-06
  1.40800000000000e-02   6.47642829486872e-06
  1.40956097560976e-02   6.47642829486872e-06
  1.41112195121951e-02   6.47642829486872e-06
  1.41268292682927e-02   6.47642829486872e-06
  1.41424390243902e-02   6.47642829486872e-06
  1.41580487804878e-02   6.47642829486872e-06
  1.41736585365854e-02   6.47642829486872e-06
  1.41892682926829e-02   6.47642829486872e-06
  1.42048780487805e-02   6.47642829486872e-06
  1.42204878048781e-02   6.47642829486872e-06
  1.42360975609756e-02   6.47642829486872e-06
  1.42517073170732e-02   6.47642829486872e-06
  1.42673170731707e-02   6.47642829486872e-06
  1.42829268292683e-02   6.47642829486872e-06
  1.42985365853659e-02   6.47642829486872e-06
  1.43141463414634e-02   6.47642829486872e-06
  1.43297560975610e-02   6.47642829486872e-06
  1.43453658536585e-02   6.47642829486872e-06
  1.43609756097561e-02   6.47642829486872e-06
  1.43765853658537e-02   6.47642829486872e-06
  1.43921951219512e-02   6.47642829486872e-06
  1.44078048780488e-02   6.47642829486872e-06
  1.44234146341463e-02   6.47642829486872e-06
  1.44390243902439e-02   6.47642829486872e-06
  1.44546341463415e-02   6.47642829486872e-06
  1.44702439024390e-02   6.47642829486872e-06
  1.44858536585366e-02   6.47642829486872e-06
  1.45014634146341e-02   6.47642829486872e-06
  1.45170731707317e-02   6.47642829486872e-06
  1.45326829268293e-02   6.47642829486872e-06
  1.45482926829268e-02   6.47642829486872e-06
  1.45639024390244e-02   6.47642829486872e-06
  1.45795121951220e-02   6.47642829486872e-06
  1.45951219512195e-02   6.47642829486872e-06
  1.46107317073171e-02   6.47642829486872e-06
  1.46263414634146e-02   6.47642829486872e-06
  1.46419512195122e-02   6.47642829486872e-06
  1.46575609756098e-02   6.47642829486872e-06
  1.46731707317073e-02   6.47642829486871e-06
  1.46887804878049e-02   6.47642829486871e-06
  1.47043902439024e-02   6.47642829486871e-06
  1.47200000000000e-02   6.47642829486871e-06
  1.47356097560976e-02   6.47642829486871e-06
  1.47512195121951e-02   6.47642829486871e-06
  1.47668292682927e-02   6.47642829486871e-06
  1.47824390243902e-02   6.47642829486871e-06
  1.47980487804878e-02   6.47642829486871e-06
  1.48136585365854e-02   6.47642829486871e-06
  1.48292682926829e-02   6.47642829486871e-06
  1.48448780487805e-02   6.47642829486871e-06
  1.48604878048780e-02   6.47642829486871e-06
  1.48760975609756e-02   6.47642829486871e-06
  1.48917073170732e-02   6.47642829486871e-06
  1.49073170731707e-02   6.47642829486871e-06
  1.49229268292683e-02   6.47642829486871e-06
  1.49385365853659e-02   6.47642829486871e-06
  1.49541463414634e-02   6.47642829486871e-06
  1.49697560975610e-02   6.47642829486871e-06
  1.49853658536585e-02   6.47642829486871e-06
  1.50009756097561e-02   6.47642829486871e-06
  1.50165853658537e-02   6.47642829486871e-06
  1.50321951219512e-02   6.47642829486871e-06
  1.50478048780488e-02   6.47642829486871e-06
  1.50634146341463e-02   6.47642829486871e-06
  1.50790243902439e-02   6.47642829486871e-06
  1.50946341463415e-02   6.47642829486871e-06
  1.51102439024390e-02   6.47642829486871e-06
  1.51258536585366e-02   6.47642829486871e-06
  1.51414634146341e-02   6.47642829486871e-06
  1.51570731707317e-02   6.47642829486871e-06
  1.51726829268293e-02   6.47642829486871e-06
  1.51882926829268e-02   6.47642829486871e-06
  1.52039024390244e-02   6.47642829486871e-06
  1.52195121951220e-02   6.47642829486871e-06
  1.52351219512195e-02   6.47642829486871e-06
  1.52507317073171e-02   6.47642829486871e-06
  1.52663414634146e-02   6.47642829486871e-06
  1.52819512195122e-02   6.47642829486871e-06
  1.52975609756098e-02   6.47642829486871e-06
  1.53131707317073e-02   6.47642829486871e-06
  1.53287804878049e-02   6.47642829486871e-06
  1.53443902439024e-02   6.47642829486871e-06
  1.53600000000000e-02   6.47642829486871e-06
  1.53756097560976e-02   6.47642829486871e-06
  1.53912195121951e-02   6.47642829486871e-06
  1.54068292682927e-02   6.47642829486871e-06
  1.54224390243902e-02   6.47642829486871e-06
  1.54380487804878e-02   6.47642829486871e-06
  1.54536585365854e-02   6.47642829486871e-06
  1.54692682926829e-02   6.47642829486871e-06
  1.54848780487805e-02   6.47642829486871e-06
  1.55004878048781e-02   6.47642829486871e-06
  1.55160975609756e-02   6.47642829486871e-06
  1.55317073170732e-02   6.47642829486871e-06
  1.55473170731707e-02   6.47642829486871e-06
  1.55629268292683e-02   6.47642829486871e-06
  1.55785365853659e-02   6.47642829486871e-06
  1.55941463414634e-02   6.47642829486871e-06
  1.56097560975610e-02   6.47642829486871e-06
  1.56253658536585e-02   6.47642829486871e-06
  1.56409756097561e-02   6.47642829486871e-06
  1.56565853658537e-02   6.47642829486871e-06
  1.56721951219512e-02   6.47642829486871e-06
  1.56878048780488e-02   6.47642829486871e-06
  1.57034146341463e-02   6.47642829486871e-06
  1.57190243902439e-02   6.47642829486871e-06
  1.57346341463415e-02   6.47642829486871e-06
  1.57502439024390e-02   6.47642829486871e-06
  1.57658536585366e-02   6.47642829486871e-06
  1.57814634146341e-02   6.47642829486871e-06
  1.57970731707317e-02   6.47642829486871e-06
  1.58126829268293e-02   6.47642829486871e-06
  1.58282926829268e-02   6.47642829486871e-06
  1.58439024390244e-02   6.47642829486871e-06
  1.58595121951220e-02   6.47642829486871e-06
  1.58751219512195e-02   6.47642829486871e-06
  1.58907317073171e-02   6.47642829486871e-06
  1.59063414634146e-02   6.47642829486871e-06
  1.59219512195122e-02   6.47642829486871e-06
  1.59375609756098e-02   6.47642829486871e-06
  1.59531707317073e-02   6.47642829486871e-06
  1.59687804878049e-02   6.47642829486871e-06
  1.59843902439024e-02   6.47642829486871e-06
  1.60000000000000e-02   6.47642829486871e-06
