-2.269415855407714844e-01 -1.414051055908203125e-01 3.922535181045532227e-01
4.000198841094970703e-01 2.981948852539062500e-02 -2.832174301147460938e-01
-3.220155239105224609e-01 -3.898024559020996094e-01 -3.041059970855712891e-01
2.814270257949829102e-01 -7.608795166015625000e-02 -1.437755823135375977e-01
-2.728327512741088867e-01 4.227894544601440430e-01 3.520679473876953125e-02
-4.947633743286132812e-01 -4.232151508331298828e-01 -2.972397804260253906e-01
-1.808261871337890625e-02 2.877434492111206055e-01 -2.310247421264648438e-01
3.818988800048828125e-01 3.529353141784667969e-01 1.727198362350463867e-01
-2.346787452697753906e-01 2.829644680023193359e-01 1.594238281250000000e-01
-4.887726306915283203e-01 4.662406444549560547e-02 7.227540016174316406e-02
-2.048213481903076172e-01 4.885343313217163086e-01 -2.821706533432006836e-01
-4.693455696105957031e-01 4.566423892974853516e-01 1.360166072845458984e-02
-2.810692787170410156e-02 3.964089155197143555e-01 2.224528789520263672e-01
-4.457854032516479492e-01 2.029451131820678711e-01 -2.691650390625000000e-01
-4.315460920333862305e-01 3.888773918151855469e-02 -4.190684556961059570e-01
4.569005966186523438e-01 4.780390262603759766e-01 -1.672872304916381836e-01
4.523042440414428711e-01 2.975084781646728516e-01 -5.123972892761230469e-03
1.155309677124023438e-01 3.826811313629150391e-01 3.157733678817749023e-01
-3.529649972915649414e-01 3.223993778228759766e-01 3.534083366394042969e-01
-1.699209213256835938e-03 -3.757699728012084961e-01 4.251234531402587891e-01
3.104512691497802734e-01 3.631212711334228516e-01 3.740961551666259766e-01
3.886995315551757812e-01 -4.476237297058105469e-01 3.331944942474365234e-01
-8.131015300750732422e-02 3.511540889739990234e-01 6.623625755310058594e-02
5.544662475585937500e-03 2.087895870208740234e-01 -4.609942436218261719e-03
-2.697887420654296875e-01 7.647264003753662109e-02 1.385573148727416992e-01
-4.056740999221801758e-01 -2.304553985595703125e-03 -2.276074886322021484e-01
-3.986057043075561523e-01 -8.398652076721191406e-02 8.779549598693847656e-02
1.455659866333007812e-01 -5.315554141998291016e-02 3.587335348129272461e-01
-3.624105453491210938e-02 -1.932673454284667969e-01 3.783030509948730469e-01
2.404289245605468750e-01 2.313592433929443359e-01 -9.129595756530761719e-02
4.290236234664916992e-01 -2.806437015533447266e-01 -3.928461074829101562e-01
3.948264122009277344e-01 1.061335802078247070e-01 -1.345469951629638672e-01
4.199941158294677734e-01 -5.409121513366699219e-02 -4.431722164154052734e-01
-1.276044845581054688e-01 5.453205108642578125e-02 4.209027290344238281e-01
2.240920066833496094e-01 5.745470523834228516e-02 -2.274198532104492188e-01
3.475044965744018555e-01 -1.186680793762207031e-02 3.881464004516601562e-01
-1.399791240692138672e-02 -5.303645133972167969e-02 3.192350864410400391e-01
3.149266242980957031e-01 -4.960085153579711914e-01 4.852926731109619141e-01
1.159789562225341797e-01 7.240676879882812500e-02 -2.081871032714843750e-03
3.457980155944824219e-01 -4.685097932815551758e-01 1.311070919036865234e-01
-3.134734630584716797e-01 -1.447633504867553711e-01 2.294397354125976562e-01
-2.322396039962768555e-01 4.453787803649902344e-01 2.214672565460205078e-01
7.549452781677246094e-02 2.149226665496826172e-01 1.942512989044189453e-01
4.877026081085205078e-01 9.565687179565429688e-02 4.446644783020019531e-01
2.452219724655151367e-01 -1.041567325592041016e-02 -4.420824050903320312e-01
3.802477121353149414e-01 -2.260215282440185547e-01 -6.829130649566650391e-02
4.026585817337036133e-01 -9.730875492095947266e-02 5.328035354614257812e-02
-1.340943574905395508e-01 -2.988189458847045898e-01 4.915304183959960938e-01
1.499507427215576172e-01 -1.232669353485107422e-01 -3.215692043304443359e-01
7.229900360107421875e-02 1.496689319610595703e-01 -1.584017276763916016e-01
4.887890815734863281e-02 -2.996931076049804688e-01 -6.179094314575195312e-02
3.264107704162597656e-01 1.829891204833984375e-01 4.166131019592285156e-01
3.418397903442382812e-01 -3.681684732437133789e-01 -1.888689994812011719e-01
-1.746954917907714844e-01 3.889560699462890625e-03 2.538719177246093750e-01
-1.082150936126708984e-01 -1.183983087539672852e-01 -4.667383432388305664e-01
4.464948177337646484e-02 7.829546928405761719e-02 -4.987317323684692383e-01
2.724659442901611328e-01 3.989661931991577148e-01 -2.271368503570556641e-01
2.325954437255859375e-01 2.180564403533935547e-01 7.740092277526855469e-02
4.475378990173339844e-01 8.053278923034667969e-02 2.720277309417724609e-01
2.500159740447998047e-01 1.361670494079589844e-01 -4.378540515899658203e-01
-8.050751686096191406e-02 2.042385339736938477e-01 4.733436107635498047e-01
6.334328651428222656e-02 3.953868150711059570e-01 -1.099604368209838867e-01
-6.584823131561279297e-02 4.609835147857666016e-01 -2.351213693618774414e-01
-3.965889215469360352e-01 2.626715898513793945e-01 -4.403696060180664062e-01
-4.123499393463134766e-01 4.679954051971435547e-01 -4.630439281463623047e-01
-3.268948793411254883e-01 -2.706754207611083984e-01 4.083846807479858398e-01
4.519817829132080078e-01 -4.413130283355712891e-01 -4.950367212295532227e-01
1.736700534820556641e-01 -4.334635734558105469e-01 3.858578205108642578e-01
-2.476015090942382812e-01 -8.808064460754394531e-02 -3.171390295028686523e-01
1.416424512863159180e-01 6.130337715148925781e-03 1.613216400146484375e-01
1.161313056945800781e-01 -8.472347259521484375e-02 -6.638598442077636719e-02
6.862294673919677734e-02 7.571196556091308594e-02 -3.263452053070068359e-01
-2.883186340332031250e-01 1.637139320373535156e-01 -1.617478132247924805e-01
4.712302684783935547e-01 -1.252410411834716797e-01 2.302359342575073242e-01
-3.321516513824462891e-02 -3.931099176406860352e-01 -1.693089008331298828e-01
4.347057342529296875e-01 3.060367107391357422e-01 -1.781182289123535156e-01
4.378421306610107422e-01 -2.324944734573364258e-01 4.174745082855224609e-01
1.022851467132568359e-02 -1.360912322998046875e-01 6.093466281890869141e-02
1.258683204650878906e-01 -2.447234392166137695e-01 3.956108093261718750e-01
-1.879813671112060547e-01 3.079674243927001953e-01 3.408046960830688477e-01
-3.804820775985717773e-01 3.240450620651245117e-01 -1.224457025527954102e-01
4.557719230651855469e-01 -3.179004192352294922e-01 2.294783592224121094e-01
-1.324630975723266602e-01 -2.825807332992553711e-01 2.794981002807617188e-02
-9.088420867919921875e-02 -4.938784837722778320e-01 -4.559993743896484375e-01
4.321286678314208984e-01 1.908559799194335938e-01 -4.160747528076171875e-01
4.761004447937011719e-01 -3.449964523315429688e-02 -9.512662887573242188e-02
-3.295238018035888672e-01 -4.874784946441650391e-01 3.628075122833251953e-01
-3.269430398941040039e-01 4.961208105087280273e-01 -1.530282497406005859e-01
1.903204917907714844e-01 4.334928989410400391e-01 1.328067779541015625e-01
-1.938850879669189453e-01 -3.347861766815185547e-01 3.228425979614257812e-01
-7.716512680053710938e-02 -1.792883872985839844e-01 -1.214803457260131836e-01
2.945523262023925781e-01 4.375331401824951172e-01 -4.941940307617187500e-02
2.805604934692382812e-01 3.923368453979492188e-02 3.594279289245605469e-03
-3.963446617126464844e-02 4.087066650390625000e-02 1.291446685791015625e-01
3.017591238021850586e-01 -4.672487974166870117e-01 -3.370153903961181641e-01
-5.923175811767578125e-02 -1.029053926467895508e-01 -2.954306602478027344e-01
-4.299471378326416016e-01 1.944204568862915039e-01 1.885912418365478516e-01
1.226736307144165039e-01 -4.231331348419189453e-01 -4.431772232055664062e-01
-1.630305051803588867e-01 1.654865741729736328e-01 1.177084445953369141e-02
-2.820068597793579102e-01 -1.914020776748657227e-01 4.649567604064941406e-02
-1.803944110870361328e-01 -5.573785305023193359e-02 3.654372692108154297e-02
3.560798168182373047e-01 -2.656357288360595703e-01 1.175208091735839844e-01
4.641888141632080078e-01 3.300178050994873047e-01 4.690952301025390625e-01
-3.651157617568969727e-01 4.143847227096557617e-01 -3.058776855468750000e-01
4.892169237136840820e-01 4.351882934570312500e-01 3.436787128448486328e-01
1.252651214599609375e-02 1.140588521957397461e-01 3.147521018981933594e-01
2.564185857772827148e-01 4.870939254760742188e-01 2.839587926864624023e-01
2.440360784530639648e-01 2.740068435668945312e-01 2.384872436523437500e-01
-1.093761920928955078e-01 2.005448341369628906e-01 2.263984680175781250e-01
2.751414775848388672e-01 3.257715702056884766e-01 -4.216753244400024414e-01
-2.344570159912109375e-01 3.708822727203369141e-01 -4.901626110076904297e-01
3.321342468261718750e-01 2.205178737640380859e-01 -2.770333290100097656e-01
-3.562602996826171875e-01 2.268432378768920898e-01 3.148293495178222656e-02
-2.453712224960327148e-01 -3.159594535827636719e-01 -1.403638124465942383e-01
-4.225530624389648438e-01 1.738572120666503906e-01 4.009822607040405273e-01
-2.291325330734252930e-01 3.076609373092651367e-01 -2.942405939102172852e-01
-4.163160324096679688e-01 -1.362502574920654297e-01 -4.328134059906005859e-01
1.602690219879150391e-01 4.211304187774658203e-01 4.947811365127563477e-01
1.699512004852294922e-01 -3.455421924591064453e-01 1.857841014862060547e-01
1.917399168014526367e-01 -2.274444103240966797e-01 -1.499438285827636719e-01
5.063652992248535156e-02 -7.577204704284667969e-02 -4.671556949615478516e-01
1.856522560119628906e-01 1.085456609725952148e-01 3.598620891571044922e-01
2.133283615112304688e-01 -1.748585700988769531e-01 5.385351181030273438e-02
1.607365608215332031e-01 2.551939487457275391e-01 -2.725876569747924805e-01
4.380518198013305664e-01 2.549636363983154297e-01 2.876336574554443359e-01
-2.457389831542968750e-01 -4.205622673034667969e-01 -4.621033668518066406e-01
-4.958317279815673828e-01 -4.657427072525024414e-01 1.988265514373779297e-01
6.845688819885253906e-02 2.681604623794555664e-01 -4.308686256408691406e-01
-4.200789928436279297e-01 3.732924461364746094e-01 1.710724830627441406e-01
3.544092178344726562e-02 -3.218197822570800781e-01 8.597135543823242188e-02
-5.194902420043945312e-02 1.222956180572509766e-02 -5.136704444885253906e-02
1.391673088073730469e-01 2.476061582565307617e-01 4.182490110397338867e-01
-1.033620834350585938e-01 3.683781623840332031e-02 -3.891081809997558594e-01
-4.138703346252441406e-01 -3.311948776245117188e-01 -4.624009132385253906e-01
-9.261775016784667969e-02 1.478457450866699219e-01 -1.957361698150634766e-01
2.608032226562500000e-01 -1.573407649993896484e-01 4.948087930679321289e-01
-1.243667602539062500e-01 -4.962480068206787109e-01 3.667256832122802734e-01
-4.454655647277832031e-01 -2.705636024475097656e-01 1.070654392242431641e-01
-4.106376171112060547e-01 -1.618578433990478516e-01 -6.648111343383789062e-02
3.302078247070312500e-01 -2.219557762145996094e-02 1.648344993591308594e-01
-1.774271726608276367e-01 3.244402408599853516e-01 -9.372758865356445312e-02
2.811634540557861328e-01 1.279127597808837891e-01 2.315803766250610352e-01
2.449696063995361328e-01 -3.595451116561889648e-01 -6.689429283142089844e-03
5.237126350402832031e-02 -2.531653642654418945e-01 -4.304802417755126953e-01
-2.635989189147949219e-01 -2.267163991928100586e-01 -4.170490503311157227e-01
-2.721209526062011719e-01 1.574560403823852539e-01 2.993257045745849609e-01
-3.956274986267089844e-01 2.191853523254394531e-02 2.550070285797119141e-01
-1.563029289245605469e-01 -2.704749107360839844e-01 -2.991802692413330078e-01
7.597208023071289062e-02 -1.699868440628051758e-01 2.227045297622680664e-01
-3.653595447540283203e-01 -4.391734600067138672e-01 1.462922096252441406e-01
1.705410480499267578e-01 -4.559497833251953125e-01 -1.512272357940673828e-01
-1.343528032302856445e-01 -1.545200347900390625e-01 2.051105499267578125e-01
5.652284622192382812e-02 -3.860473632812500000e-02 -1.806387901306152344e-01
7.492136955261230469e-02 -4.894123077392578125e-01 3.830230236053466797e-02
2.993867397308349609e-01 -3.184000253677368164e-01 2.854095697402954102e-01
9.030818939208984375e-02 4.506881237030029297e-01 -3.190367221832275391e-01
1.546680927276611328e-01 -3.337359428405761719e-01 -2.724964618682861328e-01
1.143584251403808594e-01 3.319869041442871094e-01 3.964900970458984375e-02
3.128879070281982422e-01 -1.711206436157226562e-01 -2.891231775283813477e-01
3.134812116622924805e-01 -3.195825815200805664e-01 4.452092647552490234e-01
-4.257751703262329102e-01 -3.556568622589111328e-01 3.161740303039550781e-01
-4.604424238204956055e-01 1.566462516784667969e-01 -7.651758193969726562e-02
-4.535093307495117188e-01 -1.047830581665039062e-01 3.779829740524291992e-01
-7.651937007904052734e-02 3.510303497314453125e-01 -4.015958309173583984e-01
-5.069994926452636719e-02 -3.019337654113769531e-01 2.270703315734863281e-01
4.413585662841796875e-01 3.929922580718994141e-01 -3.560695648193359375e-01
2.530579566955566406e-01 -3.169052600860595703e-01 -4.228000640869140625e-01
-6.997537612915039062e-02 1.933835744857788086e-01 -3.526034355163574219e-01
-1.785504817962646484e-01 1.803159713745117188e-03 -1.765856742858886719e-01
-1.506757736206054688e-02 3.296717405319213867e-01 4.055316448211669922e-01
-4.429192543029785156e-01 -3.453509807586669922e-01 -1.209781169891357422e-01
-2.643674612045288086e-01 1.182488203048706055e-01 -3.157637119293212891e-01
4.684782028198242188e-02 -4.617999792098999023e-01 2.509958744049072266e-01
-3.250834941864013672e-01 2.819657325744628906e-03 4.174815416336059570e-01
-3.355050086975097656e-02 -4.035353660583496094e-01 -3.605549335479736328e-01
-3.662085533142089844e-01 -2.316244840621948242e-01 -2.756531238555908203e-01
-2.576720714569091797e-01 -1.255595684051513672e-02 -4.626390933990478516e-01
-3.275632858276367188e-01 2.991151809692382812e-02 -4.782438278198242188e-02
4.056546688079833984e-01 1.594020128250122070e-01 7.798624038696289062e-02
-2.715262174606323242e-01 -3.173813819885253906e-01 1.938788890838623047e-01
3.270006179809570312e-02 -2.296169996261596680e-01 -2.338488101959228516e-01
-1.381781101226806641e-01 -4.450683593750000000e-01 1.390277147293090820e-01
4.581812620162963867e-01 -4.004166126251220703e-01 5.525112152099609375e-03
-2.281215190887451172e-01 -1.310509443283081055e-01 -1.401650905609130859e-01
-2.425242662429809570e-01 1.733251810073852539e-01 -4.973032474517822266e-01
-1.258821487426757812e-01 -4.724828004837036133e-01 -5.991733074188232422e-02
4.821944236755371094e-01 -1.722755432128906250e-01 -2.475099563598632812e-01
2.750682830810546875e-02 4.665797948837280273e-01 4.664119482040405273e-01
-3.053290843963623047e-01 -3.777220249176025391e-01 2.397775650024414062e-03
2.908480167388916016e-01 -1.594734191894531250e-01 2.671622037887573242e-01
