  1.21208593750000e-05  -7.97216841236441e-82
  2.42417187500000e-05  -8.51716312679926e-82
  3.63625781250000e-05  -9.06215784123412e-82
  4.84834375000000e-05  -9.60715255566898e-82
  6.06042968750000e-05  -1.01521472701038e-81
  7.27251562500000e-05  -1.06971419845387e-81
  8.48460156250000e-05  -1.12421366989736e-81
  9.69668750000000e-05  -1.17871314134084e-81
  1.09087734375000e-04  -1.23321261278433e-81
  1.21208593750000e-04  -1.28771208422781e-81
  1.33329453125000e-04  -1.34221155567130e-81
  1.45450312500000e-04  -1.39671102711478e-81
  1.57571171875000e-04  -1.45121049855827e-81
  1.69692031250000e-04  -1.50570997000176e-81
  1.81812890625000e-04  -1.56020944144524e-81
  1.93933750000000e-04  -1.61470891288873e-81
  2.06054609375000e-04  -1.66920838433221e-81
  2.18175468750000e-04  -1.72370785577570e-81
  2.30296328125000e-04  -1.77820732721919e-81
  2.42417187500000e-04  -1.83270679866267e-81
  2.54538046875000e-04  -1.88720627010616e-81
  2.66658906250000e-04  -1.94170574154964e-81
  2.78779765625000e-04  -1.99620521299313e-81
  2.90900625000000e-04  -2.05070468443661e-81
  3.03021484375000e-04  -2.10520415588010e-81
  3.15142343750000e-04  -2.15970362732359e-81
  3.27263203125000e-04  -2.21420309876707e-81
  3.39384062500000e-04  -2.26870257021056e-81
  3.51504921875000e-04  -2.32320204165404e-81
  3.63625781250000e-04  -2.37770151309753e-81
  3.75746640625000e-04  -2.43220098454102e-81
  3.87867500000000e-04  -2.48670045598450e-81
  3.99988359375000e-04  -2.54119992742799e-81
  4.12109218750000e-04  -2.59569939887147e-81
  4.24230078125000e-04  -2.65019887031496e-81
  4.36350937500000e-04  -2.70469834175844e-81
  4.48471796875000e-04  -2.75919781320193e-81
  4.60592656250000e-04  -2.81369728464542e-81
  4.72713515625000e-04  -2.86819675608890e-81
  4.84834375000000e-04  -2.92269622753239e-81
  4.96955234375000e-04  -2.97719569897587e-81
  5.09076093750000e-04  -3.03169517041936e-81
  5.21196953125000e-04  -3.08619464186284e-81
  5.33317812500000e-04  -3.14069411330633e-81
  5.45438671875000e-04  -3.19519358474982e-81
  5.57559531250000e-04  -3.24969305619330e-81
  5.69680390625000e-04  -3.30419252763679e-81
  5.81801250000000e-04  -3.35869199908027e-81
  5.93922109375000e-04  -3.41319147052376e-81
  6.06042968750000e-04  -3.46769094196724e-81
  6.18163828125000e-04  -3.52219041341073e-81
  6.30284687500000e-04  -3.57668988485422e-81
  6.42405546875000e-04  -3.63118935629770e-81
  6.54526406250000e-04  -3.68568882774119e-81
  6.66647265625000e-04  -3.74018829918467e-81
  6.78768125000000e-04  -3.79468777062816e-81
  6.90888984375000e-04  -3.84918724207165e-81
  7.03009843750000e-04  -3.90368671351513e-81
  7.15130703125000e-04  -3.95818618495862e-81
  7.27251562500000e-04  -4.01268565640210e-81
  7.39372421875000e-04  -4.06718512784559e-81
  7.51493281250000e-04  -4.12168459928907e-81
  7.63614140625000e-04  -4.17618407073256e-81
  7.75735000000000e-04  -4.23068354217605e-81
  7.87855859375000e-04  -4.28518301361953e-81
  7.99976718750000e-04  -4.33968248506302e-81
  8.12097578125000e-04  -4.39418195650650e-81
  8.24218437500000e-04  -4.44868142794999e-81
  8.36339296875000e-04  -4.50318089939348e-81
  8.48460156250000e-04  -4.55768037083696e-81
  8.60581015625000e-04  -4.61217984228045e-81
  8.72701875000000e-04  -4.66667931372393e-81
  8.84822734375000e-04  -4.72117878516742e-81
  8.96943593750000e-04  -4.77567825661090e-81
  9.09064453125000e-04  -4.83017772805439e-81
  9.21185312500000e-04  -4.88467719949788e-81
  9.33306171875000e-04  -4.93917667094136e-81
  9.45427031250000e-04  -4.99367614238485e-81
  9.57547890625000e-04  -5.04817561382833e-81
  9.69668750000000e-04  -5.10267508527182e-81
  9.81789609375000e-04  -5.15717455671531e-81
  9.93910468750000e-04  -5.21167402815879e-81
  1.00603132812500e-03  -5.26617349960228e-81
  1.01815218750000e-03  -5.32067297104576e-81
  1.03027304687500e-03  -5.37517244248925e-81
  1.04239390625000e-03  -5.42967191393273e-81
  1.05451476562500e-03  -5.48417138537622e-81
  1.06663562500000e-03  -5.53867085681971e-81
  1.07875648437500e-03  -5.59317032826319e-81
  1.09087734375000e-03  -5.64766979970668e-81
  1.10299820312500e-03  -5.70216927115016e-81
  1.11511906250000e-03  -5.75666874259365e-81
  1.12723992187500e-03  -5.81116821403713e-81
  1.13936078125000e-03  -5.86566768548062e-81
  1.15148164062500e-03  -5.92016715692411e-81
  1.16360250000000e-03  -5.97466662836759e-81
  1.17572335937500e-03  -6.02916609981108e-81
  1.18784421875000e-03  -6.08366557125456e-81
  1.19996507812500e-03  -6.13816504269805e-81
  1.21208593750000e-03  -6.19266451414153e-81
  1.22420679687500e-03  -6.24716398558502e-81
  1.23632765625000e-03  -6.30166345702851e-81
  1.24844851562500e-03  -6.35616292847199e-81
  1.26056937500000e-03  -6.41066239991548e-81
  1.27269023437500e-03  -6.46516187135896e-81
  1.28481109375000e-03  -6.51966134280245e-81
  1.29693195312500e-03  -6.57416081424594e-81
  1.30905281250000e-03  -6.62866028568942e-81
  1.32117367187500e-03  -6.68315975713291e-81
  1.33329453125000e-03  -6.73765922857639e-81
  1.34541539062500e-03  -6.79215870001988e-81
  1.35753625000000e-03  -6.84665817146337e-81
  1.36965710937500e-03  -6.90115764290685e-81
  1.38177796875000e-03  -6.95565711435034e-81
  1.39389882812500e-03  -7.01015658579382e-81
  1.40601968750000e-03  -7.06465605723731e-81
  1.41814054687500e-03  -7.11915552868079e-81
  1.43026140625000e-03  -7.17365500012428e-81
  1.44238226562500e-03  -7.22815447156777e-81
  1.45450312500000e-03  -7.28265394301125e-81
  1.46662398437500e-03  -7.33715341445474e-81
  1.47874484375000e-03  -7.39165288589822e-81
  1.49086570312500e-03  -7.44615235734171e-81
  1.50298656250000e-03  -7.50065182878519e-81
  1.51510742187500e-03  -7.55515130022868e-81
  1.52722828125000e-03  -7.60965077167217e-81
  1.53934914062500e-03  -7.66415024311565e-81
  1.55147000000000e-03  -7.71864971455914e-81
  1.56359085937500e-03  -7.77314918600262e-81
  1.57571171875000e-03  -7.82764865744611e-81
  1.58783257812500e-03  -7.88214812888960e-81
  1.59995343750000e-03  -7.93664760033308e-81
  1.61207429687500e-03  -7.99114707177657e-81
  1.62419515625000e-03  -8.04564654322005e-81
  1.63631601562500e-03  -8.10014601466354e-81
  1.64843687500000e-03  -8.15464548610702e-81
  1.66055773437500e-03  -8.20914495755051e-81
  1.67267859375000e-03  -8.26364442899400e-81
  1.68479945312500e-03  -8.31814390043748e-81
  1.69692031250000e-03  -8.37264337188097e-81
  1.70904117187500e-03  -8.42714284332445e-81
  1.72116203125000e-03  -8.48164231476794e-81
  1.73328289062500e-03  -8.53614178621142e-81
  1.74540375000000e-03  -8.59064125765491e-81
  1.75752460937500e-03  -8.64514072909840e-81
  1.76964546875000e-03  -8.69964020054188e-81
  1.78176632812500e-03  -8.75413967198537e-81
  1.79388718750000e-03  -8.80863914342885e-81
  1.80600804687500e-03  -8.86313861487234e-81
  1.81812890625000e-03  -8.91763808631583e-81
  1.83024976562500e-03  -8.97213755775931e-81
  1.84237062500000e-03  -9.02663702920280e-81
  1.85449148437500e-03  -9.08113650064628e-81
  1.86661234375000e-03  -9.13563597208977e-81
  1.87873320312500e-03  -9.19013544353326e-81
  1.89085406250000e-03  -9.24463491497674e-81
  1.90297492187500e-03  -9.29913438642023e-81
  1.91509578125000e-03  -9.35363385786371e-81
  1.92721664062500e-03  -9.40813332930720e-81
  1.93933750000000e-03  -9.46263280075068e-81
  1.95145835937500e-03  -9.51713227219417e-81
  1.96357921875000e-03  -9.57163174363766e-81
  1.97570007812500e-03  -9.62613121508114e-81
  1.98782093750000e-03  -9.68063068652463e-81
  1.99994179687500e-03  -9.73513015796811e-81
  2.01206265625000e-03  -9.78962962941160e-81
  2.02418351562500e-03  -9.84412910085509e-81
  2.03630437500000e-03  -9.89862857229857e-81
  2.04842523437500e-03  -9.95312804374206e-81
  2.06054609375000e-03  -1.00076275151855e-80
  2.07266695312500e-03  -1.00621269866290e-80
  2.08478781250000e-03  -1.01166264580725e-80
  2.09690867187500e-03  -1.01711259295160e-80
  2.10902953125000e-03  -1.02256254009595e-80
  2.12115039062500e-03  -1.02801248724030e-80
  2.13327125000000e-03  -1.03346243438465e-80
  2.14539210937500e-03  -1.03891238152899e-80
  2.15751296875000e-03  -1.04436232867334e-80
  2.16963382812500e-03  -1.04981227581769e-80
  2.18175468750000e-03  -1.05526222296204e-80
  2.19387554687500e-03  -1.06071217010639e-80
  2.20599640625000e-03  -1.06616211725074e-80
  2.21811726562500e-03  -1.07161206439509e-80
  2.23023812500000e-03  -1.07706201153943e-80
  2.24235898437500e-03  -1.08251195868378e-80
  2.25447984375000e-03  -1.08796190582813e-80
  2.26660070312500e-03  -1.09341185297248e-80
  2.27872156250000e-03  -1.09886180011683e-80
  2.29084242187500e-03  -1.10431174726118e-80
  2.30296328125000e-03  -1.10976169440553e-80
  2.31508414062500e-03  -1.11521164154987e-80
  2.32720500000000e-03  -1.12066158869422e-80
  2.33932585937500e-03  -1.12611153583857e-80
  2.35144671875000e-03  -1.13156148298292e-80
  2.36356757812500e-03  -1.13701143012727e-80
  2.37568843750000e-03  -1.14246137727162e-80
  2.38780929687500e-03  -1.14791132441597e-80
  2.39993015625000e-03  -1.15336127156031e-80
  2.41205101562500e-03  -1.15881121870466e-80
  2.42417187500000e-03  -1.16426116584901e-80
  2.43629273437500e-03  -1.16971111299336e-80
  2.44841359375000e-03  -1.17516106013771e-80
  2.46053445312500e-03  -1.18061100728206e-80
  2.47265531250000e-03  -1.18606095442641e-80
  2.48477617187500e-03  -1.19151090157075e-80
  2.49689703125000e-03  -1.19696084871510e-80
  2.50901789062500e-03  -1.20241079585945e-80
  2.52113875000000e-03  -1.20786074300380e-80
  2.53325960937500e-03  -1.21331069014815e-80
  2.54538046875000e-03  -1.21876063729250e-80
  2.55750132812500e-03  -1.22421058443685e-80
  2.56962218750000e-03  -1.22966053158119e-80
  2.58174304687500e-03  -1.23511047872554e-80
  2.59386390625000e-03  -1.24056042586989e-80
  2.60598476562500e-03  -1.24601037301424e-80
  2.61810562500000e-03  -1.25146032015859e-80
  2.63022648437500e-03  -1.25691026730294e-80
  2.64234734375000e-03  -1.26236021444729e-80
  2.65446820312500e-03  -1.26781016159163e-80
  2.66658906250000e-03  -1.27326010873598e-80
  2.67870992187500e-03  -1.27871005588033e-80
  2.69083078125000e-03  -1.28416000302468e-80
  2.70295164062500e-03  -1.28960995016903e-80
  2.71507250000000e-03  -1.29505989731338e-80
  2.72719335937500e-03  -1.30050984445773e-80
  2.73931421875000e-03  -1.30595979160207e-80
  2.75143507812500e-03  -1.31140973874642e-80
  2.76355593750000e-03  -1.31685968589077e-80
  2.77567679687500e-03  -1.32230963303512e-80
  2.78779765625000e-03  -1.32775958017947e-80
  2.79991851562500e-03  -1.33320952732382e-80
  2.81203937500000e-03  -1.33865947446817e-80
  2.82416023437500e-03  -1.34410942161251e-80
  2.83628109375000e-03  -1.34955936875686e-80
  2.84840195312500e-03  -1.35500931590121e-80
  2.86052281250000e-03  -1.36045926304556e-80
  2.87264367187500e-03  -1.36590921018991e-80
  2.88476453125000e-03  -1.37135915733426e-80
  2.89688539062500e-03  -1.37680910447861e-80
  2.90900625000000e-03  -1.38225905162295e-80
  2.92112710937500e-03  -1.38770899876730e-80
  2.93324796875000e-03  -1.39315894591165e-80
  2.94536882812500e-03  -1.39860889305600e-80
  2.95748968750000e-03  -1.40405884020035e-80
  2.96961054687500e-03  -1.40950878734470e-80
  2.98173140625000e-03  -1.41495873448905e-80
  2.99385226562500e-03  -1.42040868163339e-80
  3.00597312500000e-03  -1.42585862877774e-80
  3.01809398437500e-03  -1.43130857592209e-80
  3.03021484375000e-03  -1.43675852306644e-80
  3.04233570312500e-03  -1.44220847021079e-80
  3.05445656250000e-03  -1.44765841735514e-80
  3.06657742187500e-03  -1.45310836449949e-80
  3.07869828125000e-03  -1.45855831164383e-80
  3.09081914062500e-03  -1.46400825878818e-80
  3.10294000000000e-03  -1.46945820593253e-80
  3.11506085937500e-03  -1.47012933960119e-80
  3.12718171875000e-03  -1.47080047326984e-80
  3.13930257812500e-03  -1.47147160693850e-80
  3.15142343750000e-03  -1.47214274060715e-80
  3.16354429687500e-03  -1.47281387427581e-80
  3.17566515625000e-03  -1.47348500794446e-80
  3.18778601562500e-03  -1.47415614161312e-80
  3.19990687500000e-03  -1.47482727528178e-80
  3.21202773437500e-03  -1.47549840895043e-80
  3.22414859375000e-03  -1.47616954261909e-80
  3.23626945312500e-03  -1.47684067628774e-80
  3.24839031250000e-03  -1.47751180995640e-80
  3.26051117187500e-03  -1.47818294362505e-80
  3.27263203125000e-03  -1.47885407729371e-80
  3.28475289062500e-03  -1.47952521096236e-80
  3.29687375000000e-03  -1.48019634463102e-80
  3.30899460937500e-03  -1.48086747829967e-80
  3.32111546875000e-03  -1.48153861196833e-80
  3.33323632812500e-03  -1.48220974563698e-80
  3.34535718750000e-03  -1.48288087930564e-80
  3.35747804687500e-03  -1.48355201297430e-80
  3.36959890625000e-03  -1.48422314664295e-80
  3.38171976562500e-03  -1.48489428031161e-80
  3.39384062500000e-03  -1.48556541398026e-80
  3.40596148437500e-03  -1.48623654764892e-80
  3.41808234375000e-03  -1.48690768131757e-80
  3.43020320312500e-03  -1.48757881498623e-80
  3.44232406250000e-03  -1.48824994865488e-80
  3.45444492187500e-03  -1.48892108232354e-80
  3.46656578125000e-03  -1.48959221599219e-80
  3.47868664062500e-03  -1.49026334966085e-80
  3.49080750000000e-03  -1.49093448332951e-80
  3.50292835937500e-03  -1.49160561699816e-80
  3.51504921875000e-03  -1.49227675066682e-80
  3.52717007812500e-03  -1.49294788433547e-80
  3.53929093750000e-03  -1.49361901800413e-80
  3.55141179687500e-03  -1.49429015167278e-80
  3.56353265625000e-03  -1.49496128534144e-80
  3.57565351562500e-03  -1.49563241901009e-80
  3.58777437500000e-03  -1.49630355267875e-80
  3.59989523437500e-03  -1.49697468634740e-80
  3.61201609375000e-03  -1.49764582001606e-80
  3.62413695312500e-03  -1.49831695368471e-80
  3.63625781250000e-03  -1.49898808735337e-80
  3.64837867187500e-03  -1.49965922102203e-80
  3.66049953125000e-03  -1.50033035469068e-80
  3.67262039062500e-03  -1.50100148835934e-80
  3.68474125000000e-03  -1.50167262202799e-80
  3.69686210937500e-03  -1.50234375569665e-80
  3.70898296875000e-03  -1.50301488936530e-80
  3.72110382812500e-03  -1.50368602303396e-80
  3.73322468750000e-03  -1.50435715670261e-80
  3.74534554687500e-03  -1.50502829037127e-80
  3.75746640625000e-03  -1.50569942403992e-80
  3.76958726562500e-03  -1.50637055770858e-80
  3.78170812500000e-03  -1.50704169137723e-80
  3.79382898437500e-03  -1.50771282504589e-80
  3.80594984375000e-03  -1.50838395871455e-80
  3.81807070312500e-03  -1.50905509238320e-80
  3.83019156250000e-03  -1.50972622605186e-80
  3.84231242187500e-03  -1.51039735972051e-80
  3.85443328125000e-03  -1.51106849338917e-80
  3.86655414062500e-03  -1.51173962705782e-80
  3.87867500000000e-03  -1.51241076072648e-80
  3.89079585937500e-03  -1.51308189439513e-80
  3.90291671875000e-03  -1.51375302806379e-80
  3.91503757812500e-03  -1.51442416173244e-80
  3.92715843750000e-03  -1.51509529540110e-80
  3.93927929687500e-03  -1.51576642906976e-80
  3.95140015625000e-03  -1.51643756273841e-80
  3.96352101562500e-03  -1.51710869640707e-80
  3.97564187500000e-03  -1.51777983007572e-80
  3.98776273437500e-03  -1.51845096374438e-80
  3.99988359375000e-03  -1.51912209741303e-80
  4.01200445312500e-03  -1.51979323108169e-80
  4.02412531250000e-03  -1.52046436475034e-80
  4.03624617187500e-03  -1.52113549841900e-80
  4.04836703125000e-03  -1.52180663208765e-80
  4.06048789062500e-03  -1.52247776575631e-80
  4.07260875000000e-03  -1.52314889942496e-80
  4.08472960937500e-03  -1.52382003309362e-80
  4.09685046875000e-03  -1.52449116676228e-80
  4.10897132812500e-03  -1.52516230043093e-80
  4.12109218750000e-03  -1.52583343409959e-80
  4.13321304687500e-03  -1.52650456776824e-80
  4.14533390625000e-03  -1.52717570143690e-80
  4.15745476562500e-03  -1.52784683510555e-80
  4.16957562500000e-03  -1.52851796877421e-80
  4.18169648437500e-03  -1.52918910244286e-80
  4.19381734375000e-03  -1.52986023611152e-80
  4.20593820312500e-03  -1.53053136978017e-80
  4.21805906250000e-03  -1.53120250344883e-80
  4.23017992187500e-03  -1.53187363711748e-80
  4.24230078125000e-03  -1.53254477078614e-80
  4.25442164062500e-03  -1.53321590445480e-80
  4.26654250000000e-03  -1.53388703812345e-80
  4.27866335937500e-03  -1.53455817179211e-80
  4.29078421875000e-03  -1.53522930546076e-80
  4.30290507812500e-03  -1.53590043912942e-80
  4.31502593750000e-03  -1.53657157279807e-80
  4.32714679687500e-03  -1.53724270646673e-80
  4.33926765625000e-03  -1.53791384013538e-80
  4.35138851562500e-03  -1.53858497380404e-80
  4.36350937500000e-03  -1.53925610747269e-80
  4.37563023437500e-03  -1.53992724114135e-80
  4.38775109375000e-03  -1.54059837481000e-80
  4.39987195312500e-03  -1.54126950847866e-80
  4.41199281250000e-03  -1.54194064214732e-80
  4.42411367187500e-03  -1.54261177581597e-80
  4.43623453125000e-03  -1.54328290948463e-80
  4.44835539062500e-03  -1.54395404315328e-80
  4.46047625000000e-03  -1.54462517682194e-80
  4.47259710937500e-03  -1.54529631049059e-80
  4.48471796875000e-03  -1.54596744415925e-80
  4.49683882812500e-03  -1.54663857782790e-80
  4.50895968750000e-03  -1.54730971149656e-80
  4.52108054687500e-03  -1.54798084516521e-80
  4.53320140625000e-03  -1.54865197883387e-80
  4.54532226562500e-03  -1.54932311250252e-80
  4.55744312500000e-03  -1.54999424617118e-80
  4.56956398437500e-03  -1.55066537983984e-80
  4.58168484375000e-03  -1.55133651350849e-80
  4.59380570312500e-03  -1.55200764717715e-80
  4.60592656250000e-03  -1.55267878084580e-80
  4.61804742187500e-03  -1.55334991451446e-80
  4.63016828125000e-03  -1.55402104818311e-80
  4.64228914062500e-03  -1.55469218185177e-80
  4.65441000000000e-03  -1.55536331552042e-80
  4.66653085937500e-03  -1.55603444918908e-80
  4.67865171875000e-03  -1.55670558285773e-80
  4.69077257812500e-03  -1.55737671652639e-80
  4.70289343750000e-03  -1.55804785019505e-80
  4.71501429687500e-03  -1.55871898386370e-80
  4.72713515625000e-03  -1.55939011753236e-80
  4.73925601562500e-03  -1.56006125120101e-80
  4.75137687500000e-03  -1.56073238486967e-80
  4.76349773437500e-03  -1.56140351853832e-80
  4.77561859375000e-03  -1.56207465220698e-80
  4.78773945312500e-03  -1.56274578587563e-80
  4.79986031250000e-03  -1.56341691954429e-80
  4.81198117187500e-03  -1.56408805321294e-80
  4.82410203125000e-03  -1.56475918688160e-80
  4.83622289062500e-03  -1.56543032055025e-80
  4.84834375000000e-03  -1.56610145421891e-80
  4.86046460937500e-03  -1.56677258788757e-80
  4.87258546875000e-03  -1.56744372155622e-80
  4.88470632812500e-03  -1.56811485522488e-80
  4.89682718750000e-03  -1.56878598889353e-80
  4.90894804687500e-03  -1.56945712256219e-80
  4.92106890625000e-03  -1.57012825623084e-80
  4.93318976562500e-03  -1.57079938989950e-80
  4.94531062500000e-03  -1.57147052356815e-80
  4.95743148437500e-03  -1.57214165723681e-80
  4.96955234375000e-03  -1.57281279090546e-80
  4.98167320312500e-03  -1.57348392457412e-80
  4.99379406250000e-03  -1.57415505824277e-80
  5.00591492187500e-03  -1.57482619191143e-80
  5.01803578125000e-03  -1.57549732558009e-80
  5.03015664062500e-03  -1.57616845924874e-80
  5.04227750000000e-03  -1.57683959291740e-80
  5.05439835937500e-03  -1.57751072658605e-80
  5.06651921875000e-03  -1.57818186025471e-80
  5.07864007812500e-03  -1.57885299392336e-80
  5.09076093750000e-03  -1.57952412759202e-80
  5.10288179687500e-03  -1.58019526126067e-80
  5.11500265625000e-03  -1.58086639492933e-80
  5.12712351562500e-03  -1.58153752859798e-80
  5.13924437500000e-03  -1.58220866226664e-80
  5.15136523437500e-03  -1.58287979593529e-80
  5.16348609375000e-03  -1.58355092960395e-80
  5.17560695312500e-03  -1.58422206327261e-80
  5.18772781250000e-03  -1.58489319694126e-80
  5.19984867187500e-03  -1.58556433060992e-80
  5.21196953125000e-03  -1.58623546427857e-80
  5.22409039062500e-03  -1.58690659794723e-80
  5.23621125000000e-03  -1.58757773161588e-80
  5.24833210937500e-03  -1.58824886528454e-80
  5.26045296875000e-03  -1.58891999895319e-80
  5.27257382812500e-03  -1.58959113262185e-80
  5.28469468750000e-03  -1.59026226629050e-80
  5.29681554687500e-03  -1.59093339995916e-80
  5.30893640625000e-03  -1.59160453362782e-80
  5.32105726562500e-03  -1.59227566729647e-80
  5.33317812500000e-03  -1.59294680096513e-80
  5.34529898437500e-03  -1.59361793463378e-80
  5.35741984375000e-03  -1.59428906830244e-80
  5.36954070312500e-03  -1.59496020197109e-80
  5.38166156250000e-03  -1.59563133563975e-80
  5.39378242187500e-03  -1.59630246930840e-80
  5.40590328125000e-03  -1.59697360297706e-80
  5.41802414062500e-03  -1.59764473664571e-80
  5.43014500000000e-03  -1.59831587031437e-80
  5.44226585937500e-03  -1.59898700398302e-80
  5.45438671875000e-03  -1.59965813765168e-80
  5.46650757812500e-03  -1.60032927132034e-80
  5.47862843750000e-03  -1.60100040498899e-80
  5.49074929687500e-03  -1.60167153865765e-80
  5.50287015625000e-03  -1.60234267232630e-80
  5.51499101562500e-03  -1.60301380599496e-80
  5.52711187500000e-03  -1.60368493966361e-80
  5.53923273437500e-03  -1.60435607333227e-80
  5.55135359375000e-03  -1.60502720700092e-80
  5.56347445312500e-03  -1.60569834066958e-80
  5.57559531250000e-03  -1.60636947433823e-80
  5.58771617187500e-03  -1.60704060800689e-80
  5.59983703125000e-03  -1.60771174167554e-80
  5.61195789062500e-03  -1.60838287534420e-80
  5.62407875000000e-03  -1.60905400901286e-80
  5.63619960937500e-03  -1.60972514268151e-80
  5.64832046875000e-03  -1.61039627635017e-80
  5.66044132812500e-03  -1.61106741001882e-80
  5.67256218750000e-03  -1.61173854368748e-80
  5.68468304687500e-03  -1.61240967735613e-80
  5.69680390625000e-03  -1.61308081102479e-80
  5.70892476562500e-03  -1.61375194469344e-80
  5.72104562500000e-03  -1.61442307836210e-80
  5.73316648437500e-03  -1.61509421203075e-80
  5.74528734375000e-03  -1.61576534569941e-80
  5.75740820312500e-03  -1.61643647936806e-80
  5.76952906250000e-03  -1.61710761303672e-80
  5.78164992187500e-03  -1.61777874670538e-80
  5.79377078125000e-03  -1.61844988037403e-80
  5.80589164062500e-03  -1.61912101404269e-80
  5.81801250000000e-03  -1.61979214771134e-80
  5.83013335937500e-03  -1.62046328138000e-80
  5.84225421875000e-03  -1.62113441504865e-80
  5.85437507812500e-03  -1.62180554871731e-80
  5.86649593750000e-03  -1.62247668238596e-80
  5.87861679687500e-03  -1.62314781605462e-80
  5.89073765625000e-03  -1.62381894972327e-80
  5.90285851562500e-03  -1.62449008339193e-80
  5.91497937500000e-03  -1.62516121706059e-80
  5.92710023437500e-03  -1.62583235072924e-80
  5.93922109375000e-03  -1.62650348439790e-80
  5.95134195312500e-03  -1.62717461806655e-80
  5.96346281250000e-03  -1.62784575173521e-80
  5.97558367187500e-03  -1.62851688540386e-80
  5.98770453125000e-03  -1.62918801907252e-80
  5.99982539062500e-03  -1.62985915274117e-80
  6.01194625000000e-03  -1.63053028640983e-80
  6.02406710937500e-03  -1.63120142007848e-80
  6.03618796875000e-03  -1.63187255374714e-80
  6.04830882812500e-03  -1.63254368741579e-80
  6.06042968750000e-03  -1.63321482108445e-80
  6.07255054687500e-03  -1.63388595475311e-80
  6.08467140625000e-03  -1.63455708842176e-80
  6.09679226562500e-03  -1.63522822209042e-80
  6.10891312500000e-03  -1.63589935575907e-80
  6.12103398437500e-03  -1.63657048942773e-80
  6.13315484375000e-03  -1.63724162309638e-80
  6.14527570312500e-03  -1.63791275676504e-80
  6.15739656250000e-03  -1.63858389043369e-80
  6.16951742187500e-03  -1.63925502410235e-80
  6.18163828125000e-03  -1.63992615777100e-80
  6.19375914062500e-03  -1.64059729143966e-80
  6.20588000000000e-03  -1.64126842510831e-80
  6.21800085937500e-03  -1.64134827428518e-80
  6.23012171875000e-03  -1.64142812346205e-80
  6.24224257812500e-03  -1.64150797263891e-80
  6.25436343750000e-03  -1.64158782181578e-80
  6.26648429687500e-03  -1.64166767099264e-80
  6.27860515625000e-03  -1.64174752016951e-80
  6.29072601562500e-03  -1.64182736934638e-80
  6.30284687500000e-03  -1.64190721852324e-80
  6.31496773437500e-03  -1.64198706770011e-80
  6.32708859375000e-03  -1.64206691687698e-80
  6.33920945312500e-03  -1.64214676605384e-80
  6.35133031250000e-03  -1.64222661523071e-80
  6.36345117187500e-03  -1.64230646440757e-80
  6.37557203125000e-03  -1.64238631358444e-80
  6.38769289062500e-03  -1.64246616276131e-80
  6.39981375000000e-03  -1.64254601193817e-80
  6.41193460937500e-03  -1.64262586111504e-80
  6.42405546875000e-03  -1.64270571029190e-80
  6.43617632812500e-03  -1.64278555946877e-80
  6.44829718750000e-03  -1.64286540864564e-80
  6.46041804687500e-03  -1.64294525782250e-80
  6.47253890625000e-03  -1.64302510699937e-80
  6.48465976562500e-03  -1.64310495617623e-80
  6.49678062500000e-03  -1.64318480535310e-80
  6.50890148437500e-03  -1.64326465452997e-80
  6.52102234375000e-03  -1.64334450370683e-80
  6.53314320312500e-03  -1.64342435288370e-80
  6.54526406250000e-03  -1.64350420206056e-80
  6.55738492187500e-03  -1.64358405123743e-80
  6.56950578125000e-03  -1.64366390041430e-80
  6.58162664062500e-03  -1.64374374959116e-80
  6.59374750000000e-03  -1.64382359876803e-80
  6.60586835937500e-03  -1.64390344794489e-80
  6.61798921875000e-03  -1.64398329712176e-80
  6.63011007812500e-03  -1.64406314629863e-80
  6.64223093750000e-03  -1.64414299547549e-80
  6.65435179687500e-03  -1.64422284465236e-80
  6.66647265625000e-03  -1.64430269382922e-80
  6.67859351562500e-03  -1.64438254300609e-80
  6.69071437500000e-03  -1.64446239218296e-80
  6.70283523437500e-03  -1.64454224135982e-80
  6.71495609375000e-03  -1.64462209053669e-80
  6.72707695312500e-03  -1.64470193971355e-80
  6.73919781250000e-03  -1.64478178889042e-80
  6.75131867187500e-03  -1.64486163806729e-80
  6.76343953125000e-03  -1.64494148724415e-80
  6.77556039062500e-03  -1.64502133642102e-80
  6.78768125000000e-03  -1.64510118559788e-80
  6.79980210937500e-03  -1.64518103477475e-80
  6.81192296875000e-03  -1.64526088395162e-80
  6.82404382812500e-03  -1.64534073312848e-80
  6.83616468750000e-03  -1.64542058230535e-80
  6.84828554687500e-03  -1.64550043148221e-80
  6.86040640625000e-03  -1.64558028065908e-80
  6.87252726562500e-03  -1.64566012983595e-80
  6.88464812500000e-03  -1.64573997901281e-80
  6.89676898437500e-03  -1.64581982818968e-80
  6.90888984375000e-03  -1.64589967736654e-80
  6.92101070312500e-03  -1.64597952654341e-80
  6.93313156250000e-03  -1.64605937572028e-80
  6.94525242187500e-03  -1.64613922489714e-80
  6.95737328125000e-03  -1.64621907407401e-80
  6.96949414062500e-03  -1.64629892325087e-80
  6.98161500000000e-03  -1.64637877242774e-80
  6.99373585937500e-03  -1.64645862160461e-80
  7.00585671875000e-03  -1.64653847078147e-80
  7.01797757812500e-03  -1.64661831995834e-80
  7.03009843750000e-03  -1.64669816913521e-80
  7.04221929687500e-03  -1.64677801831207e-80
  7.05434015625000e-03  -1.64685786748894e-80
  7.06646101562500e-03  -1.64693771666580e-80
  7.07858187500000e-03  -1.64701756584267e-80
  7.09070273437500e-03  -1.64709741501954e-80
  7.10282359375000e-03  -1.64717726419640e-80
  7.11494445312500e-03  -1.64725711337327e-80
  7.12706531250000e-03  -1.64733696255013e-80
  7.13918617187500e-03  -1.64741681172700e-80
  7.15130703125000e-03  -1.64749666090387e-80
  7.16342789062500e-03  -1.64757651008073e-80
  7.17554875000000e-03  -1.64765635925760e-80
  7.18766960937500e-03  -1.64773620843446e-80
  7.19979046875000e-03  -1.64781605761133e-80
  7.21191132812500e-03  -1.64789590678820e-80
  7.22403218750000e-03  -1.64797575596506e-80
  7.23615304687500e-03  -1.64805560514193e-80
  7.24827390625000e-03  -1.64813545431879e-80
  7.26039476562500e-03  -1.64821530349566e-80
  7.27251562500000e-03  -1.64829515267253e-80
  7.28463648437500e-03  -1.64837500184939e-80
  7.29675734375000e-03  -1.64845485102626e-80
  7.30887820312500e-03  -1.64853470020312e-80
  7.32099906250000e-03  -1.64861454937999e-80
  7.33311992187500e-03  -1.64869439855686e-80
  7.34524078125000e-03  -1.64877424773372e-80
  7.35736164062500e-03  -1.64885409691059e-80
  7.36948250000000e-03  -1.64893394608745e-80
  7.38160335937500e-03  -1.64901379526432e-80
  7.39372421875000e-03  -1.64909364444119e-80
  7.40584507812500e-03  -1.64917349361805e-80
  7.41796593750000e-03  -1.64925334279492e-80
  7.43008679687500e-03  -1.64933319197178e-80
  7.44220765625000e-03  -1.64941304114865e-80
  7.45432851562500e-03  -1.64949289032552e-80
  7.46644937500000e-03  -1.64957273950238e-80
  7.47857023437500e-03  -1.64965258867925e-80
  7.49069109375000e-03  -1.64973243785611e-80
  7.50281195312500e-03  -1.64981228703298e-80
  7.51493281250000e-03  -1.64989213620985e-80
  7.52705367187500e-03  -1.64997198538671e-80
  7.53917453125000e-03  -1.65005183456358e-80
  7.55129539062500e-03  -1.65013168374044e-80
  7.56341625000000e-03  -1.65021153291731e-80
  7.57553710937500e-03  -1.65029138209418e-80
  7.58765796875000e-03  -1.65037123127104e-80
  7.59977882812500e-03  -1.65045108044791e-80
  7.61189968750000e-03  -1.65053092962477e-80
  7.62402054687500e-03  -1.65061077880164e-80
  7.63614140625000e-03  -1.65069062797851e-80
  7.64826226562500e-03  -1.65077047715537e-80
  7.66038312500000e-03  -1.65085032633224e-80
  7.67250398437500e-03  -1.65093017550910e-80
  7.68462484375000e-03  -1.65101002468597e-80
  7.69674570312500e-03  -1.65108987386284e-80
  7.70886656250000e-03  -1.65116972303970e-80
  7.72098742187500e-03  -1.65124957221657e-80
  7.73310828125000e-03  -1.65132942139343e-80
  7.74522914062500e-03  -1.65140927057030e-80
  7.75735000000000e-03  -1.65148911974717e-80
  7.76947085937500e-03  -1.65149640508057e-80
  7.78159171875000e-03  -1.65150369041397e-80
  7.79371257812500e-03  -1.65151097574738e-80
  7.80583343750000e-03  -1.65151826108078e-80
  7.81795429687500e-03  -1.65152554641418e-80
  7.83007515625000e-03  -1.65153283174758e-80
  7.84219601562500e-03  -1.65154011708099e-80
  7.85431687500000e-03  -1.65154740241439e-80
  7.86643773437500e-03  -1.65155468774779e-80
  7.87855859375000e-03  -1.65156197308120e-80
  7.89067945312500e-03  -1.65156925841460e-80
  7.90280031250000e-03  -1.65157654374800e-80
  7.91492117187500e-03  -1.65158382908140e-80
  7.92704203125000e-03  -1.65159111441481e-80
  7.93916289062500e-03  -1.65159839974821e-80
  7.95128375000000e-03  -1.65160568508161e-80
  7.96340460937500e-03  -1.65161297041502e-80
  7.97552546875000e-03  -1.65162025574842e-80
  7.98764632812500e-03  -1.65162754108182e-80
  7.99976718750000e-03  -1.65163482641523e-80
  8.01188804687500e-03  -1.65164211174863e-80
  8.02400890625000e-03  -1.65164939708203e-80
  8.03612976562500e-03  -1.65165668241543e-80
  8.04825062500000e-03  -1.65166396774884e-80
  8.06037148437500e-03  -1.65167125308224e-80
  8.07249234375000e-03  -1.65167853841564e-80
  8.08461320312500e-03  -1.65168582374905e-80
  8.09673406250000e-03  -1.65169310908245e-80
  8.10885492187500e-03  -1.65170039441585e-80
  8.12097578125000e-03  -1.65170767974925e-80
  8.13309664062500e-03  -1.65171496508266e-80
  8.14521750000000e-03  -1.65172225041606e-80
  8.15733835937500e-03  -1.65172953574946e-80
  8.16945921875000e-03  -1.65173682108287e-80
  8.18158007812500e-03  -1.65174410641627e-80
  8.19370093750000e-03  -1.65175139174967e-80
  8.20582179687500e-03  -1.65175867708308e-80
  8.21794265625000e-03  -1.65176596241648e-80
  8.23006351562500e-03  -1.65177324774988e-80
  8.24218437500000e-03  -1.65178053308328e-80
  8.25430523437500e-03  -1.65178781841669e-80
  8.26642609375000e-03  -1.65179510375009e-80
  8.27854695312500e-03  -1.65180238908349e-80
  8.29066781250000e-03  -1.65180967441690e-80
  8.30278867187500e-03  -1.65181695975030e-80
  8.31490953125000e-03  -1.65182424508370e-80
  8.32703039062500e-03  -1.65183153041710e-80
  8.33915125000000e-03  -1.65183881575051e-80
  8.35127210937500e-03  -1.65184610108391e-80
  8.36339296875000e-03  -1.65185338641731e-80
  8.37551382812500e-03  -1.65186067175072e-80
  8.38763468750000e-03  -1.65186795708412e-80
  8.39975554687500e-03  -1.65187524241752e-80
  8.41187640625000e-03  -1.65188252775092e-80
  8.42399726562500e-03  -1.65188981308433e-80
  8.43611812500000e-03  -1.65189709841773e-80
  8.44823898437500e-03  -1.65190438375113e-80
  8.46035984375000e-03  -1.65191166908454e-80
  8.47248070312500e-03  -1.65191895441794e-80
  8.48460156250000e-03  -1.65192623975134e-80
  8.49672242187500e-03  -1.65193352508475e-80
  8.50884328125000e-03  -1.65194081041815e-80
  8.52096414062500e-03  -1.65194809575155e-80
  8.53308500000000e-03  -1.65195538108495e-80
  8.54520585937500e-03  -1.65192397725972e-80
  8.55732671875000e-03  -1.65189257343448e-80
  8.56944757812500e-03  -1.65186116960924e-80
  8.58156843750000e-03  -1.65182976578401e-80
  8.59368929687500e-03  -1.65179836195877e-80
  8.60581015625000e-03  -1.65176695813353e-80
  8.61793101562500e-03  -1.65173555430830e-80
  8.63005187500000e-03  -1.65170415048306e-80
  8.64217273437500e-03  -1.65167274665782e-80
  8.65429359375000e-03  -1.65164134283259e-80
  8.66641445312500e-03  -1.65160993900735e-80
  8.67853531250000e-03  -1.65157853518211e-80
  8.69065617187500e-03  -1.65154713135688e-80
  8.70277703125000e-03  -1.65151572753164e-80
  8.71489789062500e-03  -1.65148432370640e-80
  8.72701875000000e-03  -1.65145291988117e-80
  8.73913960937500e-03  -1.65142151605593e-80
  8.75126046875000e-03  -1.65139011223069e-80
  8.76338132812500e-03  -1.65135870840546e-80
  8.77550218750000e-03  -1.65132730458022e-80
  8.78762304687500e-03  -1.65129590075498e-80
  8.79974390625000e-03  -1.65126449692975e-80
  8.81186476562500e-03  -1.65123309310451e-80
  8.82398562500000e-03  -1.65120168927927e-80
  8.83610648437500e-03  -1.65117028545404e-80
  8.84822734375000e-03  -1.65113888162880e-80
  8.86034820312500e-03  -1.65110747780356e-80
  8.87246906250000e-03  -1.65107607397833e-80
  8.88458992187500e-03  -1.65104467015309e-80
  8.89671078125000e-03  -1.65101326632785e-80
  8.90883164062500e-03  -1.65098186250262e-80
  8.92095250000000e-03  -1.65095045867738e-80
  8.93307335937500e-03  -1.65091905485214e-80
  8.94519421875000e-03  -1.65088765102691e-80
  8.95731507812500e-03  -1.65085624720167e-80
  8.96943593750000e-03  -1.65082484337643e-80
  8.98155679687500e-03  -1.65079343955120e-80
  8.99367765625000e-03  -1.65076203572596e-80
  9.00579851562500e-03  -1.65073063190072e-80
  9.01791937500000e-03  -1.65069922807549e-80
  9.03004023437500e-03  -1.65066782425025e-80
  9.04216109375000e-03  -1.65063642042501e-80
  9.05428195312500e-03  -1.65060501659978e-80
  9.06640281250000e-03  -1.65057361277454e-80
  9.07852367187500e-03  -1.65054220894930e-80
  9.09064453125000e-03  -1.65051080512407e-80
  9.10276539062500e-03  -1.65047940129883e-80
  9.11488625000000e-03  -1.65044799747359e-80
  9.12700710937500e-03  -1.65041659364836e-80
  9.13912796875000e-03  -1.65038518982312e-80
  9.15124882812500e-03  -1.65035378599788e-80
  9.16336968750000e-03  -1.65032238217265e-80
  9.17549054687500e-03  -1.65029097834741e-80
  9.18761140625000e-03  -1.65025957452217e-80
  9.19973226562500e-03  -1.65022817069694e-80
  9.21185312500000e-03  -1.65019676687170e-80
  9.22397398437500e-03  -1.65016536304646e-80
  9.23609484375000e-03  -1.65013395922123e-80
  9.24821570312500e-03  -1.65010255539599e-80
  9.26033656250000e-03  -1.65007115157076e-80
  9.27245742187500e-03  -1.65003974774552e-80
  9.28457828125000e-03  -1.65000834392028e-80
  9.29669914062500e-03  -1.64997694009505e-80
  9.30882000000000e-03  -1.64994553626981e-80
  9.32094085937500e-03  -1.64977668672845e-80
  9.33306171875000e-03  -1.64960783718710e-80
  9.34518257812500e-03  -1.64943898764574e-80
  9.35730343750000e-03  -1.64927013810439e-80
  9.36942429687500e-03  -1.64910128856303e-80
  9.38154515625000e-03  -1.64893243902167e-80
  9.39366601562500e-03  -1.64876358948032e-80
  9.40578687500000e-03  -1.64859473993896e-80
  9.41790773437500e-03  -1.64842589039761e-80
  9.43002859375000e-03  -1.64825704085625e-80
  9.44214945312500e-03  -1.64808819131489e-80
  9.45427031250000e-03  -1.64791934177354e-80
  9.46639117187500e-03  -1.64775049223218e-80
  9.47851203125000e-03  -1.64758164269083e-80
  9.49063289062500e-03  -1.64741279314947e-80
  9.50275375000000e-03  -1.64724394360812e-80
  9.51487460937500e-03  -1.64707509406676e-80
  9.52699546875000e-03  -1.64690624452540e-80
  9.53911632812500e-03  -1.64673739498405e-80
  9.55123718750000e-03  -1.64656854544269e-80
  9.56335804687500e-03  -1.64639969590134e-80
  9.57547890625000e-03  -1.64623084635998e-80
  9.58759976562500e-03  -1.64606199681862e-80
  9.59972062500000e-03  -1.64589314727727e-80
  9.61184148437500e-03  -1.64572429773591e-80
  9.62396234375000e-03  -1.64555544819456e-80
  9.63608320312500e-03  -1.64538659865320e-80
  9.64820406250000e-03  -1.64521774911185e-80
  9.66032492187500e-03  -1.64504889957049e-80
  9.67244578125000e-03  -1.64488005002913e-80
  9.68456664062500e-03  -1.64471120048778e-80
  9.69668750000000e-03  -1.64454235094642e-80
  9.70880835937500e-03  -1.64393411626668e-80
  9.72092921875000e-03  -1.64332588158695e-80
  9.73305007812500e-03  -1.64271764690721e-80
  9.74517093750000e-03  -1.64210941222747e-80
  9.75729179687500e-03  -1.64150117754773e-80
  9.76941265625000e-03  -1.64089294286799e-80
  9.78153351562500e-03  -1.64028470818825e-80
  9.79365437500000e-03  -1.63967647350852e-80
  9.80577523437500e-03  -1.63906823882878e-80
  9.81789609375000e-03  -1.63846000414904e-80
  9.83001695312500e-03  -1.63785176946930e-80
  9.84213781250000e-03  -1.63724353478956e-80
  9.85425867187500e-03  -1.63663530010983e-80
  9.86637953125000e-03  -1.63602706543009e-80
  9.87850039062500e-03  -1.63541883075035e-80
  9.89062125000000e-03  -1.63481059607061e-80
  9.90274210937500e-03  -1.63330031801445e-80
  9.91486296875000e-03  -1.63179003995829e-80
  9.92698382812500e-03  -1.63027976190213e-80
  9.93910468750000e-03  -1.62876948384597e-80
  9.95122554687500e-03  -1.62725920578981e-80
  9.96334640625000e-03  -1.62574892773365e-80
  9.97546726562500e-03  -1.62423864967749e-80
  9.98758812500000e-03  -1.62272837162133e-80
  9.99970898437500e-03  -1.62121809356518e-80
  1.00118298437500e-02  -1.61970781550902e-80
  1.00239507031250e-02  -1.61819753745286e-80
  1.00360715625000e-02  -1.61668725939670e-80
  1.00481924218750e-02  -1.61517698134054e-80
  1.00603132812500e-02  -1.61366670328438e-80
  1.00724341406250e-02  -1.61215642522822e-80
  1.00845550000000e-02  -1.61064614717206e-80
  1.00966758593750e-02  -1.60723310391835e-80
  1.01087967187500e-02  -1.60382006066464e-80
  1.01209175781250e-02  -1.60040701741093e-80
  1.01330384375000e-02  -1.59699397415722e-80
  1.01451592968750e-02  -1.59358093090352e-80
  1.01572801562500e-02  -1.59016788764981e-80
  1.01694010156250e-02  -1.58675484439610e-80
  1.01815218750000e-02  -1.58334180114239e-80
  1.01936427343750e-02  -1.57992875788868e-80
  1.02057635937500e-02  -1.57651571463497e-80
  1.02178844531250e-02  -1.57310267138126e-80
  1.02300053125000e-02  -1.56968962812755e-80
  1.02421261718750e-02  -1.56627658487385e-80
  1.02542470312500e-02  -1.56286354162014e-80
  1.02663678906250e-02  -1.55945049836643e-80
  1.02784887500000e-02  -1.55603745511272e-80
  1.02906096093750e-02  -1.54940781131830e-80
  1.03027304687500e-02  -1.54277816752389e-80
  1.03148513281250e-02  -1.53614852372947e-80
  1.03269721875000e-02  -1.52951887993506e-80
  1.03390930468750e-02  -1.52288923614064e-80
  1.03512139062500e-02  -1.51625959234622e-80
  1.03633347656250e-02  -1.50962994855181e-80
  1.03754556250000e-02  -1.50300030475739e-80
  1.03875764843750e-02  -1.49084298947979e-80
  1.03996973437500e-02  -1.47868567420218e-80
  1.04118182031250e-02  -1.46652835892458e-80
  1.04239390625000e-02  -1.45437104364697e-80
  1.04360599218750e-02  -1.44221372836936e-80
  1.04481807812500e-02  -1.43005641309176e-80
  1.04603016406250e-02  -1.41789909781415e-80
  1.04724225000000e-02  -1.40574178253655e-80
  1.04845433593750e-02  -1.38087142694809e-80
  1.04966642187500e-02  -1.35600107135963e-80
  1.05087850781250e-02  -1.33113071577118e-80
  1.05209059375000e-02  -1.30626036018272e-80
  1.05330267968750e-02  -1.28139000459426e-80
  1.05451476562500e-02  -1.25651964900581e-80
  1.05572685156250e-02  -1.23164929341735e-80
  1.05693893750000e-02  -1.20677893782889e-80
  1.05815102343750e-02  -1.15878980359357e-80
  1.05936310937500e-02  -1.11080066935826e-80
  1.06057519531250e-02  -1.06281153512295e-80
  1.06178728125000e-02  -1.01482240088763e-80
  1.06299936718750e-02  -9.34508362091898e-81
  1.06421145312500e-02  -8.54194323296174e-81
  1.06542353906250e-02  -7.73880284500438e-81
  1.06663562500000e-02  -6.93566245704707e-81
  1.06784771093750e-02  -5.72085708888868e-81
  1.06905979687500e-02  -4.50605172073040e-81
  1.07027188281250e-02  -2.92509461610296e-81
  1.07148396875000e-02  -1.34413751147570e-81
  1.07269605468750e-02   5.76751098493463e-82
  1.07390814062500e-02   2.49763970846237e-81
  1.07512022656250e-02   4.53851364947450e-81
  1.07633231250000e-02   6.44223848159958e-81
  1.07754439843750e-02   8.00027650285853e-81
  1.07875648437500e-02   9.00691510908357e-81
  1.07996857031250e-02   9.37416031249319e-81
  1.08118065625000e-02   9.18299449892703e-81
  1.08239274218750e-02   8.78517481379338e-81
  1.08360482812500e-02   8.62308601393714e-81
  1.08481691406250e-02   8.50337134279291e-81
  1.08602900000000e-02   8.42697120435651e-81
  1.08724108593750e-02   8.41182278852278e-81
  1.08845317187500e-02   8.43516728340134e-81
  1.08966525781250e-02   8.46019716603992e-81
  1.09087734375000e-02   8.45403493552153e-81
  1.09208942968750e-02   8.41840921310560e-81
  1.09330151562500e-02   8.36951780262358e-81
  1.09451360156250e-02   8.32230333798863e-81
  1.09572568750000e-02   8.28046694199622e-81
  1.09693777343750e-02   8.24284194543077e-81
  1.09814985937500e-02   8.20778583441172e-81
  1.09936194531250e-02   8.17439360631832e-81
  1.10057403125000e-02   8.14200028518123e-81
  1.10178611718750e-02   8.11034582801835e-81
  1.10299820312500e-02   8.07928196338988e-81
  1.10421028906250e-02   8.04872894780213e-81
  1.10542237500000e-02   8.01862790391776e-81
  1.10663446093750e-02   7.98894127588694e-81
  1.10784654687500e-02   7.95963477113498e-81
  1.10905863281250e-02   7.93067781008047e-81
  1.11027071875000e-02   7.90204438532627e-81
  1.11148280468750e-02   7.87385181869985e-81
  1.11269489062500e-02   7.84565925207343e-81
  1.11390697656250e-02   7.81799420681531e-81
  1.11511906250000e-02   7.79032916155718e-81
  1.11633114843750e-02   7.76311516029620e-81
  1.11754323437500e-02   7.73590115903522e-81
  1.11875532031250e-02   7.70907872992650e-81
  1.11996740625000e-02   7.68225630081779e-81
  1.12117949218750e-02   7.65595376186351e-81
  1.12239157812500e-02   7.62965122290923e-81
  1.12360366406250e-02   7.60334868395495e-81
  1.12481575000000e-02   7.57704614500067e-81
  1.12602783593750e-02   7.55138896061093e-81
  1.12723992187500e-02   7.52573177622119e-81
  1.12845200781250e-02   7.50007459183145e-81
  1.12966409375000e-02   7.47441740744171e-81
  1.13087617968750e-02   7.44940902336249e-81
  1.13208826562500e-02   7.42440063928327e-81
  1.13330035156250e-02   7.39939225520405e-81
  1.13451243750000e-02   7.37438387112483e-81
  1.13572452343750e-02   7.35036452316305e-81
  1.13693660937500e-02   7.32634517520127e-81
  1.13814869531250e-02   7.30232582723949e-81
  1.13936078125000e-02   7.27830647927771e-81
  1.14057286718750e-02   7.25428713131593e-81
  1.14178495312500e-02   7.23026778335416e-81
  1.14299703906250e-02   7.20624843539238e-81
  1.14420912500000e-02   7.18222908743060e-81
  1.14542121093750e-02   7.15963754772890e-81
  1.14663329687500e-02   7.13704600802720e-81
  1.14784538281250e-02   7.11445446832550e-81
  1.14905746875000e-02   7.09186292862381e-81
  1.15026955468750e-02   7.06927138892211e-81
  1.15148164062500e-02   7.04667984922041e-81
  1.15269372656250e-02   7.02408830951871e-81
  1.15390581250000e-02   7.00149676981701e-81
  1.15511789843750e-02   6.98048894085781e-81
  1.15632998437500e-02   6.95948111189861e-81
  1.15754207031250e-02   6.93847328293940e-81
  1.15875415625000e-02   6.91746545398020e-81
  1.15996624218750e-02   6.89645762502099e-81
  1.16117832812500e-02   6.87544979606179e-81
  1.16239041406250e-02   6.85444196710258e-81
  1.16360250000000e-02   6.83343413814338e-81
  1.16481458593750e-02   6.81486466106669e-81
  1.16602667187500e-02   6.79629518399001e-81
  1.16723875781250e-02   6.77772570691332e-81
  1.16845084375000e-02   6.75915622983664e-81
  1.16966292968750e-02   6.74058675275995e-81
  1.17087501562500e-02   6.72201727568326e-81
  1.17208710156250e-02   6.70344779860658e-81
  1.17329918750000e-02   6.68487832152989e-81
  1.17451127343750e-02   6.66630884445320e-81
  1.17572335937500e-02   6.64773936737652e-81
  1.17693544531250e-02   6.62916989029983e-81
  1.17814753125000e-02   6.61060041322315e-81
  1.17935961718750e-02   6.59203093614646e-81
  1.18057170312500e-02   6.57346145906978e-81
  1.18178378906250e-02   6.55489198199309e-81
  1.18299587500000e-02   6.53632250491640e-81
  1.18420796093750e-02   6.52097108738058e-81
  1.18542004687500e-02   6.50561966984476e-81
  1.18663213281250e-02   6.49026825230893e-81
  1.18784421875000e-02   6.47491683477311e-81
  1.18905630468750e-02   6.45956541723728e-81
  1.19026839062500e-02   6.44421399970146e-81
  1.19148047656250e-02   6.42886258216564e-81
  1.19269256250000e-02   6.41351116462981e-81
  1.19390464843750e-02   6.39815974709399e-81
  1.19511673437500e-02   6.38280832955817e-81
  1.19632882031250e-02   6.36745691202234e-81
  1.19754090625000e-02   6.35210549448652e-81
  1.19875299218750e-02   6.33675407695070e-81
  1.19996507812500e-02   6.32140265941487e-81
  1.20117716406250e-02   6.30605124187905e-81
  1.20238925000000e-02   6.29069982434323e-81
  1.20360133593750e-02   6.27971758020480e-81
  1.20481342187500e-02   6.26873533606637e-81
  1.20602550781250e-02   6.25775309192794e-81
  1.20723759375000e-02   6.24677084778952e-81
  1.20844967968750e-02   6.23578860365109e-81
  1.20966176562500e-02   6.22480635951266e-81
  1.21087385156250e-02   6.21382411537424e-81
  1.21208593750000e-02   6.20284187123581e-81
  1.21329802343750e-02   6.19185962709738e-81
  1.21451010937500e-02   6.18087738295896e-81
  1.21572219531250e-02   6.16989513882053e-81
  1.21693428125000e-02   6.15891289468210e-81
  1.21814636718750e-02   6.14793065054368e-81
  1.21935845312500e-02   6.13694840640525e-81
  1.22057053906250e-02   6.12596616226682e-81
  1.22178262500000e-02   6.11498391812840e-81
  1.22299471093750e-02   6.10400167398997e-81
  1.22420679687500e-02   6.09301942985154e-81
  1.22541888281250e-02   6.08203718571312e-81
  1.22663096875000e-02   6.07105494157469e-81
  1.22784305468750e-02   6.06007269743626e-81
  1.22905514062500e-02   6.04909045329784e-81
  1.23026722656250e-02   6.03810820915941e-81
  1.23147931250000e-02   6.02712596502098e-81
  1.23269139843750e-02   6.01614372088256e-81
  1.23390348437500e-02   6.00516147674413e-81
  1.23511557031250e-02   5.99417923260570e-81
  1.23632765625000e-02   5.98319698846728e-81
  1.23753974218750e-02   5.97221474432885e-81
  1.23875182812500e-02   5.96123250019042e-81
  1.23996391406250e-02   5.95025025605199e-81
  1.24117600000000e-02   5.93926801191357e-81
  1.24238808593750e-02   5.93416320930481e-81
  1.24360017187500e-02   5.92905840669605e-81
  1.24481225781250e-02   5.92395360408730e-81
  1.24602434375000e-02   5.91884880147854e-81
  1.24723642968750e-02   5.91374399886979e-81
  1.24844851562500e-02   5.90863919626103e-81
  1.24966060156250e-02   5.90353439365227e-81
  1.25087268750000e-02   5.89842959104352e-81
  1.25208477343750e-02   5.89332478843476e-81
  1.25329685937500e-02   5.88821998582600e-81
  1.25450894531250e-02   5.88311518321725e-81
  1.25572103125000e-02   5.87801038060849e-81
  1.25693311718750e-02   5.87290557799973e-81
  1.25814520312500e-02   5.86780077539098e-81
  1.25935728906250e-02   5.86269597278222e-81
  1.26056937500000e-02   5.85759117017346e-81
  1.26178146093750e-02   5.85248636756471e-81
  1.26299354687500e-02   5.84738156495595e-81
  1.26420563281250e-02   5.84227676234719e-81
  1.26541771875000e-02   5.83717195973844e-81
  1.26662980468750e-02   5.83206715712968e-81
  1.26784189062500e-02   5.82696235452093e-81
  1.26905397656250e-02   5.82185755191217e-81
  1.27026606250000e-02   5.81675274930341e-81
  1.27147814843750e-02   5.81164794669466e-81
  1.27269023437500e-02   5.80654314408590e-81
  1.27390232031250e-02   5.80143834147714e-81
  1.27511440625000e-02   5.79633353886839e-81
  1.27632649218750e-02   5.79122873625963e-81
  1.27753857812500e-02   5.78612393365087e-81
  1.27875066406250e-02   5.78101913104212e-81
  1.27996275000000e-02   5.77591432843336e-81
  1.28117483593750e-02   5.77080952582460e-81
  1.28238692187500e-02   5.76570472321585e-81
  1.28359900781250e-02   5.76059992060709e-81
  1.28481109375000e-02   5.75549511799833e-81
  1.28602317968750e-02   5.75039031538958e-81
  1.28723526562500e-02   5.74528551278082e-81
  1.28844735156250e-02   5.74018071017207e-81
  1.28965943750000e-02   5.73507590756331e-81
  1.29087152343750e-02   5.72997110495455e-81
  1.29208360937500e-02   5.72486630234580e-81
  1.29329569531250e-02   5.71976149973704e-81
  1.29450778125000e-02   5.71465669712828e-81
  1.29571986718750e-02   5.70955189451953e-81
  1.29693195312500e-02   5.70444709191077e-81
  1.29814403906250e-02   5.69934228930201e-81
  1.29935612500000e-02   5.69423748669326e-81
  1.30056821093750e-02   5.68913268408450e-81
  1.30178029687500e-02   5.68402788147574e-81
  1.30299238281250e-02   5.67892307886699e-81
  1.30420446875000e-02   5.67381827625823e-81
  1.30541655468750e-02   5.66871347364948e-81
  1.30662864062500e-02   5.66360867104072e-81
  1.30784072656250e-02   5.65850386843196e-81
  1.30905281250000e-02   5.65339906582321e-81
  1.31026489843750e-02   5.64829426321445e-81
  1.31147698437500e-02   5.64318946060569e-81
  1.31268907031250e-02   5.63808465799694e-81
  1.31390115625000e-02   5.63297985538818e-81
  1.31511324218750e-02   5.62787505277942e-81
  1.31632532812500e-02   5.62277025017067e-81
  1.31753741406250e-02   5.61766544756191e-81
  1.31874950000000e-02   5.61256064495315e-81
  1.31996158593750e-02   5.61050712128917e-81
  1.32117367187500e-02   5.60845359762519e-81
  1.32238575781250e-02   5.60640007396121e-81
  1.32359784375000e-02   5.60434655029723e-81
  1.32480992968750e-02   5.60229302663325e-81
  1.32602201562500e-02   5.60023950296927e-81
  1.32723410156250e-02   5.59818597930529e-81
  1.32844618750000e-02   5.59613245564130e-81
  1.32965827343750e-02   5.59407893197732e-81
  1.33087035937500e-02   5.59202540831334e-81
  1.33208244531250e-02   5.58997188464936e-81
  1.33329453125000e-02   5.58791836098538e-81
  1.33450661718750e-02   5.58586483732140e-81
  1.33571870312500e-02   5.58381131365742e-81
  1.33693078906250e-02   5.58175778999343e-81
  1.33814287500000e-02   5.57970426632945e-81
  1.33935496093750e-02   5.57765074266547e-81
  1.34056704687500e-02   5.57559721900149e-81
  1.34177913281250e-02   5.57354369533751e-81
  1.34299121875000e-02   5.57149017167353e-81
  1.34420330468750e-02   5.56943664800955e-81
  1.34541539062500e-02   5.56738312434556e-81
  1.34662747656250e-02   5.56532960068158e-81
  1.34783956250000e-02   5.56327607701760e-81
  1.34905164843750e-02   5.56122255335362e-81
  1.35026373437500e-02   5.55916902968964e-81
  1.35147582031250e-02   5.55711550602566e-81
  1.35268790625000e-02   5.55506198236168e-81
  1.35389999218750e-02   5.55300845869770e-81
  1.35511207812500e-02   5.55095493503371e-81
  1.35632416406250e-02   5.54890141136973e-81
  1.35753625000000e-02   5.54684788770575e-81
  1.35874833593750e-02   5.54479436404177e-81
  1.35996042187500e-02   5.54274084037779e-81
  1.36117250781250e-02   5.54068731671381e-81
  1.36238459375000e-02   5.53863379304983e-81
  1.36359667968750e-02   5.53658026938584e-81
  1.36480876562500e-02   5.53452674572186e-81
  1.36602085156250e-02   5.53247322205788e-81
  1.36723293750000e-02   5.53041969839390e-81
  1.36844502343750e-02   5.52836617472992e-81
  1.36965710937500e-02   5.52631265106594e-81
  1.37086919531250e-02   5.52425912740196e-81
  1.37208128125000e-02   5.52220560373797e-81
  1.37329336718750e-02   5.52015208007399e-81
  1.37450545312500e-02   5.51809855641001e-81
  1.37571753906250e-02   5.51604503274603e-81
  1.37692962500000e-02   5.51399150908205e-81
  1.37814171093750e-02   5.51193798541807e-81
  1.37935379687500e-02   5.50988446175409e-81
  1.38056588281250e-02   5.50783093809011e-81
  1.38177796875000e-02   5.50577741442612e-81
  1.38299005468750e-02   5.50372389076214e-81
  1.38420214062500e-02   5.50167036709816e-81
  1.38541422656250e-02   5.49961684343418e-81
  1.38662631250000e-02   5.49756331977020e-81
  1.38783839843750e-02   5.49550979610622e-81
  1.38905048437500e-02   5.49345627244224e-81
  1.39026257031250e-02   5.49140274877825e-81
  1.39147465625000e-02   5.48934922511427e-81
  1.39268674218750e-02   5.48729570145029e-81
  1.39389882812500e-02   5.48524217778631e-81
  1.39511091406250e-02   5.48318865412233e-81
  1.39632300000000e-02   5.48113513045835e-81
  1.39753508593750e-02   5.48067243354330e-81
  1.39874717187500e-02   5.48020973662825e-81
  1.39995925781250e-02   5.47974703971320e-81
  1.40117134375000e-02   5.47928434279815e-81
  1.40238342968750e-02   5.47882164588310e-81
  1.40359551562500e-02   5.47835894896805e-81
  1.40480760156250e-02   5.47789625205300e-81
  1.40601968750000e-02   5.47743355513795e-81
  1.40723177343750e-02   5.47697085822291e-81
  1.40844385937500e-02   5.47650816130786e-81
  1.40965594531250e-02   5.47604546439281e-81
  1.41086803125000e-02   5.47558276747776e-81
  1.41208011718750e-02   5.47512007056271e-81
  1.41329220312500e-02   5.47465737364766e-81
  1.41450428906250e-02   5.47419467673261e-81
  1.41571637500000e-02   5.47373197981756e-81
  1.41692846093750e-02   5.47326928290251e-81
  1.41814054687500e-02   5.47280658598746e-81
  1.41935263281250e-02   5.47234388907241e-81
  1.42056471875000e-02   5.47188119215737e-81
  1.42177680468750e-02   5.47141849524232e-81
  1.42298889062500e-02   5.47095579832727e-81
  1.42420097656250e-02   5.47049310141222e-81
  1.42541306250000e-02   5.47003040449717e-81
  1.42662514843750e-02   5.46956770758212e-81
  1.42783723437500e-02   5.46910501066707e-81
  1.42904932031250e-02   5.46864231375202e-81
  1.43026140625000e-02   5.46817961683697e-81
  1.43147349218750e-02   5.46771691992192e-81
  1.43268557812500e-02   5.46725422300687e-81
  1.43389766406250e-02   5.46679152609183e-81
  1.43510975000000e-02   5.46632882917678e-81
  1.43632183593750e-02   5.46586613226173e-81
  1.43753392187500e-02   5.46540343534668e-81
  1.43874600781250e-02   5.46494073843163e-81
  1.43995809375000e-02   5.46447804151658e-81
  1.44117017968750e-02   5.46401534460153e-81
  1.44238226562500e-02   5.46355264768648e-81
  1.44359435156250e-02   5.46308995077143e-81
  1.44480643750000e-02   5.46262725385638e-81
  1.44601852343750e-02   5.46216455694133e-81
  1.44723060937500e-02   5.46170186002629e-81
  1.44844269531250e-02   5.46123916311124e-81
  1.44965478125000e-02   5.46077646619619e-81
  1.45086686718750e-02   5.46031376928114e-81
  1.45207895312500e-02   5.45985107236609e-81
  1.45329103906250e-02   5.45938837545104e-81
  1.45450312500000e-02   5.45892567853599e-81
  1.45571521093750e-02   5.45846298162094e-81
  1.45692729687500e-02   5.45800028470589e-81
  1.45813938281250e-02   5.45753758779084e-81
  1.45935146875000e-02   5.45707489087579e-81
  1.46056355468750e-02   5.45661219396074e-81
  1.46177564062500e-02   5.45614949704570e-81
  1.46298772656250e-02   5.45568680013065e-81
  1.46419981250000e-02   5.45522410321560e-81
  1.46541189843750e-02   5.45476140630055e-81
  1.46662398437500e-02   5.45429870938550e-81
  1.46783607031250e-02   5.45383601247045e-81
  1.46904815625000e-02   5.45337331555540e-81
  1.47026024218750e-02   5.45291061864035e-81
  1.47147232812500e-02   5.45244792172530e-81
  1.47268441406250e-02   5.45198522481025e-81
  1.47389650000000e-02   5.45152252789520e-81
  1.47510858593750e-02   5.45105983098015e-81
  1.47632067187500e-02   5.45059713406511e-81
  1.47753275781250e-02   5.45013443715006e-81
  1.47874484375000e-02   5.44967174023501e-81
  1.47995692968750e-02   5.44920904331996e-81
  1.48116901562500e-02   5.44874634640491e-81
  1.48238110156250e-02   5.44828364948986e-81
  1.48359318750000e-02   5.44782095257481e-81
  1.48480527343750e-02   5.44735825565976e-81
  1.48601735937500e-02   5.44689555874471e-81
  1.48722944531250e-02   5.44643286182966e-81
  1.48844153125000e-02   5.44597016491461e-81
  1.48965361718750e-02   5.44550746799957e-81
  1.49086570312500e-02   5.44504477108452e-81
  1.49207778906250e-02   5.44458207416947e-81
  1.49328987500000e-02   5.44411937725442e-81
  1.49450196093750e-02   5.44365668033937e-81
  1.49571404687500e-02   5.44319398342432e-81
  1.49692613281250e-02   5.44273128650927e-81
  1.49813821875000e-02   5.44226858959422e-81
  1.49935030468750e-02   5.44180589267917e-81
  1.50056239062500e-02   5.44134319576412e-81
  1.50177447656250e-02   5.44088049884907e-81
  1.50298656250000e-02   5.44041780193403e-81
  1.50419864843750e-02   5.43995510501898e-81
  1.50541073437500e-02   5.43949240810393e-81
  1.50662282031250e-02   5.43902971118888e-81
  1.50783490625000e-02   5.43856701427383e-81
  1.50904699218750e-02   5.43810431735878e-81
  1.51025907812500e-02   5.43764162044373e-81
  1.51147116406250e-02   5.43717892352868e-81
  1.51268325000000e-02   5.43671622661363e-81
  1.51389533593750e-02   5.43625352969858e-81
  1.51510742187500e-02   5.43579083278353e-81
  1.51631950781250e-02   5.43532813586849e-81
  1.51753159375000e-02   5.43486543895344e-81
  1.51874367968750e-02   5.43440274203839e-81
  1.51995576562500e-02   5.43394004512334e-81
  1.52116785156250e-02   5.43347734820829e-81
  1.52237993750000e-02   5.43301465129324e-81
  1.52359202343750e-02   5.43255195437819e-81
  1.52480410937500e-02   5.43208925746314e-81
  1.52601619531250e-02   5.43162656054809e-81
  1.52722828125000e-02   5.43116386363304e-81
  1.52844036718750e-02   5.43070116671799e-81
  1.52965245312500e-02   5.43023846980295e-81
  1.53086453906250e-02   5.42977577288790e-81
  1.53207662500000e-02   5.42931307597285e-81
  1.53328871093750e-02   5.42885037905780e-81
  1.53450079687500e-02   5.42838768214275e-81
  1.53571288281250e-02   5.42792498522770e-81
  1.53692496875000e-02   5.42746228831265e-81
  1.53813705468750e-02   5.42699959139760e-81
  1.53934914062500e-02   5.42653689448255e-81
  1.54056122656250e-02   5.42607419756750e-81
  1.54177331250000e-02   5.42561150065245e-81
  1.54298539843750e-02   5.42514880373740e-81
  1.54419748437500e-02   5.42468610682236e-81
  1.54540957031250e-02   5.42422340990731e-81
  1.54662165625000e-02   5.42376071299226e-81
  1.54783374218750e-02   5.42329801607721e-81
  1.54904582812500e-02   5.42283531916216e-81
  1.55025791406250e-02   5.42237262224711e-81
  1.55147000000000e-02   5.42190992533206e-81
