  1.21208593750000e-05   1.47630870548184e-16
  2.42417187500000e-05   1.47051846646986e-16
  3.63625781250000e-05   1.46472822745789e-16
  4.84834375000000e-05   1.45893798844591e-16
  6.06042968750000e-05   1.45314774943394e-16
  7.27251562500000e-05   1.44735751042197e-16
  8.48460156250000e-05   1.44156727140999e-16
  9.69668750000000e-05   1.43577703239802e-16
  1.09087734375000e-04   1.42998679338604e-16
  1.21208593750000e-04   1.42419655437407e-16
  1.33329453125000e-04   1.41840631536209e-16
  1.45450312500000e-04   1.41261607635012e-16
  1.57571171875000e-04   1.40682583733815e-16
  1.69692031250000e-04   1.40103559832617e-16
  1.81812890625000e-04   1.39524535931420e-16
  1.93933750000000e-04   1.38945512030222e-16
  2.06054609375000e-04   1.38366488129025e-16
  2.18175468750000e-04   1.37787464227828e-16
  2.30296328125000e-04   1.37208440326630e-16
  2.42417187500000e-04   1.36629416425433e-16
  2.54538046875000e-04   1.36050392524235e-16
  2.66658906250000e-04   1.35471368623038e-16
  2.78779765625000e-04   1.34892344721840e-16
  2.90900625000000e-04   1.34313320820643e-16
  3.03021484375000e-04   1.33734296919446e-16
  3.15142343750000e-04   1.33155273018248e-16
  3.27263203125000e-04   1.32576249117051e-16
  3.39384062500000e-04   1.31997225215853e-16
  3.51504921875000e-04   1.31418201314656e-16
  3.63625781250000e-04   1.30839177413458e-16
  3.75746640625000e-04   1.30260153512261e-16
  3.87867500000000e-04   1.29681129611064e-16
  3.99988359375000e-04   1.29102105709866e-16
  4.12109218750000e-04   1.28523081808669e-16
  4.24230078125000e-04   1.27944057907471e-16
  4.36350937500000e-04   1.27365034006274e-16
  4.48471796875000e-04   1.26786010105076e-16
  4.60592656250000e-04   1.26206986203879e-16
  4.72713515625000e-04   1.25627962302682e-16
  4.84834375000000e-04   1.25048938401484e-16
  4.96955234375000e-04   1.24469914500287e-16
  5.09076093750000e-04   1.23890890599089e-16
  5.21196953125000e-04   1.23311866697892e-16
  5.33317812500000e-04   1.22732842796695e-16
  5.45438671875000e-04   1.22153818895497e-16
  5.57559531250000e-04   1.21574794994300e-16
  5.69680390625000e-04   1.20995771093102e-16
  5.81801250000000e-04   1.20416747191905e-16
  5.93922109375000e-04   1.19837723290707e-16
  6.06042968750000e-04   1.19258699389510e-16
  6.18163828125000e-04   1.18679675488313e-16
  6.30284687500000e-04   1.18100651587115e-16
  6.42405546875000e-04   1.17521627685918e-16
  6.54526406250000e-04   1.16942603784720e-16
  6.66647265625000e-04   1.16363579883523e-16
  6.78768125000000e-04   1.15784555982325e-16
  6.90888984375000e-04   1.15205532081128e-16
  7.03009843750000e-04   1.14626508179931e-16
  7.15130703125000e-04   1.14047484278733e-16
  7.27251562500000e-04   1.13468460377536e-16
  7.39372421875000e-04   1.12889436476338e-16
  7.51493281250000e-04   1.12310412575141e-16
  7.63614140625000e-04   1.11731388673943e-16
  7.75735000000000e-04   1.11152364772746e-16
  7.87855859375000e-04   1.10573340871549e-16
  7.99976718750000e-04   1.09994316970351e-16
  8.12097578125000e-04   1.09415293069154e-16
  8.24218437500000e-04   1.08836269167956e-16
  8.36339296875000e-04   1.08257245266759e-16
  8.48460156250000e-04   1.07678221365562e-16
  8.60581015625000e-04   1.07099197464364e-16
  8.72701875000000e-04   1.06520173563167e-16
  8.84822734375000e-04   1.05941149661969e-16
  8.96943593750000e-04   1.05362125760772e-16
  9.09064453125000e-04   1.04783101859574e-16
  9.21185312500000e-04   1.04204077958377e-16
  9.33306171875000e-04   1.03625054057180e-16
  9.45427031250000e-04   1.03046030155982e-16
  9.57547890625000e-04   1.02467006254785e-16
  9.69668750000000e-04   1.01887982353587e-16
  9.81789609375000e-04   1.01308958452390e-16
  9.93910468750000e-04   1.00729934551192e-16
  1.00603132812500e-03   1.00150910649995e-16
  1.01815218750000e-03   9.95718867487976e-17
  1.03027304687500e-03   9.89928628476002e-17
  1.04239390625000e-03   9.84138389464028e-17
  1.05451476562500e-03   9.78348150452053e-17
  1.06663562500000e-03   9.72557911440079e-17
  1.07875648437500e-03   9.66767672428105e-17
  1.09087734375000e-03   9.60977433416131e-17
  1.10299820312500e-03   9.55187194404157e-17
  1.11511906250000e-03   9.49396955392182e-17
  1.12723992187500e-03   9.43606716380208e-17
  1.13936078125000e-03   9.37816477368234e-17
  1.15148164062500e-03   9.32026238356260e-17
  1.16360250000000e-03   9.26235999344285e-17
  1.17572335937500e-03   9.20445760332311e-17
  1.18784421875000e-03   9.14655521320337e-17
  1.19996507812500e-03   9.08865282308363e-17
  1.21208593750000e-03   9.03075043296389e-17
  1.22420679687500e-03   8.97284804284414e-17
  1.23632765625000e-03   8.91494565272440e-17
  1.24844851562500e-03   8.85704326260466e-17
  1.26056937500000e-03   8.79914087248492e-17
  1.27269023437500e-03   8.74123848236517e-17
  1.28481109375000e-03   8.68333609224543e-17
  1.29693195312500e-03   8.62543370212569e-17
  1.30905281250000e-03   8.56753131200595e-17
  1.32117367187500e-03   8.50962892188620e-17
  1.33329453125000e-03   8.45172653176646e-17
  1.34541539062500e-03   8.39382414164672e-17
  1.35753625000000e-03   8.33592175152698e-17
  1.36965710937500e-03   8.27801936140724e-17
  1.38177796875000e-03   8.22011697128749e-17
  1.39389882812500e-03   8.16221458116775e-17
  1.40601968750000e-03   8.10431219104801e-17
  1.41814054687500e-03   8.04640980092827e-17
  1.43026140625000e-03   7.98850741080852e-17
  1.44238226562500e-03   7.93060502068878e-17
  1.45450312500000e-03   7.87270263056904e-17
  1.46662398437500e-03   7.81480024044930e-17
  1.47874484375000e-03   7.75689785032956e-17
  1.49086570312500e-03   7.69899546020981e-17
  1.50298656250000e-03   7.64109307009007e-17
  1.51510742187500e-03   7.58319067997033e-17
  1.52722828125000e-03   7.52528828985059e-17
  1.53934914062500e-03   7.46738589973084e-17
  1.55147000000000e-03   7.40948350961110e-17
  1.56359085937500e-03   7.35158111949136e-17
  1.57571171875000e-03   7.29367872937162e-17
  1.58783257812500e-03   7.23577633925187e-17
  1.59995343750000e-03   7.17787394913213e-17
  1.61207429687500e-03   7.11997155901239e-17
  1.62419515625000e-03   7.06206916889265e-17
  1.63631601562500e-03   7.00416677877291e-17
  1.64843687500000e-03   6.94626438865316e-17
  1.66055773437500e-03   6.88836199853342e-17
  1.67267859375000e-03   6.83045960841368e-17
  1.68479945312500e-03   6.77255721829394e-17
  1.69692031250000e-03   6.71465482817420e-17
  1.70904117187500e-03   6.65675243805445e-17
  1.72116203125000e-03   6.59885004793471e-17
  1.73328289062500e-03   6.54094765781497e-17
  1.74540375000000e-03   6.48304526769523e-17
  1.75752460937500e-03   6.42514287757548e-17
  1.76964546875000e-03   6.36724048745574e-17
  1.78176632812500e-03   6.30933809733600e-17
  1.79388718750000e-03   6.25143570721626e-17
  1.80600804687500e-03   6.19353331709651e-17
  1.81812890625000e-03   6.13563092697677e-17
  1.83024976562500e-03   6.07772853685703e-17
  1.84237062500000e-03   6.01982614673729e-17
  1.85449148437500e-03   5.96192375661754e-17
  1.86661234375000e-03   5.90402136649780e-17
  1.87873320312500e-03   5.84611897637806e-17
  1.89085406250000e-03   5.78821658625832e-17
  1.90297492187500e-03   5.73031419613858e-17
  1.91509578125000e-03   5.67241180601883e-17
  1.92721664062500e-03   5.61450941589909e-17
  1.93933750000000e-03   5.55660702577935e-17
  1.95145835937500e-03   5.49870463565961e-17
  1.96357921875000e-03   5.44080224553986e-17
  1.97570007812500e-03   5.38289985542012e-17
  1.98782093750000e-03   5.32499746530038e-17
  1.99994179687500e-03   5.26709507518064e-17
  2.01206265625000e-03   5.20919268506090e-17
  2.02418351562500e-03   5.15129029494115e-17
  2.03630437500000e-03   5.09338790482141e-17
  2.04842523437500e-03   5.03548551470167e-17
  2.06054609375000e-03   4.97758312458193e-17
  2.07266695312500e-03   4.91968073446218e-17
  2.08478781250000e-03   4.86177834434244e-17
  2.09690867187500e-03   4.80387595422270e-17
  2.10902953125000e-03   4.74597356410296e-17
  2.12115039062500e-03   4.68807117398322e-17
  2.13327125000000e-03   4.63016878386347e-17
  2.14539210937500e-03   4.57226639374373e-17
  2.15751296875000e-03   4.51436400362399e-17
  2.16963382812500e-03   4.45646161350425e-17
  2.18175468750000e-03   4.39855922338450e-17
  2.19387554687500e-03   4.34065683326476e-17
  2.20599640625000e-03   4.28275444314502e-17
  2.21811726562500e-03   4.22485205302528e-17
  2.23023812500000e-03   4.16694966290553e-17
  2.24235898437500e-03   4.10904727278579e-17
  2.25447984375000e-03   4.05114488266605e-17
  2.26660070312500e-03   3.99324249254631e-17
  2.27872156250000e-03   3.93534010242657e-17
  2.29084242187500e-03   3.87743771230682e-17
  2.30296328125000e-03   3.81953532218708e-17
  2.31508414062500e-03   3.76163293206734e-17
  2.32720500000000e-03   3.70373054194760e-17
  2.33932585937500e-03   3.64582815182785e-17
  2.35144671875000e-03   3.58792576170811e-17
  2.36356757812500e-03   3.53002337158837e-17
  2.37568843750000e-03   3.47212098146863e-17
  2.38780929687500e-03   3.41421859134889e-17
  2.39993015625000e-03   3.35631620122914e-17
  2.41205101562500e-03   3.29841381110940e-17
  2.42417187500000e-03   3.24051142098966e-17
  2.43629273437500e-03   3.18260903086992e-17
  2.44841359375000e-03   3.12470664075017e-17
  2.46053445312500e-03   3.06680425063043e-17
  2.47265531250000e-03   3.00890186051069e-17
  2.48477617187500e-03   2.95099947039095e-17
  2.49689703125000e-03   2.89309708027121e-17
  2.50901789062500e-03   2.83519469015146e-17
  2.52113875000000e-03   2.77729230003172e-17
  2.53325960937500e-03   2.71938990991198e-17
  2.54538046875000e-03   2.66148751979224e-17
  2.55750132812500e-03   2.60358512967249e-17
  2.56962218750000e-03   2.54568273955275e-17
  2.58174304687500e-03   2.48778034943301e-17
  2.59386390625000e-03   2.42987795931327e-17
  2.60598476562500e-03   2.37197556919352e-17
  2.61810562500000e-03   2.31407317907378e-17
  2.63022648437500e-03   2.25617078895404e-17
  2.64234734375000e-03   2.19826839883430e-17
  2.65446820312500e-03   2.14036600871455e-17
  2.66658906250000e-03   2.08246361859481e-17
  2.67870992187500e-03   2.02456122847507e-17
  2.69083078125000e-03   1.96665883835533e-17
  2.70295164062500e-03   1.90875644823559e-17
  2.71507250000000e-03   1.85085405811584e-17
  2.72719335937500e-03   1.79295166799610e-17
  2.73931421875000e-03   1.73504927787636e-17
  2.75143507812500e-03   1.67714688775662e-17
  2.76355593750000e-03   1.61924449763687e-17
  2.77567679687500e-03   1.56134210751713e-17
  2.78779765625000e-03   1.50343971739739e-17
  2.79991851562500e-03   1.44553732727765e-17
  2.81203937500000e-03   1.38763493715791e-17
  2.82416023437500e-03   1.32973254703816e-17
  2.83628109375000e-03   1.27183015691842e-17
  2.84840195312500e-03   1.21392776679868e-17
  2.86052281250000e-03   1.15602537667894e-17
  2.87264367187500e-03   1.09812298655919e-17
  2.88476453125000e-03   1.04022059643945e-17
  2.89688539062500e-03   9.82318206319709e-18
  2.90900625000000e-03   9.24415816199967e-18
  2.92112710937500e-03   8.66513426080225e-18
  2.93324796875000e-03   8.08611035960483e-18
  2.94536882812500e-03   7.50708645840740e-18
  2.95748968750000e-03   6.92806255720998e-18
  2.96961054687500e-03   6.34903865601256e-18
  2.98173140625000e-03   5.77001475481514e-18
  2.99385226562500e-03   5.19099085361771e-18
  3.00597312500000e-03   4.61196695242029e-18
  3.01809398437500e-03   4.03294305122287e-18
  3.03021484375000e-03   3.45391915002545e-18
  3.04233570312500e-03   2.87489524882802e-18
  3.05445656250000e-03   2.29587134763060e-18
  3.06657742187500e-03   1.71684744643318e-18
  3.07869828125000e-03   1.13782354523576e-18
  3.09081914062500e-03   5.58799644038334e-19
  3.10294000000000e-03  -2.02242571590885e-20
  3.11506085937500e-03  -2.03621150538543e-20
  3.12718171875000e-03  -2.04999729486112e-20
  3.13930257812500e-03  -2.06378308433681e-20
  3.15142343750000e-03  -2.07756887381250e-20
  3.16354429687500e-03  -2.09135466328818e-20
  3.17566515625000e-03  -2.10514045276387e-20
  3.18778601562500e-03  -2.11892624223956e-20
  3.19990687500000e-03  -2.13271203171525e-20
  3.21202773437500e-03  -2.14649782119094e-20
  3.22414859375000e-03  -2.16028361066663e-20
  3.23626945312500e-03  -2.17406940014232e-20
  3.24839031250000e-03  -2.18785518961800e-20
  3.26051117187500e-03  -2.20164097909369e-20
  3.27263203125000e-03  -2.21542676856938e-20
  3.28475289062500e-03  -2.22921255804507e-20
  3.29687375000000e-03  -2.24299834752076e-20
  3.30899460937500e-03  -2.25678413699645e-20
  3.32111546875000e-03  -2.27056992647214e-20
  3.33323632812500e-03  -2.28435571594782e-20
  3.34535718750000e-03  -2.29814150542351e-20
  3.35747804687500e-03  -2.31192729489920e-20
  3.36959890625000e-03  -2.32571308437489e-20
  3.38171976562500e-03  -2.33949887385058e-20
  3.39384062500000e-03  -2.35328466332627e-20
  3.40596148437500e-03  -2.36707045280196e-20
  3.41808234375000e-03  -2.38085624227764e-20
  3.43020320312500e-03  -2.39464203175333e-20
  3.44232406250000e-03  -2.40842782122902e-20
  3.45444492187500e-03  -2.42221361070471e-20
  3.46656578125000e-03  -2.43599940018040e-20
  3.47868664062500e-03  -2.44978518965609e-20
  3.49080750000000e-03  -2.46357097913178e-20
  3.50292835937500e-03  -2.47735676860746e-20
  3.51504921875000e-03  -2.49114255808315e-20
  3.52717007812500e-03  -2.50492834755884e-20
  3.53929093750000e-03  -2.51871413703453e-20
  3.55141179687500e-03  -2.53249992651022e-20
  3.56353265625000e-03  -2.54628571598591e-20
  3.57565351562500e-03  -2.56007150546160e-20
  3.58777437500000e-03  -2.57385729493728e-20
  3.59989523437500e-03  -2.58764308441297e-20
  3.61201609375000e-03  -2.60142887388866e-20
  3.62413695312500e-03  -2.61521466336435e-20
  3.63625781250000e-03  -2.62900045284004e-20
  3.64837867187500e-03  -2.64278624231573e-20
  3.66049953125000e-03  -2.65657203179142e-20
  3.67262039062500e-03  -2.67035782126711e-20
  3.68474125000000e-03  -2.68414361074279e-20
  3.69686210937500e-03  -2.69792940021848e-20
  3.70898296875000e-03  -2.71171518969417e-20
  3.72110382812500e-03  -2.72550097916986e-20
  3.73322468750000e-03  -2.73928676864555e-20
  3.74534554687500e-03  -2.75307255812124e-20
  3.75746640625000e-03  -2.76685834759693e-20
  3.76958726562500e-03  -2.78064413707261e-20
  3.78170812500000e-03  -2.79442992654830e-20
  3.79382898437500e-03  -2.80821571602399e-20
  3.80594984375000e-03  -2.82200150549968e-20
  3.81807070312500e-03  -2.83578729497537e-20
  3.83019156250000e-03  -2.84957308445106e-20
  3.84231242187500e-03  -2.86335887392675e-20
  3.85443328125000e-03  -2.87714466340243e-20
  3.86655414062500e-03  -2.89093045287812e-20
  3.87867500000000e-03  -2.90471624235381e-20
  3.89079585937500e-03  -2.91850203182950e-20
  3.90291671875000e-03  -2.93228782130519e-20
  3.91503757812500e-03  -2.94607361078088e-20
  3.92715843750000e-03  -2.95985940025657e-20
  3.93927929687500e-03  -2.97364518973225e-20
  3.95140015625000e-03  -2.98743097920794e-20
  3.96352101562500e-03  -3.00121676868363e-20
  3.97564187500000e-03  -3.01500255815932e-20
  3.98776273437500e-03  -3.02878834763501e-20
  3.99988359375000e-03  -3.04257413711070e-20
  4.01200445312500e-03  -3.05635992658639e-20
  4.02412531250000e-03  -3.07014571606207e-20
  4.03624617187500e-03  -3.08393150553776e-20
  4.04836703125000e-03  -3.09771729501345e-20
  4.06048789062500e-03  -3.11150308448914e-20
  4.07260875000000e-03  -3.12528887396483e-20
  4.08472960937500e-03  -3.13907466344052e-20
  4.09685046875000e-03  -3.15286045291621e-20
  4.10897132812500e-03  -3.16664624239190e-20
  4.12109218750000e-03  -3.18043203186758e-20
  4.13321304687500e-03  -3.19421782134327e-20
  4.14533390625000e-03  -3.20800361081896e-20
  4.15745476562500e-03  -3.22178940029465e-20
  4.16957562500000e-03  -3.23557518977034e-20
  4.18169648437500e-03  -3.24936097924603e-20
  4.19381734375000e-03  -3.26314676872171e-20
  4.20593820312500e-03  -3.27693255819740e-20
  4.21805906250000e-03  -3.29071834767309e-20
  4.23017992187500e-03  -3.30450413714878e-20
  4.24230078125000e-03  -3.31828992662447e-20
  4.25442164062500e-03  -3.33207571610016e-20
  4.26654250000000e-03  -3.34586150557585e-20
  4.27866335937500e-03  -3.35964729505154e-20
  4.29078421875000e-03  -3.37343308452722e-20
  4.30290507812500e-03  -3.38721887400291e-20
  4.31502593750000e-03  -3.40100466347860e-20
  4.32714679687500e-03  -3.41479045295429e-20
  4.33926765625000e-03  -3.42857624242998e-20
  4.35138851562500e-03  -3.44236203190567e-20
  4.36350937500000e-03  -3.45614782138136e-20
  4.37563023437500e-03  -3.46993361085704e-20
  4.38775109375000e-03  -3.48371940033273e-20
  4.39987195312500e-03  -3.49750518980842e-20
  4.41199281250000e-03  -3.51129097928411e-20
  4.42411367187500e-03  -3.52507676875980e-20
  4.43623453125000e-03  -3.53886255823549e-20
  4.44835539062500e-03  -3.55264834771118e-20
  4.46047625000000e-03  -3.56643413718686e-20
  4.47259710937500e-03  -3.58021992666255e-20
  4.48471796875000e-03  -3.59400571613824e-20
  4.49683882812500e-03  -3.60779150561393e-20
  4.50895968750000e-03  -3.62157729508962e-20
  4.52108054687500e-03  -3.63536308456531e-20
  4.53320140625000e-03  -3.64914887404100e-20
  4.54532226562500e-03  -3.66293466351668e-20
  4.55744312500000e-03  -3.67672045299237e-20
  4.56956398437500e-03  -3.69050624246806e-20
  4.58168484375000e-03  -3.70429203194375e-20
  4.59380570312500e-03  -3.71807782141944e-20
  4.60592656250000e-03  -3.73186361089513e-20
  4.61804742187500e-03  -3.74564940037082e-20
  4.63016828125000e-03  -3.75943518984650e-20
  4.64228914062500e-03  -3.77322097932219e-20
  4.65441000000000e-03  -3.78700676879788e-20
  4.66653085937500e-03  -3.80079255827357e-20
  4.67865171875000e-03  -3.81457834774926e-20
  4.69077257812500e-03  -3.82836413722495e-20
  4.70289343750000e-03  -3.84214992670064e-20
  4.71501429687500e-03  -3.85593571617632e-20
  4.72713515625000e-03  -3.86972150565201e-20
  4.73925601562500e-03  -3.88350729512770e-20
  4.75137687500000e-03  -3.89729308460339e-20
  4.76349773437500e-03  -3.91107887407908e-20
  4.77561859375000e-03  -3.92486466355477e-20
  4.78773945312500e-03  -3.93865045303046e-20
  4.79986031250000e-03  -3.95243624250615e-20
  4.81198117187500e-03  -3.96622203198183e-20
  4.82410203125000e-03  -3.98000782145752e-20
  4.83622289062500e-03  -3.99379361093321e-20
  4.84834375000000e-03  -4.00757940040890e-20
  4.86046460937500e-03  -4.02136518988459e-20
  4.87258546875000e-03  -4.03515097936028e-20
  4.88470632812500e-03  -4.04893676883597e-20
  4.89682718750000e-03  -4.06272255831165e-20
  4.90894804687500e-03  -4.07650834778734e-20
  4.92106890625000e-03  -4.09029413726303e-20
  4.93318976562500e-03  -4.10407992673872e-20
  4.94531062500000e-03  -4.11786571621441e-20
  4.95743148437500e-03  -4.13165150569010e-20
  4.96955234375000e-03  -4.14543729516579e-20
  4.98167320312500e-03  -4.15922308464147e-20
  4.99379406250000e-03  -4.17300887411716e-20
  5.00591492187500e-03  -4.18679466359285e-20
  5.01803578125000e-03  -4.20058045306854e-20
  5.03015664062500e-03  -4.21436624254423e-20
  5.04227750000000e-03  -4.22815203201992e-20
  5.05439835937500e-03  -4.24193782149561e-20
  5.06651921875000e-03  -4.25572361097129e-20
  5.07864007812500e-03  -4.26950940044698e-20
  5.09076093750000e-03  -4.28329518992267e-20
  5.10288179687500e-03  -4.29708097939836e-20
  5.11500265625000e-03  -4.31086676887405e-20
  5.12712351562500e-03  -4.32465255834974e-20
  5.13924437500000e-03  -4.33843834782543e-20
  5.15136523437500e-03  -4.35222413730111e-20
  5.16348609375000e-03  -4.36600992677680e-20
  5.17560695312500e-03  -4.37979571625249e-20
  5.18772781250000e-03  -4.39358150572818e-20
  5.19984867187500e-03  -4.40736729520387e-20
  5.21196953125000e-03  -4.42115308467956e-20
  5.22409039062500e-03  -4.43493887415525e-20
  5.23621125000000e-03  -4.44872466363094e-20
  5.24833210937500e-03  -4.46251045310662e-20
  5.26045296875000e-03  -4.47629624258231e-20
  5.27257382812500e-03  -4.49008203205800e-20
  5.28469468750000e-03  -4.50386782153369e-20
  5.29681554687500e-03  -4.51765361100938e-20
  5.30893640625000e-03  -4.53143940048507e-20
  5.32105726562500e-03  -4.54522518996076e-20
  5.33317812500000e-03  -4.55901097943644e-20
  5.34529898437500e-03  -4.57279676891213e-20
  5.35741984375000e-03  -4.58658255838782e-20
  5.36954070312500e-03  -4.60036834786351e-20
  5.38166156250000e-03  -4.61415413733920e-20
  5.39378242187500e-03  -4.62793992681489e-20
  5.40590328125000e-03  -4.64172571629058e-20
  5.41802414062500e-03  -4.65551150576626e-20
  5.43014500000000e-03  -4.66929729524195e-20
  5.44226585937500e-03  -4.68308308471764e-20
  5.45438671875000e-03  -4.69686887419333e-20
  5.46650757812500e-03  -4.71065466366902e-20
  5.47862843750000e-03  -4.72444045314471e-20
  5.49074929687500e-03  -4.73822624262040e-20
  5.50287015625000e-03  -4.75201203209608e-20
  5.51499101562500e-03  -4.76579782157177e-20
  5.52711187500000e-03  -4.77958361104746e-20
  5.53923273437500e-03  -4.79336940052315e-20
  5.55135359375000e-03  -4.80715518999884e-20
  5.56347445312500e-03  -4.82094097947453e-20
  5.57559531250000e-03  -4.83472676895022e-20
  5.58771617187500e-03  -4.84851255842590e-20
  5.59983703125000e-03  -4.86229834790159e-20
  5.61195789062500e-03  -4.87608413737728e-20
  5.62407875000000e-03  -4.88986992685297e-20
  5.63619960937500e-03  -4.90365571632866e-20
  5.64832046875000e-03  -4.91744150580435e-20
  5.66044132812500e-03  -4.93122729528004e-20
  5.67256218750000e-03  -4.94501308475573e-20
  5.68468304687500e-03  -4.95879887423141e-20
  5.69680390625000e-03  -4.97258466370710e-20
  5.70892476562500e-03  -4.98637045318279e-20
  5.72104562500000e-03  -5.00015624265848e-20
  5.73316648437500e-03  -5.01394203213417e-20
  5.74528734375000e-03  -5.02772782160986e-20
  5.75740820312500e-03  -5.04151361108554e-20
  5.76952906250000e-03  -5.05529940056123e-20
  5.78164992187500e-03  -5.06908519003692e-20
  5.79377078125000e-03  -5.08287097951261e-20
  5.80589164062500e-03  -5.09665676898830e-20
  5.81801250000000e-03  -5.11044255846399e-20
  5.83013335937500e-03  -5.12422834793968e-20
  5.84225421875000e-03  -5.13801413741537e-20
  5.85437507812500e-03  -5.15179992689105e-20
  5.86649593750000e-03  -5.16558571636674e-20
  5.87861679687500e-03  -5.17937150584243e-20
  5.89073765625000e-03  -5.19315729531812e-20
  5.90285851562500e-03  -5.20694308479381e-20
  5.91497937500000e-03  -5.22072887426950e-20
  5.92710023437500e-03  -5.23451466374519e-20
  5.93922109375000e-03  -5.24830045322087e-20
  5.95134195312500e-03  -5.26208624269656e-20
  5.96346281250000e-03  -5.27587203217225e-20
  5.97558367187500e-03  -5.28965782164794e-20
  5.98770453125000e-03  -5.30344361112363e-20
  5.99982539062500e-03  -5.31722940059932e-20
  6.01194625000000e-03  -5.33101519007501e-20
  6.02406710937500e-03  -5.34480097955069e-20
  6.03618796875000e-03  -5.35858676902638e-20
  6.04830882812500e-03  -5.37237255850207e-20
  6.06042968750000e-03  -5.38615834797776e-20
  6.07255054687500e-03  -5.39994413745345e-20
  6.08467140625000e-03  -5.41372992692914e-20
  6.09679226562500e-03  -5.42751571640483e-20
  6.10891312500000e-03  -5.44130150588052e-20
  6.12103398437500e-03  -5.45508729535620e-20
  6.13315484375000e-03  -5.46887308483189e-20
  6.14527570312500e-03  -5.48265887430758e-20
  6.15739656250000e-03  -5.49644466378327e-20
  6.16951742187500e-03  -5.51023045325896e-20
  6.18163828125000e-03  -5.52401624273465e-20
  6.19375914062500e-03  -5.53780203221033e-20
  6.20588000000000e-03  -5.55158782168602e-20
  6.21800085937500e-03  -5.53176436810964e-20
  6.23012171875000e-03  -5.51194091453326e-20
  6.24224257812500e-03  -5.49211746095688e-20
  6.25436343750000e-03  -5.47229400738049e-20
  6.26648429687500e-03  -5.45247055380411e-20
  6.27860515625000e-03  -5.43264710022773e-20
  6.29072601562500e-03  -5.41282364665135e-20
  6.30284687500000e-03  -5.39300019307496e-20
  6.31496773437500e-03  -5.37317673949858e-20
  6.32708859375000e-03  -5.35335328592220e-20
  6.33920945312500e-03  -5.33352983234582e-20
  6.35133031250000e-03  -5.31370637876943e-20
  6.36345117187500e-03  -5.29388292519305e-20
  6.37557203125000e-03  -5.27405947161667e-20
  6.38769289062500e-03  -5.25423601804029e-20
  6.39981375000000e-03  -5.23441256446390e-20
  6.41193460937500e-03  -5.21458911088752e-20
  6.42405546875000e-03  -5.19476565731114e-20
  6.43617632812500e-03  -5.17494220373476e-20
  6.44829718750000e-03  -5.15511875015837e-20
  6.46041804687500e-03  -5.13529529658199e-20
  6.47253890625000e-03  -5.11547184300561e-20
  6.48465976562500e-03  -5.09564838942923e-20
  6.49678062500000e-03  -5.07582493585284e-20
  6.50890148437500e-03  -5.05600148227646e-20
  6.52102234375000e-03  -5.03617802870008e-20
  6.53314320312500e-03  -5.01635457512370e-20
  6.54526406250000e-03  -4.99653112154731e-20
  6.55738492187500e-03  -4.97670766797093e-20
  6.56950578125000e-03  -4.95688421439455e-20
  6.58162664062500e-03  -4.93706076081816e-20
  6.59374750000000e-03  -4.91723730724178e-20
  6.60586835937500e-03  -4.89741385366540e-20
  6.61798921875000e-03  -4.87759040008902e-20
  6.63011007812500e-03  -4.85776694651263e-20
  6.64223093750000e-03  -4.83794349293625e-20
  6.65435179687500e-03  -4.81812003935987e-20
  6.66647265625000e-03  -4.79829658578349e-20
  6.67859351562500e-03  -4.77847313220710e-20
  6.69071437500000e-03  -4.75864967863072e-20
  6.70283523437500e-03  -4.73882622505434e-20
  6.71495609375000e-03  -4.71900277147796e-20
  6.72707695312500e-03  -4.69917931790157e-20
  6.73919781250000e-03  -4.67935586432519e-20
  6.75131867187500e-03  -4.65953241074881e-20
  6.76343953125000e-03  -4.63970895717243e-20
  6.77556039062500e-03  -4.61988550359604e-20
  6.78768125000000e-03  -4.60006205001966e-20
  6.79980210937500e-03  -4.58023859644328e-20
  6.81192296875000e-03  -4.56041514286690e-20
  6.82404382812500e-03  -4.54059168929051e-20
  6.83616468750000e-03  -4.52076823571413e-20
  6.84828554687500e-03  -4.50094478213775e-20
  6.86040640625000e-03  -4.48112132856136e-20
  6.87252726562500e-03  -4.46129787498498e-20
  6.88464812500000e-03  -4.44147442140860e-20
  6.89676898437500e-03  -4.42165096783222e-20
  6.90888984375000e-03  -4.40182751425583e-20
  6.92101070312500e-03  -4.38200406067945e-20
  6.93313156250000e-03  -4.36218060710307e-20
  6.94525242187500e-03  -4.34235715352669e-20
  6.95737328125000e-03  -4.32253369995030e-20
  6.96949414062500e-03  -4.30271024637392e-20
  6.98161500000000e-03  -4.28288679279754e-20
  6.99373585937500e-03  -4.26306333922116e-20
  7.00585671875000e-03  -4.24323988564477e-20
  7.01797757812500e-03  -4.22341643206839e-20
  7.03009843750000e-03  -4.20359297849201e-20
  7.04221929687500e-03  -4.18376952491563e-20
  7.05434015625000e-03  -4.16394607133924e-20
  7.06646101562500e-03  -4.14412261776286e-20
  7.07858187500000e-03  -4.12429916418648e-20
  7.09070273437500e-03  -4.10447571061010e-20
  7.10282359375000e-03  -4.08465225703371e-20
  7.11494445312500e-03  -4.06482880345733e-20
  7.12706531250000e-03  -4.04500534988095e-20
  7.13918617187500e-03  -4.02518189630456e-20
  7.15130703125000e-03  -4.00535844272818e-20
  7.16342789062500e-03  -3.98553498915180e-20
  7.17554875000000e-03  -3.96571153557542e-20
  7.18766960937500e-03  -3.94588808199903e-20
  7.19979046875000e-03  -3.92606462842265e-20
  7.21191132812500e-03  -3.90624117484627e-20
  7.22403218750000e-03  -3.88641772126989e-20
  7.23615304687500e-03  -3.86659426769350e-20
  7.24827390625000e-03  -3.84677081411712e-20
  7.26039476562500e-03  -3.82694736054074e-20
  7.27251562500000e-03  -3.80712390696435e-20
  7.28463648437500e-03  -3.78730045338797e-20
  7.29675734375000e-03  -3.76747699981159e-20
  7.30887820312500e-03  -3.74765354623521e-20
  7.32099906250000e-03  -3.72783009265882e-20
  7.33311992187500e-03  -3.70800663908244e-20
  7.34524078125000e-03  -3.68818318550606e-20
  7.35736164062500e-03  -3.66835973192968e-20
  7.36948250000000e-03  -3.64853627835329e-20
  7.38160335937500e-03  -3.62871282477691e-20
  7.39372421875000e-03  -3.60888937120053e-20
  7.40584507812500e-03  -3.58906591762415e-20
  7.41796593750000e-03  -3.56924246404776e-20
  7.43008679687500e-03  -3.54941901047138e-20
  7.44220765625000e-03  -3.52959555689500e-20
  7.45432851562500e-03  -3.50977210331862e-20
  7.46644937500000e-03  -3.48994864974223e-20
  7.47857023437500e-03  -3.47012519616585e-20
  7.49069109375000e-03  -3.45030174258947e-20
  7.50281195312500e-03  -3.43047828901309e-20
  7.51493281250000e-03  -3.41065483543670e-20
  7.52705367187500e-03  -3.39083138186032e-20
  7.53917453125000e-03  -3.37100792828394e-20
  7.55129539062500e-03  -3.35118447470756e-20
  7.56341625000000e-03  -3.33136102113117e-20
  7.57553710937500e-03  -3.31153756755479e-20
  7.58765796875000e-03  -3.29171411397841e-20
  7.59977882812500e-03  -3.27189066040202e-20
  7.61189968750000e-03  -3.25206720682564e-20
  7.62402054687500e-03  -3.23224375324926e-20
  7.63614140625000e-03  -3.21242029967288e-20
  7.64826226562500e-03  -3.19259684609649e-20
  7.66038312500000e-03  -3.17277339252011e-20
  7.67250398437500e-03  -3.15294993894373e-20
  7.68462484375000e-03  -3.13312648536735e-20
  7.69674570312500e-03  -3.11330303179096e-20
  7.70886656250000e-03  -3.09347957821458e-20
  7.72098742187500e-03  -3.07365612463820e-20
  7.73310828125000e-03  -3.05383267106182e-20
  7.74522914062500e-03  -3.03400921748543e-20
  7.75735000000000e-03  -3.01418576390905e-20
  7.76947085937500e-03  -3.00009879835807e-20
  7.78159171875000e-03  -2.98601183280710e-20
  7.79371257812500e-03  -2.97192486725612e-20
  7.80583343750000e-03  -2.95783790170514e-20
  7.81795429687500e-03  -2.94375093615417e-20
  7.83007515625000e-03  -2.92966397060319e-20
  7.84219601562500e-03  -2.91557700505221e-20
  7.85431687500000e-03  -2.90149003950124e-20
  7.86643773437500e-03  -2.88740307395026e-20
  7.87855859375000e-03  -2.87331610839928e-20
  7.89067945312500e-03  -2.85922914284830e-20
  7.90280031250000e-03  -2.84514217729733e-20
  7.91492117187500e-03  -2.83105521174635e-20
  7.92704203125000e-03  -2.81696824619538e-20
  7.93916289062500e-03  -2.80288128064440e-20
  7.95128375000000e-03  -2.78879431509342e-20
  7.96340460937500e-03  -2.77470734954244e-20
  7.97552546875000e-03  -2.76062038399147e-20
  7.98764632812500e-03  -2.74653341844049e-20
  7.99976718750000e-03  -2.73244645288952e-20
  8.01188804687500e-03  -2.71835948733854e-20
  8.02400890625000e-03  -2.70427252178756e-20
  8.03612976562500e-03  -2.69018555623658e-20
  8.04825062500000e-03  -2.67609859068561e-20
  8.06037148437500e-03  -2.66201162513463e-20
  8.07249234375000e-03  -2.64792465958365e-20
  8.08461320312500e-03  -2.63383769403268e-20
  8.09673406250000e-03  -2.61975072848170e-20
  8.10885492187500e-03  -2.60566376293072e-20
  8.12097578125000e-03  -2.59157679737975e-20
  8.13309664062500e-03  -2.57748983182877e-20
  8.14521750000000e-03  -2.56340286627779e-20
  8.15733835937500e-03  -2.54931590072682e-20
  8.16945921875000e-03  -2.53522893517584e-20
  8.18158007812500e-03  -2.52114196962486e-20
  8.19370093750000e-03  -2.50705500407389e-20
  8.20582179687500e-03  -2.49296803852291e-20
  8.21794265625000e-03  -2.47888107297193e-20
  8.23006351562500e-03  -2.46479410742096e-20
  8.24218437500000e-03  -2.45070714186998e-20
  8.25430523437500e-03  -2.43662017631900e-20
  8.26642609375000e-03  -2.42253321076803e-20
  8.27854695312500e-03  -2.40844624521705e-20
  8.29066781250000e-03  -2.39435927966607e-20
  8.30278867187500e-03  -2.38027231411510e-20
  8.31490953125000e-03  -2.36618534856412e-20
  8.32703039062500e-03  -2.35209838301314e-20
  8.33915125000000e-03  -2.33801141746216e-20
  8.35127210937500e-03  -2.32392445191119e-20
  8.36339296875000e-03  -2.30983748636021e-20
  8.37551382812500e-03  -2.29575052080923e-20
  8.38763468750000e-03  -2.28166355525826e-20
  8.39975554687500e-03  -2.26757658970728e-20
  8.41187640625000e-03  -2.25348962415630e-20
  8.42399726562500e-03  -2.23940265860533e-20
  8.43611812500000e-03  -2.22531569305435e-20
  8.44823898437500e-03  -2.21122872750337e-20
  8.46035984375000e-03  -2.19714176195240e-20
  8.47248070312500e-03  -2.18305479640142e-20
  8.48460156250000e-03  -2.16896783085044e-20
  8.49672242187500e-03  -2.15488086529947e-20
  8.50884328125000e-03  -2.14079389974849e-20
  8.52096414062500e-03  -2.12670693419751e-20
  8.53308500000000e-03  -2.11261996864654e-20
  8.54520585937500e-03  -2.10137219070835e-20
  8.55732671875000e-03  -2.09012441277015e-20
  8.56944757812500e-03  -2.07887663483196e-20
  8.58156843750000e-03  -2.06762885689377e-20
  8.59368929687500e-03  -2.05638107895558e-20
  8.60581015625000e-03  -2.04513330101739e-20
  8.61793101562500e-03  -2.03388552307920e-20
  8.63005187500000e-03  -2.02263774514101e-20
  8.64217273437500e-03  -2.01138996720282e-20
  8.65429359375000e-03  -2.00014218926462e-20
  8.66641445312500e-03  -1.98889441132643e-20
  8.67853531250000e-03  -1.97764663338824e-20
  8.69065617187500e-03  -1.96639885545005e-20
  8.70277703125000e-03  -1.95515107751186e-20
  8.71489789062500e-03  -1.94390329957367e-20
  8.72701875000000e-03  -1.93265552163548e-20
  8.73913960937500e-03  -1.92140774369729e-20
  8.75126046875000e-03  -1.91015996575910e-20
  8.76338132812500e-03  -1.89891218782090e-20
  8.77550218750000e-03  -1.88766440988271e-20
  8.78762304687500e-03  -1.87641663194452e-20
  8.79974390625000e-03  -1.86516885400633e-20
  8.81186476562500e-03  -1.85392107606814e-20
  8.82398562500000e-03  -1.84267329812995e-20
  8.83610648437500e-03  -1.83142552019176e-20
  8.84822734375000e-03  -1.82017774225357e-20
  8.86034820312500e-03  -1.80892996431538e-20
  8.87246906250000e-03  -1.79768218637718e-20
  8.88458992187500e-03  -1.78643440843899e-20
  8.89671078125000e-03  -1.77518663050080e-20
  8.90883164062500e-03  -1.76393885256261e-20
  8.92095250000000e-03  -1.75269107462442e-20
  8.93307335937500e-03  -1.74144329668623e-20
  8.94519421875000e-03  -1.73019551874804e-20
  8.95731507812500e-03  -1.71894774080985e-20
  8.96943593750000e-03  -1.70769996287165e-20
  8.98155679687500e-03  -1.69645218493346e-20
  8.99367765625000e-03  -1.68520440699527e-20
  9.00579851562500e-03  -1.67395662905708e-20
  9.01791937500000e-03  -1.66270885111889e-20
  9.03004023437500e-03  -1.65146107318070e-20
  9.04216109375000e-03  -1.64021329524251e-20
  9.05428195312500e-03  -1.62896551730432e-20
  9.06640281250000e-03  -1.61771773936613e-20
  9.07852367187500e-03  -1.60646996142794e-20
  9.09064453125000e-03  -1.59522218348974e-20
  9.10276539062500e-03  -1.58397440555155e-20
  9.11488625000000e-03  -1.57272662761336e-20
  9.12700710937500e-03  -1.56147884967517e-20
  9.13912796875000e-03  -1.55023107173698e-20
  9.15124882812500e-03  -1.53898329379879e-20
  9.16336968750000e-03  -1.52773551586060e-20
  9.17549054687500e-03  -1.51648773792241e-20
  9.18761140625000e-03  -1.50523995998421e-20
  9.19973226562500e-03  -1.49399218204602e-20
  9.21185312500000e-03  -1.48274440410783e-20
  9.22397398437500e-03  -1.47149662616964e-20
  9.23609484375000e-03  -1.46024884823145e-20
  9.24821570312500e-03  -1.44900107029326e-20
  9.26033656250000e-03  -1.43775329235507e-20
  9.27245742187500e-03  -1.42650551441688e-20
  9.28457828125000e-03  -1.41525773647868e-20
  9.29669914062500e-03  -1.40400995854049e-20
  9.30882000000000e-03  -1.39276218060230e-20
  9.32094085937500e-03  -1.33294265155615e-20
  9.33306171875000e-03  -1.27312312250999e-20
  9.34518257812500e-03  -1.21330359346384e-20
  9.35730343750000e-03  -1.15348406441768e-20
  9.36942429687500e-03  -1.09366453537153e-20
  9.38154515625000e-03  -1.03384500632538e-20
  9.39366601562500e-03  -9.74025477279227e-21
  9.40578687500000e-03  -9.14205948233069e-21
  9.41790773437500e-03  -8.54386419186920e-21
  9.43002859375000e-03  -7.94566890140763e-21
  9.44214945312500e-03  -7.34747361094614e-21
  9.45427031250000e-03  -6.74927832048456e-21
  9.46639117187500e-03  -6.15108303002307e-21
  9.47851203125000e-03  -5.55288773956150e-21
  9.49063289062500e-03  -4.95469244910001e-21
  9.50275375000000e-03  -4.35649715863843e-21
  9.51487460937500e-03  -3.75830186817694e-21
  9.52699546875000e-03  -3.16010657771536e-21
  9.53911632812500e-03  -2.56191128725387e-21
  9.55123718750000e-03  -1.96371599679230e-21
  9.56335804687500e-03  -1.36552070633081e-21
  9.57547890625000e-03  -7.67325415869234e-22
  9.58759976562500e-03  -1.69130125407744e-22
  9.59972062500000e-03   4.29065165053832e-22
  9.61184148437500e-03   1.02726045551532e-21
  9.62396234375000e-03   1.62545574597690e-21
  9.63608320312500e-03   2.22365103643839e-21
  9.64820406250000e-03   2.82184632689996e-21
  9.66032492187500e-03   3.42004161736145e-21
  9.67244578125000e-03   4.01823690782303e-21
  9.68456664062500e-03   4.61643219828452e-21
  9.69668750000000e-03   5.21462748874730e-21
  9.70880835937500e-03   1.42266798632177e-20
  9.72092921875000e-03   2.32387322376894e-20
  9.73305007812500e-03   3.22507846121598e-20
  9.74517093750000e-03   4.12628369866316e-20
  9.75729179687500e-03   5.02748893611020e-20
  9.76941265625000e-03   5.92869417355737e-20
  9.78153351562500e-03   6.82989941100441e-20
  9.79365437500000e-03   7.73110464845158e-20
  9.80577523437500e-03   8.63230988589862e-20
  9.81789609375000e-03   9.53351512334579e-20
  9.83001695312500e-03   1.04347203607928e-19
  9.84213781250000e-03   1.13359255982400e-19
  9.85425867187500e-03   1.22371308356870e-19
  9.86637953125000e-03   1.31383360731342e-19
  9.87850039062500e-03   1.40395413105813e-19
  9.89062125000000e-03   1.49407465480297e-19
  9.90274210937500e-03   2.47036020722823e-19
  9.91486296875000e-03   3.44664575965362e-19
  9.92698382812500e-03   4.42293131207888e-19
  9.93910468750000e-03   5.39921686450428e-19
  9.95122554687500e-03   6.37550241692953e-19
  9.96334640625000e-03   7.35178796935493e-19
  9.97546726562500e-03   8.32807352178019e-19
  9.98758812500000e-03   9.30435907420558e-19
  9.99970898437500e-03   1.02806446266308e-18
  1.00118298437500e-02   1.12569301790562e-18
  1.00239507031250e-02   1.22332157314815e-18
  1.00360715625000e-02   1.32095012839069e-18
  1.00481924218750e-02   1.41857868363321e-18
  1.00603132812500e-02   1.51620723887575e-18
  1.00724341406250e-02   1.61383579411828e-18
  1.00845550000000e-02   1.71146434936096e-18
  1.00966758593750e-02   2.77476400958053e-18
  1.01087967187500e-02   3.83806366980025e-18
  1.01209175781250e-02   4.90136333001983e-18
  1.01330384375000e-02   5.96466299023955e-18
  1.01451592968750e-02   7.02796265045912e-18
  1.01572801562500e-02   8.09126231067885e-18
  1.01694010156250e-02   9.15456197089842e-18
  1.01815218750000e-02   1.02178616311181e-17
  1.01936427343750e-02   1.12811612913377e-17
  1.02057635937500e-02   1.23444609515574e-17
  1.02178844531250e-02   1.34077606117770e-17
  1.02300053125000e-02   1.44710602719967e-17
  1.02421261718750e-02   1.55343599322163e-17
  1.02542470312500e-02   1.65976595924360e-17
  1.02663678906250e-02   1.76609592526556e-17
  1.02784887500000e-02   1.87242589128765e-17
  1.02906096093750e-02   2.76841076105127e-17
  1.03027304687500e-02   3.66439563081502e-17
  1.03148513281250e-02   4.56038050057865e-17
  1.03269721875000e-02   5.45636537034240e-17
  1.03390930468750e-02   6.35235024010602e-17
  1.03512139062500e-02   7.24833510986978e-17
  1.03633347656250e-02   8.14431997963353e-17
  1.03754556250000e-02   9.04030484939776e-17
  1.03875764843750e-02   1.41940039247540e-16
  1.03996973437500e-02   1.93477030001095e-16
  1.04118182031250e-02   2.45014020754658e-16
  1.04239390625000e-02   2.96551011508213e-16
  1.04360599218750e-02   3.48088002261775e-16
  1.04481807812500e-02   3.99624993015330e-16
  1.04603016406250e-02   4.51161983768893e-16
  1.04724225000000e-02   5.02698974522484e-16
  1.04845433593750e-02   8.10010746282594e-16
  1.04966642187500e-02   1.11732251804266e-15
  1.05087850781250e-02   1.42463428980277e-15
  1.05209059375000e-02   1.73194606156284e-15
  1.05330267968750e-02   2.03925783332294e-15
  1.05451476562500e-02   2.34656960508301e-15
  1.05572685156250e-02   2.65388137684312e-15
  1.05693893750000e-02   2.96119314860338e-15
  1.05815102343750e-02   4.61376139758435e-15
  1.05936310937500e-02   6.26632964656508e-15
  1.06057519531250e-02   7.91889789554605e-15
  1.06178728125000e-02   9.57146614452777e-15
  1.06299936718750e-02   1.81627845332404e-14
  1.06421145312500e-02   2.67541029219518e-14
  1.06542353906250e-02   3.53454213106645e-14
  1.06663562500000e-02   4.39367396993815e-14
  1.06784771093750e-02   9.13929297648226e-14
  1.06905979687500e-02   1.38849119830280e-13
  1.07027188281250e-02   3.48067450446092e-13
  1.07148396875000e-02   5.57285781061986e-13
  1.07269605468750e-02   1.55416412466198e-12
  1.07390814062500e-02   2.55104246826222e-12
  1.07512022656250e-02   6.26150991542824e-12
  1.07633231250000e-02   1.56420398704579e-11
  1.07754439843750e-02   3.96403254051339e-11
  1.07875648437500e-02   1.01636262625132e-10
  1.07996857031250e-02   2.66181964536361e-10
  1.08118065625000e-02   8.15200581884836e-10
  1.08239274218750e-02   2.85997483221872e-09
  1.08360482812500e-02   1.27855579526852e-08
  1.08481691406250e-02   8.88483616796467e-08
  1.08602900000000e-02   1.21454873048357e-06
  1.08724108593750e-02   1.54124667112119e-05
  1.08845317187500e-02   9.51451125468594e-05
  1.08966525781250e-02   3.18800100741491e-04
  1.09087734375000e-02   7.49605451453979e-04
  1.09208942968750e-02   1.33894575960812e-03
  1.09330151562500e-02   1.89554688152450e-03
  1.09451360156250e-02   2.26314995930593e-03
  1.09572568750000e-02   2.41712498965011e-03
  1.09693777343750e-02   2.41200649332719e-03
  1.09814985937500e-02   2.31372313169047e-03
  1.09936194531250e-02   2.17052351728189e-03
  1.10057403125000e-02   2.01348436850197e-03
  1.10178611718750e-02   1.85836464130565e-03
  1.10299820312500e-02   1.71302523357356e-03
  1.10421028906250e-02   1.58103974297182e-03
  1.10542237500000e-02   1.46234372511697e-03
  1.10663446093750e-02   1.35629723279419e-03
  1.10784654687500e-02   1.26186962694599e-03
  1.10905863281250e-02   1.17790039400702e-03
  1.11027071875000e-02   1.10328831759814e-03
  1.11148280468750e-02   1.04149529663623e-03
  1.11269489062500e-02   9.79702275674325e-04
  1.11390697656250e-02   9.29928106850140e-04
  1.11511906250000e-02   8.80153938025964e-04
  1.11633114843750e-02   8.39662860716829e-04
  1.11754323437500e-02   7.99171783407701e-04
  1.11875532031250e-02   7.65952241148166e-04
  1.11996740625000e-02   7.32732698888638e-04
  1.12117949218750e-02   7.08424161401665e-04
  1.12239157812500e-02   6.84115623914698e-04
  1.12360366406250e-02   6.59807086427727e-04
  1.12481575000000e-02   6.35498548940759e-04
  1.12602783593750e-02   6.18024189823516e-04
  1.12723992187500e-02   6.00549830706275e-04
  1.12845200781250e-02   5.83075471589033e-04
  1.12966409375000e-02   5.65601112471793e-04
  1.13087617968750e-02   5.52761759383700e-04
  1.13208826562500e-02   5.39922406295609e-04
  1.13330035156250e-02   5.27083053207516e-04
  1.13451243750000e-02   5.14243700119426e-04
  1.13572452343750e-02   5.06377745390842e-04
  1.13693660937500e-02   4.98511790662260e-04
  1.13814869531250e-02   4.90645835933677e-04
  1.13936078125000e-02   4.82779881205095e-04
  1.14057286718750e-02   4.74913926476511e-04
  1.14178495312500e-02   4.67047971747929e-04
  1.14299703906250e-02   4.59182017019346e-04
  1.14420912500000e-02   4.51316062290764e-04
  1.14542121093750e-02   4.46559558347172e-04
  1.14663329687500e-02   4.41803054403582e-04
  1.14784538281250e-02   4.37046550459990e-04
  1.14905746875000e-02   4.32290046516399e-04
  1.15026955468750e-02   4.27533542572808e-04
  1.15148164062500e-02   4.22777038629217e-04
  1.15269372656250e-02   4.18020534685626e-04
  1.15390581250000e-02   4.13264030742035e-04
  1.15511789843750e-02   4.10315198293769e-04
  1.15632998437500e-02   4.07366365845503e-04
  1.15754207031250e-02   4.04417533397237e-04
  1.15875415625000e-02   4.01468700948972e-04
  1.15996624218750e-02   3.98519868500706e-04
  1.16117832812500e-02   3.95571036052440e-04
  1.16239041406250e-02   3.92622203604175e-04
  1.16360250000000e-02   3.89673371155909e-04
  1.16481458593750e-02   3.88316067778639e-04
  1.16602667187500e-02   3.86958764401370e-04
  1.16723875781250e-02   3.85601461024100e-04
  1.16845084375000e-02   3.84244157646831e-04
  1.16966292968750e-02   3.82886854269562e-04
  1.17087501562500e-02   3.81529550892292e-04
  1.17208710156250e-02   3.80172247515023e-04
  1.17329918750000e-02   3.78814944137754e-04
  1.17451127343750e-02   3.77457640760484e-04
  1.17572335937500e-02   3.76100337383215e-04
  1.17693544531250e-02   3.74743034005945e-04
  1.17814753125000e-02   3.73385730628676e-04
  1.17935961718750e-02   3.72028427251406e-04
  1.18057170312500e-02   3.70671123874137e-04
  1.18178378906250e-02   3.69313820496868e-04
  1.18299587500000e-02   3.67956517119598e-04
  1.18420796093750e-02   3.67345888988162e-04
  1.18542004687500e-02   3.66735260856725e-04
  1.18663213281250e-02   3.66124632725289e-04
  1.18784421875000e-02   3.65514004593853e-04
  1.18905630468750e-02   3.64903376462416e-04
  1.19026839062500e-02   3.64292748330980e-04
  1.19148047656250e-02   3.63682120199543e-04
  1.19269256250000e-02   3.63071492068107e-04
  1.19390464843750e-02   3.62460863936671e-04
  1.19511673437500e-02   3.61850235805234e-04
  1.19632882031250e-02   3.61239607673798e-04
  1.19754090625000e-02   3.60628979542361e-04
  1.19875299218750e-02   3.60018351410925e-04
  1.19996507812500e-02   3.59407723279489e-04
  1.20117716406250e-02   3.58797095148052e-04
  1.20238925000000e-02   3.58186467016616e-04
  1.20360133593750e-02   3.58010811103247e-04
  1.20481342187500e-02   3.57835155189878e-04
  1.20602550781250e-02   3.57659499276509e-04
  1.20723759375000e-02   3.57483843363141e-04
  1.20844967968750e-02   3.57308187449772e-04
  1.20966176562500e-02   3.57132531536403e-04
  1.21087385156250e-02   3.56956875623034e-04
  1.21208593750000e-02   3.56781219709666e-04
  1.21329802343750e-02   3.56605563796297e-04
  1.21451010937500e-02   3.56429907882928e-04
  1.21572219531250e-02   3.56254251969559e-04
  1.21693428125000e-02   3.56078596056190e-04
  1.21814636718750e-02   3.55902940142822e-04
  1.21935845312500e-02   3.55727284229453e-04
  1.22057053906250e-02   3.55551628316084e-04
  1.22178262500000e-02   3.55375972402715e-04
  1.22299471093750e-02   3.55200316489346e-04
  1.22420679687500e-02   3.55024660575978e-04
  1.22541888281250e-02   3.54849004662609e-04
  1.22663096875000e-02   3.54673348749240e-04
  1.22784305468750e-02   3.54497692835871e-04
  1.22905514062500e-02   3.54322036922502e-04
  1.23026722656250e-02   3.54146381009134e-04
  1.23147931250000e-02   3.53970725095765e-04
  1.23269139843750e-02   3.53795069182396e-04
  1.23390348437500e-02   3.53619413269027e-04
  1.23511557031250e-02   3.53443757355658e-04
  1.23632765625000e-02   3.53268101442290e-04
  1.23753974218750e-02   3.53092445528921e-04
  1.23875182812500e-02   3.52916789615552e-04
  1.23996391406250e-02   3.52741133702183e-04
  1.24117600000000e-02   3.52565477788815e-04
  1.24238808593750e-02   3.52538148093452e-04
  1.24360017187500e-02   3.52510818398090e-04
  1.24481225781250e-02   3.52483488702728e-04
  1.24602434375000e-02   3.52456159007365e-04
  1.24723642968750e-02   3.52428829312003e-04
  1.24844851562500e-02   3.52401499616641e-04
  1.24966060156250e-02   3.52374169921278e-04
  1.25087268750000e-02   3.52346840225916e-04
  1.25208477343750e-02   3.52319510530554e-04
  1.25329685937500e-02   3.52292180835192e-04
  1.25450894531250e-02   3.52264851139829e-04
  1.25572103125000e-02   3.52237521444467e-04
  1.25693311718750e-02   3.52210191749105e-04
  1.25814520312500e-02   3.52182862053742e-04
  1.25935728906250e-02   3.52155532358380e-04
  1.26056937500000e-02   3.52128202663018e-04
  1.26178146093750e-02   3.52100872967655e-04
  1.26299354687500e-02   3.52073543272293e-04
  1.26420563281250e-02   3.52046213576931e-04
  1.26541771875000e-02   3.52018883881569e-04
  1.26662980468750e-02   3.51991554186206e-04
  1.26784189062500e-02   3.51964224490844e-04
  1.26905397656250e-02   3.51936894795482e-04
  1.27026606250000e-02   3.51909565100119e-04
  1.27147814843750e-02   3.51882235404757e-04
  1.27269023437500e-02   3.51854905709395e-04
  1.27390232031250e-02   3.51827576014032e-04
  1.27511440625000e-02   3.51800246318670e-04
  1.27632649218750e-02   3.51772916623308e-04
  1.27753857812500e-02   3.51745586927946e-04
  1.27875066406250e-02   3.51718257232583e-04
  1.27996275000000e-02   3.51690927537221e-04
  1.28117483593750e-02   3.51663597841859e-04
  1.28238692187500e-02   3.51636268146496e-04
  1.28359900781250e-02   3.51608938451134e-04
  1.28481109375000e-02   3.51581608755772e-04
  1.28602317968750e-02   3.51554279060409e-04
  1.28723526562500e-02   3.51526949365047e-04
  1.28844735156250e-02   3.51499619669685e-04
  1.28965943750000e-02   3.51472289974323e-04
  1.29087152343750e-02   3.51444960278960e-04
  1.29208360937500e-02   3.51417630583598e-04
  1.29329569531250e-02   3.51390300888236e-04
  1.29450778125000e-02   3.51362971192873e-04
  1.29571986718750e-02   3.51335641497511e-04
  1.29693195312500e-02   3.51308311802149e-04
  1.29814403906250e-02   3.51280982106786e-04
  1.29935612500000e-02   3.51253652411424e-04
  1.30056821093750e-02   3.51226322716062e-04
  1.30178029687500e-02   3.51198993020700e-04
  1.30299238281250e-02   3.51171663325337e-04
  1.30420446875000e-02   3.51144333629975e-04
  1.30541655468750e-02   3.51117003934613e-04
  1.30662864062500e-02   3.51089674239250e-04
  1.30784072656250e-02   3.51062344543888e-04
  1.30905281250000e-02   3.51035014848526e-04
  1.31026489843750e-02   3.51007685153164e-04
  1.31147698437500e-02   3.50980355457801e-04
  1.31268907031250e-02   3.50953025762439e-04
  1.31390115625000e-02   3.50925696067077e-04
  1.31511324218750e-02   3.50898366371714e-04
  1.31632532812500e-02   3.50871036676352e-04
  1.31753741406250e-02   3.50843706980990e-04
  1.31874950000000e-02   3.50816377285627e-04
  1.31996158593750e-02   3.50812233015468e-04
  1.32117367187500e-02   3.50808088745309e-04
  1.32238575781250e-02   3.50803944475150e-04
  1.32359784375000e-02   3.50799800204990e-04
  1.32480992968750e-02   3.50795655934831e-04
  1.32602201562500e-02   3.50791511664672e-04
  1.32723410156250e-02   3.50787367394512e-04
  1.32844618750000e-02   3.50783223124353e-04
  1.32965827343750e-02   3.50779078854194e-04
  1.33087035937500e-02   3.50774934584035e-04
  1.33208244531250e-02   3.50770790313875e-04
  1.33329453125000e-02   3.50766646043716e-04
  1.33450661718750e-02   3.50762501773557e-04
  1.33571870312500e-02   3.50758357503398e-04
  1.33693078906250e-02   3.50754213233238e-04
  1.33814287500000e-02   3.50750068963079e-04
  1.33935496093750e-02   3.50745924692920e-04
  1.34056704687500e-02   3.50741780422761e-04
  1.34177913281250e-02   3.50737636152601e-04
  1.34299121875000e-02   3.50733491882442e-04
  1.34420330468750e-02   3.50729347612283e-04
  1.34541539062500e-02   3.50725203342123e-04
  1.34662747656250e-02   3.50721059071964e-04
  1.34783956250000e-02   3.50716914801805e-04
  1.34905164843750e-02   3.50712770531646e-04
  1.35026373437500e-02   3.50708626261486e-04
  1.35147582031250e-02   3.50704481991327e-04
  1.35268790625000e-02   3.50700337721168e-04
  1.35389999218750e-02   3.50696193451009e-04
  1.35511207812500e-02   3.50692049180849e-04
  1.35632416406250e-02   3.50687904910690e-04
  1.35753625000000e-02   3.50683760640531e-04
  1.35874833593750e-02   3.50679616370371e-04
  1.35996042187500e-02   3.50675472100212e-04
  1.36117250781250e-02   3.50671327830053e-04
  1.36238459375000e-02   3.50667183559894e-04
  1.36359667968750e-02   3.50663039289734e-04
  1.36480876562500e-02   3.50658895019575e-04
  1.36602085156250e-02   3.50654750749416e-04
  1.36723293750000e-02   3.50650606479257e-04
  1.36844502343750e-02   3.50646462209097e-04
  1.36965710937500e-02   3.50642317938938e-04
  1.37086919531250e-02   3.50638173668779e-04
  1.37208128125000e-02   3.50634029398620e-04
  1.37329336718750e-02   3.50629885128460e-04
  1.37450545312500e-02   3.50625740858301e-04
  1.37571753906250e-02   3.50621596588142e-04
  1.37692962500000e-02   3.50617452317982e-04
  1.37814171093750e-02   3.50613308047823e-04
  1.37935379687500e-02   3.50609163777664e-04
  1.38056588281250e-02   3.50605019507505e-04
  1.38177796875000e-02   3.50600875237345e-04
  1.38299005468750e-02   3.50596730967186e-04
  1.38420214062500e-02   3.50592586697027e-04
  1.38541422656250e-02   3.50588442426868e-04
  1.38662631250000e-02   3.50584298156708e-04
  1.38783839843750e-02   3.50580153886549e-04
  1.38905048437500e-02   3.50576009616390e-04
  1.39026257031250e-02   3.50571865346230e-04
  1.39147465625000e-02   3.50567721076071e-04
  1.39268674218750e-02   3.50563576805912e-04
  1.39389882812500e-02   3.50559432535753e-04
  1.39511091406250e-02   3.50555288265593e-04
  1.39632300000000e-02   3.50551143995434e-04
  1.39753508593750e-02   3.50550812875866e-04
  1.39874717187500e-02   3.50550481756297e-04
  1.39995925781250e-02   3.50550150636729e-04
  1.40117134375000e-02   3.50549819517161e-04
  1.40238342968750e-02   3.50549488397592e-04
  1.40359551562500e-02   3.50549157278024e-04
  1.40480760156250e-02   3.50548826158455e-04
  1.40601968750000e-02   3.50548495038887e-04
  1.40723177343750e-02   3.50548163919319e-04
  1.40844385937500e-02   3.50547832799750e-04
  1.40965594531250e-02   3.50547501680182e-04
  1.41086803125000e-02   3.50547170560614e-04
  1.41208011718750e-02   3.50546839441045e-04
  1.41329220312500e-02   3.50546508321477e-04
  1.41450428906250e-02   3.50546177201908e-04
  1.41571637500000e-02   3.50545846082340e-04
  1.41692846093750e-02   3.50545514962772e-04
  1.41814054687500e-02   3.50545183843203e-04
  1.41935263281250e-02   3.50544852723635e-04
  1.42056471875000e-02   3.50544521604067e-04
  1.42177680468750e-02   3.50544190484498e-04
  1.42298889062500e-02   3.50543859364930e-04
  1.42420097656250e-02   3.50543528245361e-04
  1.42541306250000e-02   3.50543197125793e-04
  1.42662514843750e-02   3.50542866006225e-04
  1.42783723437500e-02   3.50542534886656e-04
  1.42904932031250e-02   3.50542203767088e-04
  1.43026140625000e-02   3.50541872647520e-04
  1.43147349218750e-02   3.50541541527951e-04
  1.43268557812500e-02   3.50541210408383e-04
  1.43389766406250e-02   3.50540879288814e-04
  1.43510975000000e-02   3.50540548169246e-04
  1.43632183593750e-02   3.50540217049678e-04
  1.43753392187500e-02   3.50539885930109e-04
  1.43874600781250e-02   3.50539554810541e-04
  1.43995809375000e-02   3.50539223690973e-04
  1.44117017968750e-02   3.50538892571404e-04
  1.44238226562500e-02   3.50538561451836e-04
  1.44359435156250e-02   3.50538230332267e-04
  1.44480643750000e-02   3.50537899212699e-04
  1.44601852343750e-02   3.50537568093131e-04
  1.44723060937500e-02   3.50537236973562e-04
  1.44844269531250e-02   3.50536905853994e-04
  1.44965478125000e-02   3.50536574734425e-04
  1.45086686718750e-02   3.50536243614857e-04
  1.45207895312500e-02   3.50535912495289e-04
  1.45329103906250e-02   3.50535581375720e-04
  1.45450312500000e-02   3.50535250256152e-04
  1.45571521093750e-02   3.50534919136584e-04
  1.45692729687500e-02   3.50534588017015e-04
  1.45813938281250e-02   3.50534256897447e-04
  1.45935146875000e-02   3.50533925777878e-04
  1.46056355468750e-02   3.50533594658310e-04
  1.46177564062500e-02   3.50533263538742e-04
  1.46298772656250e-02   3.50532932419173e-04
  1.46419981250000e-02   3.50532601299605e-04
  1.46541189843750e-02   3.50532270180037e-04
  1.46662398437500e-02   3.50531939060468e-04
  1.46783607031250e-02   3.50531607940900e-04
  1.46904815625000e-02   3.50531276821331e-04
  1.47026024218750e-02   3.50530945701763e-04
  1.47147232812500e-02   3.50530614582195e-04
  1.47268441406250e-02   3.50530283462626e-04
  1.47389650000000e-02   3.50529952343058e-04
  1.47510858593750e-02   3.50529621223490e-04
  1.47632067187500e-02   3.50529290103921e-04
  1.47753275781250e-02   3.50528958984353e-04
  1.47874484375000e-02   3.50528627864784e-04
  1.47995692968750e-02   3.50528296745216e-04
  1.48116901562500e-02   3.50527965625648e-04
  1.48238110156250e-02   3.50527634506079e-04
  1.48359318750000e-02   3.50527303386511e-04
  1.48480527343750e-02   3.50526972266943e-04
  1.48601735937500e-02   3.50526641147374e-04
  1.48722944531250e-02   3.50526310027806e-04
  1.48844153125000e-02   3.50525978908237e-04
  1.48965361718750e-02   3.50525647788669e-04
  1.49086570312500e-02   3.50525316669101e-04
  1.49207778906250e-02   3.50524985549532e-04
  1.49328987500000e-02   3.50524654429964e-04
  1.49450196093750e-02   3.50524323310395e-04
  1.49571404687500e-02   3.50523992190827e-04
  1.49692613281250e-02   3.50523661071259e-04
  1.49813821875000e-02   3.50523329951690e-04
  1.49935030468750e-02   3.50522998832122e-04
  1.50056239062500e-02   3.50522667712554e-04
  1.50177447656250e-02   3.50522336592985e-04
  1.50298656250000e-02   3.50522005473417e-04
  1.50419864843750e-02   3.50521674353848e-04
  1.50541073437500e-02   3.50521343234280e-04
  1.50662282031250e-02   3.50521012114712e-04
  1.50783490625000e-02   3.50520680995143e-04
  1.50904699218750e-02   3.50520349875575e-04
  1.51025907812500e-02   3.50520018756007e-04
  1.51147116406250e-02   3.50519687636438e-04
  1.51268325000000e-02   3.50519356516870e-04
  1.51389533593750e-02   3.50519025397301e-04
  1.51510742187500e-02   3.50518694277733e-04
  1.51631950781250e-02   3.50518363158165e-04
  1.51753159375000e-02   3.50518032038596e-04
  1.51874367968750e-02   3.50517700919028e-04
  1.51995576562500e-02   3.50517369799460e-04
  1.52116785156250e-02   3.50517038679891e-04
  1.52237993750000e-02   3.50516707560323e-04
  1.52359202343750e-02   3.50516376440754e-04
  1.52480410937500e-02   3.50516045321186e-04
  1.52601619531250e-02   3.50515714201618e-04
  1.52722828125000e-02   3.50515383082049e-04
  1.52844036718750e-02   3.50515051962481e-04
  1.52965245312500e-02   3.50514720842912e-04
  1.53086453906250e-02   3.50514389723344e-04
  1.53207662500000e-02   3.50514058603776e-04
  1.53328871093750e-02   3.50513727484207e-04
  1.53450079687500e-02   3.50513396364639e-04
  1.53571288281250e-02   3.50513065245071e-04
  1.53692496875000e-02   3.50512734125502e-04
  1.53813705468750e-02   3.50512403005934e-04
  1.53934914062500e-02   3.50512071886365e-04
  1.54056122656250e-02   3.50511740766797e-04
  1.54177331250000e-02   3.50511409647229e-04
  1.54298539843750e-02   3.50511078527660e-04
  1.54419748437500e-02   3.50510747408092e-04
  1.54540957031250e-02   3.50510416288524e-04
  1.54662165625000e-02   3.50510085168955e-04
  1.54783374218750e-02   3.50509754049387e-04
  1.54904582812500e-02   3.50509422929818e-04
  1.55025791406250e-02   3.50509091810250e-04
  1.55147000000000e-02   3.50508760690682e-04
