  1.21208593750000e-05  -3.64106683403990e-19
  2.42417187500000e-05  -5.03985240300405e-19
  3.63625781250000e-05  -6.43863797196820e-19
  4.84834375000000e-05  -7.83742354093236e-19
  6.06042968750000e-05  -9.23620910989651e-19
  7.27251562500000e-05  -1.06349946788607e-18
  8.48460156250000e-05  -1.20337802478248e-18
  9.69668750000000e-05  -1.34325658167890e-18
  1.09087734375000e-04  -1.48313513857531e-18
  1.21208593750000e-04  -1.62301369547173e-18
  1.33329453125000e-04  -1.76289225236814e-18
  1.45450312500000e-04  -1.90277080926456e-18
  1.57571171875000e-04  -2.04264936616097e-18
  1.69692031250000e-04  -2.18252792305739e-18
  1.81812890625000e-04  -2.32240647995380e-18
  1.93933750000000e-04  -2.46228503685022e-18
  2.06054609375000e-04  -2.60216359374663e-18
  2.18175468750000e-04  -2.74204215064305e-18
  2.30296328125000e-04  -2.88192070753946e-18
  2.42417187500000e-04  -3.02179926443588e-18
  2.54538046875000e-04  -3.16167782133229e-18
  2.66658906250000e-04  -3.30155637822871e-18
  2.78779765625000e-04  -3.44143493512512e-18
  2.90900625000000e-04  -3.58131349202154e-18
  3.03021484375000e-04  -3.72119204891795e-18
  3.15142343750000e-04  -3.86107060581437e-18
  3.27263203125000e-04  -4.00094916271079e-18
  3.39384062500000e-04  -4.14082771960720e-18
  3.51504921875000e-04  -4.28070627650362e-18
  3.63625781250000e-04  -4.42058483340003e-18
  3.75746640625000e-04  -4.56046339029645e-18
  3.87867500000000e-04  -4.70034194719286e-18
  3.99988359375000e-04  -4.84022050408928e-18
  4.12109218750000e-04  -4.98009906098569e-18
  4.24230078125000e-04  -5.11997761788211e-18
  4.36350937500000e-04  -5.25985617477852e-18
  4.48471796875000e-04  -5.39973473167494e-18
  4.60592656250000e-04  -5.53961328857135e-18
  4.72713515625000e-04  -5.67949184546777e-18
  4.84834375000000e-04  -5.81937040236418e-18
  4.96955234375000e-04  -5.95924895926060e-18
  5.09076093750000e-04  -6.09912751615701e-18
  5.21196953125000e-04  -6.23900607305343e-18
  5.33317812500000e-04  -6.37888462994984e-18
  5.45438671875000e-04  -6.51876318684626e-18
  5.57559531250000e-04  -6.65864174374267e-18
  5.69680390625000e-04  -6.79852030063909e-18
  5.81801250000000e-04  -6.93839885753550e-18
  5.93922109375000e-04  -7.07827741443192e-18
  6.06042968750000e-04  -7.21815597132833e-18
  6.18163828125000e-04  -7.35803452822475e-18
  6.30284687500000e-04  -7.49791308512116e-18
  6.42405546875000e-04  -7.63779164201758e-18
  6.54526406250000e-04  -7.77767019891400e-18
  6.66647265625000e-04  -7.91754875581041e-18
  6.78768125000000e-04  -8.05742731270683e-18
  6.90888984375000e-04  -8.19730586960324e-18
  7.03009843750000e-04  -8.33718442649966e-18
  7.15130703125000e-04  -8.47706298339607e-18
  7.27251562500000e-04  -8.61694154029249e-18
  7.39372421875000e-04  -8.75682009718890e-18
  7.51493281250000e-04  -8.89669865408532e-18
  7.63614140625000e-04  -9.03657721098173e-18
  7.75735000000000e-04  -9.17645576787815e-18
  7.87855859375000e-04  -9.31633432477456e-18
  7.99976718750000e-04  -9.45621288167098e-18
  8.12097578125000e-04  -9.59609143856739e-18
  8.24218437500000e-04  -9.73596999546381e-18
  8.36339296875000e-04  -9.87584855236022e-18
  8.48460156250000e-04  -1.00157271092566e-17
  8.60581015625000e-04  -1.01556056661531e-17
  8.72701875000000e-04  -1.02954842230495e-17
  8.84822734375000e-04  -1.04353627799459e-17
  8.96943593750000e-04  -1.05752413368423e-17
  9.09064453125000e-04  -1.07151198937387e-17
  9.21185312500000e-04  -1.08549984506351e-17
  9.33306171875000e-04  -1.09948770075315e-17
  9.45427031250000e-04  -1.11347555644280e-17
  9.57547890625000e-04  -1.12746341213244e-17
  9.69668750000000e-04  -1.14145126782208e-17
  9.81789609375000e-04  -1.15543912351172e-17
  9.93910468750000e-04  -1.16942697920136e-17
  1.00603132812500e-03  -1.18341483489100e-17
  1.01815218750000e-03  -1.19740269058065e-17
  1.03027304687500e-03  -1.21139054627029e-17
  1.04239390625000e-03  -1.22537840195993e-17
  1.05451476562500e-03  -1.23936625764957e-17
  1.06663562500000e-03  -1.25335411333921e-17
  1.07875648437500e-03  -1.26734196902885e-17
  1.09087734375000e-03  -1.28132982471849e-17
  1.10299820312500e-03  -1.29531768040814e-17
  1.11511906250000e-03  -1.30930553609778e-17
  1.12723992187500e-03  -1.32329339178742e-17
  1.13936078125000e-03  -1.33728124747706e-17
  1.15148164062500e-03  -1.35126910316670e-17
  1.16360250000000e-03  -1.36525695885634e-17
  1.17572335937500e-03  -1.37924481454598e-17
  1.18784421875000e-03  -1.39323267023563e-17
  1.19996507812500e-03  -1.40722052592527e-17
  1.21208593750000e-03  -1.42120838161491e-17
  1.22420679687500e-03  -1.43519623730455e-17
  1.23632765625000e-03  -1.44918409299419e-17
  1.24844851562500e-03  -1.46317194868383e-17
  1.26056937500000e-03  -1.47715980437348e-17
  1.27269023437500e-03  -1.49114766006312e-17
  1.28481109375000e-03  -1.50513551575276e-17
  1.29693195312500e-03  -1.51912337144240e-17
  1.30905281250000e-03  -1.53311122713204e-17
  1.32117367187500e-03  -1.54709908282168e-17
  1.33329453125000e-03  -1.56108693851132e-17
  1.34541539062500e-03  -1.57507479420097e-17
  1.35753625000000e-03  -1.58906264989061e-17
  1.36965710937500e-03  -1.60305050558025e-17
  1.38177796875000e-03  -1.61703836126989e-17
  1.39389882812500e-03  -1.63102621695953e-17
  1.40601968750000e-03  -1.64501407264917e-17
  1.41814054687500e-03  -1.65900192833882e-17
  1.43026140625000e-03  -1.67298978402846e-17
  1.44238226562500e-03  -1.68697763971810e-17
  1.45450312500000e-03  -1.70096549540774e-17
  1.46662398437500e-03  -1.71495335109738e-17
  1.47874484375000e-03  -1.72894120678702e-17
  1.49086570312500e-03  -1.74292906247666e-17
  1.50298656250000e-03  -1.75691691816631e-17
  1.51510742187500e-03  -1.77090477385595e-17
  1.52722828125000e-03  -1.78489262954559e-17
  1.53934914062500e-03  -1.79888048523523e-17
  1.55147000000000e-03  -1.81286834092487e-17
  1.56359085937500e-03  -1.82685619661451e-17
  1.57571171875000e-03  -1.84084405230416e-17
  1.58783257812500e-03  -1.85483190799380e-17
  1.59995343750000e-03  -1.86881976368344e-17
  1.61207429687500e-03  -1.88280761937308e-17
  1.62419515625000e-03  -1.89679547506272e-17
  1.63631601562500e-03  -1.91078333075236e-17
  1.64843687500000e-03  -1.92477118644200e-17
  1.66055773437500e-03  -1.93875904213165e-17
  1.67267859375000e-03  -1.95274689782129e-17
  1.68479945312500e-03  -1.96673475351093e-17
  1.69692031250000e-03  -1.98072260920057e-17
  1.70904117187500e-03  -1.99471046489021e-17
  1.72116203125000e-03  -2.00869832057985e-17
  1.73328289062500e-03  -2.02268617626950e-17
  1.74540375000000e-03  -2.03667403195914e-17
  1.75752460937500e-03  -2.05066188764878e-17
  1.76964546875000e-03  -2.06464974333842e-17
  1.78176632812500e-03  -2.07863759902806e-17
  1.79388718750000e-03  -2.09262545471770e-17
  1.80600804687500e-03  -2.10661331040734e-17
  1.81812890625000e-03  -2.12060116609699e-17
  1.83024976562500e-03  -2.13458902178663e-17
  1.84237062500000e-03  -2.14857687747627e-17
  1.85449148437500e-03  -2.16256473316591e-17
  1.86661234375000e-03  -2.17655258885555e-17
  1.87873320312500e-03  -2.19054044454519e-17
  1.89085406250000e-03  -2.20452830023483e-17
  1.90297492187500e-03  -2.21851615592448e-17
  1.91509578125000e-03  -2.23250401161412e-17
  1.92721664062500e-03  -2.24649186730376e-17
  1.93933750000000e-03  -2.26047972299340e-17
  1.95145835937500e-03  -2.27446757868304e-17
  1.96357921875000e-03  -2.28845543437268e-17
  1.97570007812500e-03  -2.30244329006233e-17
  1.98782093750000e-03  -2.31643114575197e-17
  1.99994179687500e-03  -2.33041900144161e-17
  2.01206265625000e-03  -2.34440685713125e-17
  2.02418351562500e-03  -2.35839471282089e-17
  2.03630437500000e-03  -2.37238256851053e-17
  2.04842523437500e-03  -2.38637042420017e-17
  2.06054609375000e-03  -2.40035827988982e-17
  2.07266695312500e-03  -2.41434613557946e-17
  2.08478781250000e-03  -2.42833399126910e-17
  2.09690867187500e-03  -2.44232184695874e-17
  2.10902953125000e-03  -2.45630970264838e-17
  2.12115039062500e-03  -2.47029755833802e-17
  2.13327125000000e-03  -2.48428541402767e-17
  2.14539210937500e-03  -2.49827326971731e-17
  2.15751296875000e-03  -2.51226112540695e-17
  2.16963382812500e-03  -2.52624898109659e-17
  2.18175468750000e-03  -2.54023683678623e-17
  2.19387554687500e-03  -2.55422469247587e-17
  2.20599640625000e-03  -2.56821254816551e-17
  2.21811726562500e-03  -2.58220040385516e-17
  2.23023812500000e-03  -2.59618825954480e-17
  2.24235898437500e-03  -2.61017611523444e-17
  2.25447984375000e-03  -2.62416397092408e-17
  2.26660070312500e-03  -2.63815182661372e-17
  2.27872156250000e-03  -2.65213968230336e-17
  2.29084242187500e-03  -2.66612753799300e-17
  2.30296328125000e-03  -2.68011539368265e-17
  2.31508414062500e-03  -2.69410324937229e-17
  2.32720500000000e-03  -2.70809110506193e-17
  2.33932585937500e-03  -2.72207896075157e-17
  2.35144671875000e-03  -2.73606681644121e-17
  2.36356757812500e-03  -2.75005467213085e-17
  2.37568843750000e-03  -2.76404252782050e-17
  2.38780929687500e-03  -2.77803038351014e-17
  2.39993015625000e-03  -2.79201823919978e-17
  2.41205101562500e-03  -2.80600609488942e-17
  2.42417187500000e-03  -2.81999395057906e-17
  2.43629273437500e-03  -2.83398180626870e-17
  2.44841359375000e-03  -2.84796966195834e-17
  2.46053445312500e-03  -2.86195751764799e-17
  2.47265531250000e-03  -2.87594537333763e-17
  2.48477617187500e-03  -2.88993322902727e-17
  2.49689703125000e-03  -2.90392108471691e-17
  2.50901789062500e-03  -2.91790894040655e-17
  2.52113875000000e-03  -2.93189679609619e-17
  2.53325960937500e-03  -2.94588465178583e-17
  2.54538046875000e-03  -2.95987250747548e-17
  2.55750132812500e-03  -2.97386036316512e-17
  2.56962218750000e-03  -2.98784821885476e-17
  2.58174304687500e-03  -3.00183607454440e-17
  2.59386390625000e-03  -3.01582393023404e-17
  2.60598476562500e-03  -3.02981178592368e-17
  2.61810562500000e-03  -3.04379964161333e-17
  2.63022648437500e-03  -3.05778749730297e-17
  2.64234734375000e-03  -3.07177535299261e-17
  2.65446820312500e-03  -3.08576320868225e-17
  2.66658906250000e-03  -3.09975106437189e-17
  2.67870992187500e-03  -3.11373892006153e-17
  2.69083078125000e-03  -3.12772677575118e-17
  2.70295164062500e-03  -3.14171463144082e-17
  2.71507250000000e-03  -3.15570248713046e-17
  2.72719335937500e-03  -3.16969034282010e-17
  2.73931421875000e-03  -3.18367819850974e-17
  2.75143507812500e-03  -3.19766605419938e-17
  2.76355593750000e-03  -3.21165390988902e-17
  2.77567679687500e-03  -3.22564176557867e-17
  2.78779765625000e-03  -3.23962962126831e-17
  2.79991851562500e-03  -3.25361747695795e-17
  2.81203937500000e-03  -3.26760533264759e-17
  2.82416023437500e-03  -3.28159318833723e-17
  2.83628109375000e-03  -3.29558104402687e-17
  2.84840195312500e-03  -3.30956889971652e-17
  2.86052281250000e-03  -3.32355675540616e-17
  2.87264367187500e-03  -3.33754461109580e-17
  2.88476453125000e-03  -3.35153246678544e-17
  2.89688539062500e-03  -3.36552032247508e-17
  2.90900625000000e-03  -3.37950817816472e-17
  2.92112710937500e-03  -3.39349603385436e-17
  2.93324796875000e-03  -3.40748388954401e-17
  2.94536882812500e-03  -3.42147174523365e-17
  2.95748968750000e-03  -3.43545960092329e-17
  2.96961054687500e-03  -3.44944745661293e-17
  2.98173140625000e-03  -3.46343531230257e-17
  2.99385226562500e-03  -3.47742316799221e-17
  3.00597312500000e-03  -3.49141102368185e-17
  3.01809398437500e-03  -3.50539887937150e-17
  3.03021484375000e-03  -3.51938673506114e-17
  3.04233570312500e-03  -3.53337459075078e-17
  3.05445656250000e-03  -3.54736244644042e-17
  3.06657742187500e-03  -3.56135030213006e-17
  3.07869828125000e-03  -3.57533815781970e-17
  3.09081914062500e-03  -3.58932601350935e-17
  3.10294000000000e-03  -3.60331386919899e-17
  3.11506085937500e-03  -3.63180840580953e-17
  3.12718171875000e-03  -3.66030294242007e-17
  3.13930257812500e-03  -3.68879747903062e-17
  3.15142343750000e-03  -3.71729201564116e-17
  3.16354429687500e-03  -3.74578655225171e-17
  3.17566515625000e-03  -3.77428108886225e-17
  3.18778601562500e-03  -3.80277562547280e-17
  3.19990687500000e-03  -3.83127016208334e-17
  3.21202773437500e-03  -3.85976469869388e-17
  3.22414859375000e-03  -3.88825923530443e-17
  3.23626945312500e-03  -3.91675377191497e-17
  3.24839031250000e-03  -3.94524830852552e-17
  3.26051117187500e-03  -3.97374284513606e-17
  3.27263203125000e-03  -4.00223738174661e-17
  3.28475289062500e-03  -4.03073191835715e-17
  3.29687375000000e-03  -4.05922645496769e-17
  3.30899460937500e-03  -4.08772099157824e-17
  3.32111546875000e-03  -4.11621552818878e-17
  3.33323632812500e-03  -4.14471006479933e-17
  3.34535718750000e-03  -4.17320460140987e-17
  3.35747804687500e-03  -4.20169913802042e-17
  3.36959890625000e-03  -4.23019367463096e-17
  3.38171976562500e-03  -4.25868821124150e-17
  3.39384062500000e-03  -4.28718274785205e-17
  3.40596148437500e-03  -4.31567728446259e-17
  3.41808234375000e-03  -4.34417182107314e-17
  3.43020320312500e-03  -4.37266635768368e-17
  3.44232406250000e-03  -4.40116089429423e-17
  3.45444492187500e-03  -4.42965543090477e-17
  3.46656578125000e-03  -4.45814996751531e-17
  3.47868664062500e-03  -4.48664450412586e-17
  3.49080750000000e-03  -4.51513904073640e-17
  3.50292835937500e-03  -4.54363357734695e-17
  3.51504921875000e-03  -4.57212811395749e-17
  3.52717007812500e-03  -4.60062265056804e-17
  3.53929093750000e-03  -4.62911718717858e-17
  3.55141179687500e-03  -4.65761172378912e-17
  3.56353265625000e-03  -4.68610626039967e-17
  3.57565351562500e-03  -4.71460079701021e-17
  3.58777437500000e-03  -4.74309533362076e-17
  3.59989523437500e-03  -4.77158987023130e-17
  3.61201609375000e-03  -4.80008440684184e-17
  3.62413695312500e-03  -4.82857894345239e-17
  3.63625781250000e-03  -4.85707348006293e-17
  3.64837867187500e-03  -4.88556801667348e-17
  3.66049953125000e-03  -4.91406255328402e-17
  3.67262039062500e-03  -4.94255708989457e-17
  3.68474125000000e-03  -4.97105162650511e-17
  3.69686210937500e-03  -4.99954616311566e-17
  3.70898296875000e-03  -5.02804069972620e-17
  3.72110382812500e-03  -5.05653523633674e-17
  3.73322468750000e-03  -5.08502977294729e-17
  3.74534554687500e-03  -5.11352430955783e-17
  3.75746640625000e-03  -5.14201884616838e-17
  3.76958726562500e-03  -5.17051338277892e-17
  3.78170812500000e-03  -5.19900791938947e-17
  3.79382898437500e-03  -5.22750245600001e-17
  3.80594984375000e-03  -5.25599699261055e-17
  3.81807070312500e-03  -5.28449152922110e-17
  3.83019156250000e-03  -5.31298606583164e-17
  3.84231242187500e-03  -5.34148060244219e-17
  3.85443328125000e-03  -5.36997513905273e-17
  3.86655414062500e-03  -5.39846967566328e-17
  3.87867500000000e-03  -5.42696421227382e-17
  3.89079585937500e-03  -5.45545874888436e-17
  3.90291671875000e-03  -5.48395328549491e-17
  3.91503757812500e-03  -5.51244782210545e-17
  3.92715843750000e-03  -5.54094235871600e-17
  3.93927929687500e-03  -5.56943689532654e-17
  3.95140015625000e-03  -5.59793143193708e-17
  3.96352101562500e-03  -5.62642596854763e-17
  3.97564187500000e-03  -5.65492050515817e-17
  3.98776273437500e-03  -5.68341504176872e-17
  3.99988359375000e-03  -5.71190957837926e-17
  4.01200445312500e-03  -5.74040411498981e-17
  4.02412531250000e-03  -5.76889865160035e-17
  4.03624617187500e-03  -5.79739318821089e-17
  4.04836703125000e-03  -5.82588772482144e-17
  4.06048789062500e-03  -5.85438226143198e-17
  4.07260875000000e-03  -5.88287679804253e-17
  4.08472960937500e-03  -5.91137133465307e-17
  4.09685046875000e-03  -5.93986587126362e-17
  4.10897132812500e-03  -5.96836040787416e-17
  4.12109218750000e-03  -5.99685494448470e-17
  4.13321304687500e-03  -6.02534948109525e-17
  4.14533390625000e-03  -6.05384401770579e-17
  4.15745476562500e-03  -6.08233855431634e-17
  4.16957562500000e-03  -6.11083309092688e-17
  4.18169648437500e-03  -6.13932762753743e-17
  4.19381734375000e-03  -6.16782216414797e-17
  4.20593820312500e-03  -6.19631670075851e-17
  4.21805906250000e-03  -6.22481123736906e-17
  4.23017992187500e-03  -6.25330577397960e-17
  4.24230078125000e-03  -6.28180031059015e-17
  4.25442164062500e-03  -6.31029484720069e-17
  4.26654250000000e-03  -6.33878938381124e-17
  4.27866335937500e-03  -6.36728392042178e-17
  4.29078421875000e-03  -6.39577845703232e-17
  4.30290507812500e-03  -6.42427299364287e-17
  4.31502593750000e-03  -6.45276753025341e-17
  4.32714679687500e-03  -6.48126206686396e-17
  4.33926765625000e-03  -6.50975660347450e-17
  4.35138851562500e-03  -6.53825114008505e-17
  4.36350937500000e-03  -6.56674567669559e-17
  4.37563023437500e-03  -6.59524021330613e-17
  4.38775109375000e-03  -6.62373474991668e-17
  4.39987195312500e-03  -6.65222928652722e-17
  4.41199281250000e-03  -6.68072382313777e-17
  4.42411367187500e-03  -6.70921835974831e-17
  4.43623453125000e-03  -6.73771289635885e-17
  4.44835539062500e-03  -6.76620743296940e-17
  4.46047625000000e-03  -6.79470196957994e-17
  4.47259710937500e-03  -6.82319650619049e-17
  4.48471796875000e-03  -6.85169104280103e-17
  4.49683882812500e-03  -6.88018557941158e-17
  4.50895968750000e-03  -6.90868011602212e-17
  4.52108054687500e-03  -6.93717465263266e-17
  4.53320140625000e-03  -6.96566918924321e-17
  4.54532226562500e-03  -6.99416372585375e-17
  4.55744312500000e-03  -7.02265826246430e-17
  4.56956398437500e-03  -7.05115279907484e-17
  4.58168484375000e-03  -7.07964733568539e-17
  4.59380570312500e-03  -7.10814187229593e-17
  4.60592656250000e-03  -7.13663640890647e-17
  4.61804742187500e-03  -7.16513094551702e-17
  4.63016828125000e-03  -7.19362548212756e-17
  4.64228914062500e-03  -7.22212001873811e-17
  4.65441000000000e-03  -7.25061455534865e-17
  4.66653085937500e-03  -7.27910909195920e-17
  4.67865171875000e-03  -7.30760362856974e-17
  4.69077257812500e-03  -7.33609816518028e-17
  4.70289343750000e-03  -7.36459270179083e-17
  4.71501429687500e-03  -7.39308723840137e-17
  4.72713515625000e-03  -7.42158177501192e-17
  4.73925601562500e-03  -7.45007631162246e-17
  4.75137687500000e-03  -7.47857084823301e-17
  4.76349773437500e-03  -7.50706538484355e-17
  4.77561859375000e-03  -7.53555992145409e-17
  4.78773945312500e-03  -7.56405445806464e-17
  4.79986031250000e-03  -7.59254899467518e-17
  4.81198117187500e-03  -7.62104353128573e-17
  4.82410203125000e-03  -7.64953806789627e-17
  4.83622289062500e-03  -7.67803260450682e-17
  4.84834375000000e-03  -7.70652714111736e-17
  4.86046460937500e-03  -7.73502167772790e-17
  4.87258546875000e-03  -7.76351621433845e-17
  4.88470632812500e-03  -7.79201075094899e-17
  4.89682718750000e-03  -7.82050528755954e-17
  4.90894804687500e-03  -7.84899982417008e-17
  4.92106890625000e-03  -7.87749436078062e-17
  4.93318976562500e-03  -7.90598889739117e-17
  4.94531062500000e-03  -7.93448343400171e-17
  4.95743148437500e-03  -7.96297797061226e-17
  4.96955234375000e-03  -7.99147250722280e-17
  4.98167320312500e-03  -8.01996704383335e-17
  4.99379406250000e-03  -8.04846158044389e-17
  5.00591492187500e-03  -8.07695611705443e-17
  5.01803578125000e-03  -8.10545065366498e-17
  5.03015664062500e-03  -8.13394519027552e-17
  5.04227750000000e-03  -8.16243972688607e-17
  5.05439835937500e-03  -8.19093426349661e-17
  5.06651921875000e-03  -8.21942880010716e-17
  5.07864007812500e-03  -8.24792333671770e-17
  5.09076093750000e-03  -8.27641787332824e-17
  5.10288179687500e-03  -8.30491240993879e-17
  5.11500265625000e-03  -8.33340694654933e-17
  5.12712351562500e-03  -8.36190148315988e-17
  5.13924437500000e-03  -8.39039601977042e-17
  5.15136523437500e-03  -8.41889055638097e-17
  5.16348609375000e-03  -8.44738509299151e-17
  5.17560695312500e-03  -8.47587962960205e-17
  5.18772781250000e-03  -8.50437416621260e-17
  5.19984867187500e-03  -8.53286870282314e-17
  5.21196953125000e-03  -8.56136323943369e-17
  5.22409039062500e-03  -8.58985777604423e-17
  5.23621125000000e-03  -8.61835231265478e-17
  5.24833210937500e-03  -8.64684684926532e-17
  5.26045296875000e-03  -8.67534138587587e-17
  5.27257382812500e-03  -8.70383592248641e-17
  5.28469468750000e-03  -8.73233045909695e-17
  5.29681554687500e-03  -8.76082499570750e-17
  5.30893640625000e-03  -8.78931953231804e-17
  5.32105726562500e-03  -8.81781406892859e-17
  5.33317812500000e-03  -8.84630860553913e-17
  5.34529898437500e-03  -8.87480314214968e-17
  5.35741984375000e-03  -8.90329767876022e-17
  5.36954070312500e-03  -8.93179221537076e-17
  5.38166156250000e-03  -8.96028675198131e-17
  5.39378242187500e-03  -8.98878128859185e-17
  5.40590328125000e-03  -9.01727582520240e-17
  5.41802414062500e-03  -9.04577036181294e-17
  5.43014500000000e-03  -9.07426489842349e-17
  5.44226585937500e-03  -9.10275943503403e-17
  5.45438671875000e-03  -9.13125397164457e-17
  5.46650757812500e-03  -9.15974850825512e-17
  5.47862843750000e-03  -9.18824304486566e-17
  5.49074929687500e-03  -9.21673758147621e-17
  5.50287015625000e-03  -9.24523211808675e-17
  5.51499101562500e-03  -9.27372665469730e-17
  5.52711187500000e-03  -9.30222119130784e-17
  5.53923273437500e-03  -9.33071572791838e-17
  5.55135359375000e-03  -9.35921026452893e-17
  5.56347445312500e-03  -9.38770480113947e-17
  5.57559531250000e-03  -9.41619933775002e-17
  5.58771617187500e-03  -9.44469387436056e-17
  5.59983703125000e-03  -9.47318841097111e-17
  5.61195789062500e-03  -9.50168294758165e-17
  5.62407875000000e-03  -9.53017748419219e-17
  5.63619960937500e-03  -9.55867202080274e-17
  5.64832046875000e-03  -9.58716655741328e-17
  5.66044132812500e-03  -9.61566109402383e-17
  5.67256218750000e-03  -9.64415563063437e-17
  5.68468304687500e-03  -9.67265016724491e-17
  5.69680390625000e-03  -9.70114470385546e-17
  5.70892476562500e-03  -9.72963924046600e-17
  5.72104562500000e-03  -9.75813377707655e-17
  5.73316648437500e-03  -9.78662831368709e-17
  5.74528734375000e-03  -9.81512285029764e-17
  5.75740820312500e-03  -9.84361738690818e-17
  5.76952906250000e-03  -9.87211192351872e-17
  5.78164992187500e-03  -9.90060646012927e-17
  5.79377078125000e-03  -9.92910099673981e-17
  5.80589164062500e-03  -9.95759553335036e-17
  5.81801250000000e-03  -9.98609006996090e-17
  5.83013335937500e-03  -1.00145846065714e-16
  5.84225421875000e-03  -1.00430791431820e-16
  5.85437507812500e-03  -1.00715736797925e-16
  5.86649593750000e-03  -1.01000682164031e-16
  5.87861679687500e-03  -1.01285627530136e-16
  5.89073765625000e-03  -1.01570572896242e-16
  5.90285851562500e-03  -1.01855518262347e-16
  5.91497937500000e-03  -1.02140463628453e-16
  5.92710023437500e-03  -1.02425408994558e-16
  5.93922109375000e-03  -1.02710354360663e-16
  5.95134195312500e-03  -1.02995299726769e-16
  5.96346281250000e-03  -1.03280245092874e-16
  5.97558367187500e-03  -1.03565190458980e-16
  5.98770453125000e-03  -1.03850135825085e-16
  5.99982539062500e-03  -1.04135081191191e-16
  6.01194625000000e-03  -1.04420026557296e-16
  6.02406710937500e-03  -1.04704971923402e-16
  6.03618796875000e-03  -1.04989917289507e-16
  6.04830882812500e-03  -1.05274862655612e-16
  6.06042968750000e-03  -1.05559808021718e-16
  6.07255054687500e-03  -1.05844753387823e-16
  6.08467140625000e-03  -1.06129698753929e-16
  6.09679226562500e-03  -1.06414644120034e-16
  6.10891312500000e-03  -1.06699589486140e-16
  6.12103398437500e-03  -1.06984534852245e-16
  6.13315484375000e-03  -1.07269480218351e-16
  6.14527570312500e-03  -1.07554425584456e-16
  6.15739656250000e-03  -1.07839370950561e-16
  6.16951742187500e-03  -1.08124316316667e-16
  6.18163828125000e-03  -1.08409261682772e-16
  6.19375914062500e-03  -1.08694207048878e-16
  6.20588000000000e-03  -1.08979152414983e-16
  6.21800085937500e-03  -1.08488056255885e-16
  6.23012171875000e-03  -1.07996960096786e-16
  6.24224257812500e-03  -1.07505863937687e-16
  6.25436343750000e-03  -1.07014767778589e-16
  6.26648429687500e-03  -1.06523671619490e-16
  6.27860515625000e-03  -1.06032575460392e-16
  6.29072601562500e-03  -1.05541479301293e-16
  6.30284687500000e-03  -1.05050383142194e-16
  6.31496773437500e-03  -1.04559286983096e-16
  6.32708859375000e-03  -1.04068190823997e-16
  6.33920945312500e-03  -1.03577094664899e-16
  6.35133031250000e-03  -1.03085998505800e-16
  6.36345117187500e-03  -1.02594902346701e-16
  6.37557203125000e-03  -1.02103806187603e-16
  6.38769289062500e-03  -1.01612710028504e-16
  6.39981375000000e-03  -1.01121613869406e-16
  6.41193460937500e-03  -1.00630517710307e-16
  6.42405546875000e-03  -1.00139421551208e-16
  6.43617632812500e-03  -9.96483253921097e-17
  6.44829718750000e-03  -9.91572292330111e-17
  6.46041804687500e-03  -9.86661330739125e-17
  6.47253890625000e-03  -9.81750369148139e-17
  6.48465976562500e-03  -9.76839407557153e-17
  6.49678062500000e-03  -9.71928445966167e-17
  6.50890148437500e-03  -9.67017484375181e-17
  6.52102234375000e-03  -9.62106522784195e-17
  6.53314320312500e-03  -9.57195561193209e-17
  6.54526406250000e-03  -9.52284599602223e-17
  6.55738492187500e-03  -9.47373638011237e-17
  6.56950578125000e-03  -9.42462676420251e-17
  6.58162664062500e-03  -9.37551714829265e-17
  6.59374750000000e-03  -9.32640753238279e-17
  6.60586835937500e-03  -9.27729791647293e-17
  6.61798921875000e-03  -9.22818830056307e-17
  6.63011007812500e-03  -9.17907868465320e-17
  6.64223093750000e-03  -9.12996906874334e-17
  6.65435179687500e-03  -9.08085945283348e-17
  6.66647265625000e-03  -9.03174983692362e-17
  6.67859351562500e-03  -8.98264022101376e-17
  6.69071437500000e-03  -8.93353060510390e-17
  6.70283523437500e-03  -8.88442098919404e-17
  6.71495609375000e-03  -8.83531137328418e-17
  6.72707695312500e-03  -8.78620175737432e-17
  6.73919781250000e-03  -8.73709214146446e-17
  6.75131867187500e-03  -8.68798252555460e-17
  6.76343953125000e-03  -8.63887290964474e-17
  6.77556039062500e-03  -8.58976329373488e-17
  6.78768125000000e-03  -8.54065367782502e-17
  6.79980210937500e-03  -8.49154406191516e-17
  6.81192296875000e-03  -8.44243444600530e-17
  6.82404382812500e-03  -8.39332483009543e-17
  6.83616468750000e-03  -8.34421521418557e-17
  6.84828554687500e-03  -8.29510559827571e-17
  6.86040640625000e-03  -8.24599598236585e-17
  6.87252726562500e-03  -8.19688636645599e-17
  6.88464812500000e-03  -8.14777675054613e-17
  6.89676898437500e-03  -8.09866713463627e-17
  6.90888984375000e-03  -8.04955751872641e-17
  6.92101070312500e-03  -8.00044790281655e-17
  6.93313156250000e-03  -7.95133828690669e-17
  6.94525242187500e-03  -7.90222867099683e-17
  6.95737328125000e-03  -7.85311905508697e-17
  6.96949414062500e-03  -7.80400943917711e-17
  6.98161500000000e-03  -7.75489982326725e-17
  6.99373585937500e-03  -7.70579020735739e-17
  7.00585671875000e-03  -7.65668059144753e-17
  7.01797757812500e-03  -7.60757097553767e-17
  7.03009843750000e-03  -7.55846135962781e-17
  7.04221929687500e-03  -7.50935174371795e-17
  7.05434015625000e-03  -7.46024212780808e-17
  7.06646101562500e-03  -7.41113251189822e-17
  7.07858187500000e-03  -7.36202289598836e-17
  7.09070273437500e-03  -7.31291328007850e-17
  7.10282359375000e-03  -7.26380366416864e-17
  7.11494445312500e-03  -7.21469404825878e-17
  7.12706531250000e-03  -7.16558443234892e-17
  7.13918617187500e-03  -7.11647481643906e-17
  7.15130703125000e-03  -7.06736520052920e-17
  7.16342789062500e-03  -7.01825558461934e-17
  7.17554875000000e-03  -6.96914596870948e-17
  7.18766960937500e-03  -6.92003635279962e-17
  7.19979046875000e-03  -6.87092673688976e-17
  7.21191132812500e-03  -6.82181712097990e-17
  7.22403218750000e-03  -6.77270750507004e-17
  7.23615304687500e-03  -6.72359788916018e-17
  7.24827390625000e-03  -6.67448827325032e-17
  7.26039476562500e-03  -6.62537865734045e-17
  7.27251562500000e-03  -6.57626904143059e-17
  7.28463648437500e-03  -6.52715942552073e-17
  7.29675734375000e-03  -6.47804980961087e-17
  7.30887820312500e-03  -6.42894019370101e-17
  7.32099906250000e-03  -6.37983057779115e-17
  7.33311992187500e-03  -6.33072096188129e-17
  7.34524078125000e-03  -6.28161134597143e-17
  7.35736164062500e-03  -6.23250173006157e-17
  7.36948250000000e-03  -6.18339211415171e-17
  7.38160335937500e-03  -6.13428249824185e-17
  7.39372421875000e-03  -6.08517288233199e-17
  7.40584507812500e-03  -6.03606326642212e-17
  7.41796593750000e-03  -5.98695365051226e-17
  7.43008679687500e-03  -5.93784403460240e-17
  7.44220765625000e-03  -5.88873441869254e-17
  7.45432851562500e-03  -5.83962480278268e-17
  7.46644937500000e-03  -5.79051518687282e-17
  7.47857023437500e-03  -5.74140557096296e-17
  7.49069109375000e-03  -5.69229595505310e-17
  7.50281195312500e-03  -5.64318633914324e-17
  7.51493281250000e-03  -5.59407672323338e-17
  7.52705367187500e-03  -5.54496710732352e-17
  7.53917453125000e-03  -5.49585749141366e-17
  7.55129539062500e-03  -5.44674787550380e-17
  7.56341625000000e-03  -5.39763825959394e-17
  7.57553710937500e-03  -5.34852864368408e-17
  7.58765796875000e-03  -5.29941902777422e-17
  7.59977882812500e-03  -5.25030941186436e-17
  7.61189968750000e-03  -5.20119979595450e-17
  7.62402054687500e-03  -5.15209018004463e-17
  7.63614140625000e-03  -5.10298056413477e-17
  7.64826226562500e-03  -5.05387094822491e-17
  7.66038312500000e-03  -5.00476133231505e-17
  7.67250398437500e-03  -4.95565171640519e-17
  7.68462484375000e-03  -4.90654210049533e-17
  7.69674570312500e-03  -4.85743248458547e-17
  7.70886656250000e-03  -4.80832286867561e-17
  7.72098742187500e-03  -4.75921325276575e-17
  7.73310828125000e-03  -4.71010363685589e-17
  7.74522914062500e-03  -4.66099402094603e-17
  7.75735000000000e-03  -4.61188440503617e-17
  7.76947085937500e-03   3.43206417761788e-18
  7.78159171875000e-03   5.29829724055974e-17
  7.79371257812500e-03   1.02533880633577e-16
  7.80583343750000e-03   1.52084788861557e-16
  7.81795429687500e-03   2.01635697089540e-16
  7.83007515625000e-03   2.51186605317516e-16
  7.84219601562500e-03   3.00737513545499e-16
  7.85431687500000e-03   3.50288421773475e-16
  7.86643773437500e-03   3.99839330001458e-16
  7.87855859375000e-03   4.49390238229434e-16
  7.89067945312500e-03   4.98941146457417e-16
  7.90280031250000e-03   5.48492054685393e-16
  7.91492117187500e-03   5.98042962913376e-16
  7.92704203125000e-03   6.47593871141352e-16
  7.93916289062500e-03   6.97144779369335e-16
  7.95128375000000e-03   7.46695687597311e-16
  7.96340460937500e-03   7.96246595825294e-16
  7.97552546875000e-03   8.45797504053270e-16
  7.98764632812500e-03   8.95348412281254e-16
  7.99976718750000e-03   9.44899320509230e-16
  8.01188804687500e-03   9.94450228737213e-16
  8.02400890625000e-03   1.04400113696519e-15
  8.03612976562500e-03   1.09355204519317e-15
  8.04825062500000e-03   1.14310295342115e-15
  8.06037148437500e-03   1.19265386164913e-15
  8.07249234375000e-03   1.24220476987711e-15
  8.08461320312500e-03   1.29175567810509e-15
  8.09673406250000e-03   1.34130658633307e-15
  8.10885492187500e-03   1.39085749456105e-15
  8.12097578125000e-03   1.44040840278903e-15
  8.13309664062500e-03   1.48995931101701e-15
  8.14521750000000e-03   1.53951021924498e-15
  8.15733835937500e-03   1.58906112747297e-15
  8.16945921875000e-03   1.63861203570094e-15
  8.18158007812500e-03   1.68816294392893e-15
  8.19370093750000e-03   1.73771385215690e-15
  8.20582179687500e-03   1.78726476038489e-15
  8.21794265625000e-03   1.83681566861286e-15
  8.23006351562500e-03   1.88636657684084e-15
  8.24218437500000e-03   1.93591748506882e-15
  8.25430523437500e-03   1.98546839329680e-15
  8.26642609375000e-03   2.03501930152478e-15
  8.27854695312500e-03   2.08457020975276e-15
  8.29066781250000e-03   2.13412111798075e-15
  8.30278867187500e-03   2.18367202620872e-15
  8.31490953125000e-03   2.23322293443671e-15
  8.32703039062500e-03   2.28277384266468e-15
  8.33915125000000e-03   2.33232475089266e-15
  8.35127210937500e-03   2.38187565912064e-15
  8.36339296875000e-03   2.43142656734862e-15
  8.37551382812500e-03   2.48097747557660e-15
  8.38763468750000e-03   2.53052838380458e-15
  8.39975554687500e-03   2.58007929203256e-15
  8.41187640625000e-03   2.62963020026054e-15
  8.42399726562500e-03   2.67918110848852e-15
  8.43611812500000e-03   2.72873201671650e-15
  8.44823898437500e-03   2.77828292494448e-15
  8.46035984375000e-03   2.82783383317246e-15
  8.47248070312500e-03   2.87738474140044e-15
  8.48460156250000e-03   2.92693564962842e-15
  8.49672242187500e-03   2.97648655785639e-15
  8.50884328125000e-03   3.02603746608438e-15
  8.52096414062500e-03   3.07558837431235e-15
  8.53308500000000e-03   3.12513928254069e-15
  8.54520585937500e-03   5.66938707967920e-15
  8.55732671875000e-03   8.21363487681807e-15
  8.56944757812500e-03   1.07578826739566e-14
  8.58156843750000e-03   1.33021304710954e-14
  8.59368929687500e-03   1.58463782682340e-14
  8.60581015625000e-03   1.83906260653728e-14
  8.61793101562500e-03   2.09348738625113e-14
  8.63005187500000e-03   2.34791216596502e-14
  8.64217273437500e-03   2.60233694567887e-14
  8.65429359375000e-03   2.85676172539276e-14
  8.66641445312500e-03   3.11118650510661e-14
  8.67853531250000e-03   3.36561128482050e-14
  8.69065617187500e-03   3.62003606453435e-14
  8.70277703125000e-03   3.87446084424823e-14
  8.71489789062500e-03   4.12888562396208e-14
  8.72701875000000e-03   4.38331040367597e-14
  8.73913960937500e-03   4.63773518338982e-14
  8.75126046875000e-03   4.89215996310371e-14
  8.76338132812500e-03   5.14658474281756e-14
  8.77550218750000e-03   5.40100952253145e-14
  8.78762304687500e-03   5.65543430224530e-14
  8.79974390625000e-03   5.90985908195918e-14
  8.81186476562500e-03   6.16428386167303e-14
  8.82398562500000e-03   6.41870864138692e-14
  8.83610648437500e-03   6.67313342110077e-14
  8.84822734375000e-03   6.92755820081466e-14
  8.86034820312500e-03   7.18198298052851e-14
  8.87246906250000e-03   7.43640776024240e-14
  8.88458992187500e-03   7.69083253995625e-14
  8.89671078125000e-03   7.94525731967013e-14
  8.90883164062500e-03   8.19968209938399e-14
  8.92095250000000e-03   8.45410687909787e-14
  8.93307335937500e-03   8.70853165881172e-14
  8.94519421875000e-03   8.96295643852561e-14
  8.95731507812500e-03   9.21738121823946e-14
  8.96943593750000e-03   9.47180599795335e-14
  8.98155679687500e-03   9.72623077766720e-14
  8.99367765625000e-03   9.98065555738109e-14
  9.00579851562500e-03   1.02350803370949e-13
  9.01791937500000e-03   1.04895051168088e-13
  9.03004023437500e-03   1.07439298965227e-13
  9.04216109375000e-03   1.09983546762366e-13
  9.05428195312500e-03   1.12527794559504e-13
  9.06640281250000e-03   1.15072042356643e-13
  9.07852367187500e-03   1.17616290153781e-13
  9.09064453125000e-03   1.20160537950920e-13
  9.10276539062500e-03   1.22704785748059e-13
  9.11488625000000e-03   1.25249033545198e-13
  9.12700710937500e-03   1.27793281342336e-13
  9.13912796875000e-03   1.30337529139475e-13
  9.15124882812500e-03   1.32881776936614e-13
  9.16336968750000e-03   1.35426024733752e-13
  9.17549054687500e-03   1.37970272530891e-13
  9.18761140625000e-03   1.40514520328030e-13
  9.19973226562500e-03   1.43058768125168e-13
  9.21185312500000e-03   1.45603015922307e-13
  9.22397398437500e-03   1.48147263719446e-13
  9.23609484375000e-03   1.50691511516585e-13
  9.24821570312500e-03   1.53235759313723e-13
  9.26033656250000e-03   1.55780007110862e-13
  9.27245742187500e-03   1.58324254908001e-13
  9.28457828125000e-03   1.60868502705139e-13
  9.29669914062500e-03   1.63412750502278e-13
  9.30882000000000e-03   1.65956998299430e-13
  9.32094085937500e-03   2.64353086297690e-13
  9.33306171875000e-03   3.62749174295964e-13
  9.34518257812500e-03   4.61145262294224e-13
  9.35730343750000e-03   5.59541350292498e-13
  9.36942429687500e-03   6.57937438290758e-13
  9.38154515625000e-03   7.56333526289032e-13
  9.39366601562500e-03   8.54729614287292e-13
  9.40578687500000e-03   9.53125702285566e-13
  9.41790773437500e-03   1.05152179028383e-12
  9.43002859375000e-03   1.14991787828210e-12
  9.44214945312500e-03   1.24831396628036e-12
  9.45427031250000e-03   1.34671005427863e-12
  9.46639117187500e-03   1.44510614227689e-12
  9.47851203125000e-03   1.54350223027517e-12
  9.49063289062500e-03   1.64189831827343e-12
  9.50275375000000e-03   1.74029440627170e-12
  9.51487460937500e-03   1.83869049426996e-12
  9.52699546875000e-03   1.93708658226823e-12
  9.53911632812500e-03   2.03548267026649e-12
  9.55123718750000e-03   2.13387875826477e-12
  9.56335804687500e-03   2.23227484626303e-12
  9.57547890625000e-03   2.33067093426130e-12
  9.58759976562500e-03   2.42906702225956e-12
  9.59972062500000e-03   2.52746311025784e-12
  9.61184148437500e-03   2.62585919825610e-12
  9.62396234375000e-03   2.72425528625437e-12
  9.63608320312500e-03   2.82265137425263e-12
  9.64820406250000e-03   2.92104746225090e-12
  9.66032492187500e-03   3.01944355024916e-12
  9.67244578125000e-03   3.11783963824744e-12
  9.68456664062500e-03   3.21623572624570e-12
  9.69668750000000e-03   3.31463181424424e-12
  9.70880835937500e-03   5.26642359288279e-12
  9.72092921875000e-03   7.21821537152163e-12
  9.73305007812500e-03   9.17000715016018e-12
  9.74517093750000e-03   1.11217989287990e-11
  9.75729179687500e-03   1.30735907074376e-11
  9.76941265625000e-03   1.50253824860764e-11
  9.78153351562500e-03   1.69771742647150e-11
  9.79365437500000e-03   1.89289660433538e-11
  9.80577523437500e-03   2.08807578219923e-11
  9.81789609375000e-03   2.28325496006312e-11
  9.83001695312500e-03   2.47843413792697e-11
  9.84213781250000e-03   2.67361331579086e-11
  9.85425867187500e-03   2.86879249365471e-11
  9.86637953125000e-03   3.06397167151860e-11
  9.87850039062500e-03   3.25915084938245e-11
  9.89062125000000e-03   3.45433002724669e-11
  9.90274210937500e-03   6.10039047744431e-11
  9.91486296875000e-03   8.74645092764231e-11
  9.92698382812500e-03   1.13925113778399e-10
  9.93910468750000e-03   1.40385718280379e-10
  9.95122554687500e-03   1.66846322782356e-10
  9.96334640625000e-03   1.93306927284336e-10
  9.97546726562500e-03   2.19767531786312e-10
  9.98758812500000e-03   2.46228136288292e-10
  9.99970898437500e-03   2.72688740790268e-10
  1.00118298437500e-02   2.99149345292248e-10
  1.00239507031250e-02   3.25609949794224e-10
  1.00360715625000e-02   3.52070554296204e-10
  1.00481924218750e-02   3.78531158798180e-10
  1.00603132812500e-02   4.04991763300160e-10
  1.00724341406250e-02   4.31452367802137e-10
  1.00845550000000e-02   4.57912972304164e-10
  1.00966758593750e-02   8.16622659852283e-10
  1.01087967187500e-02   1.17533234740045e-09
  1.01209175781250e-02   1.53404203494857e-09
  1.01330384375000e-02   1.89275172249674e-09
  1.01451592968750e-02   2.25146141004486e-09
  1.01572801562500e-02   2.61017109759303e-09
  1.01694010156250e-02   2.96888078514115e-09
  1.01815218750000e-02   3.32759047268932e-09
  1.01936427343750e-02   3.68630016023744e-09
  1.02057635937500e-02   4.04500984778561e-09
  1.02178844531250e-02   4.40371953533373e-09
  1.02300053125000e-02   4.76242922288190e-09
  1.02421261718750e-02   5.12113891043002e-09
  1.02542470312500e-02   5.47984859797819e-09
  1.02663678906250e-02   5.83855828552631e-09
  1.02784887500000e-02   6.19726797307496e-09
  1.02906096093750e-02   9.93373348463565e-09
  1.03027304687500e-02   1.36701989961969e-08
  1.03148513281250e-02   1.74066645077576e-08
  1.03269721875000e-02   2.11431300193188e-08
  1.03390930468750e-02   2.48795955308795e-08
  1.03512139062500e-02   2.86160610424407e-08
  1.03633347656250e-02   3.23525265540019e-08
  1.03754556250000e-02   3.60889920655660e-08
  1.03875764843750e-02   6.32745047595480e-08
  1.03996973437500e-02   9.04600174535262e-08
  1.04118182031250e-02   1.17645530147508e-07
  1.04239390625000e-02   1.44831042841486e-07
  1.04360599218750e-02   1.72016555535468e-07
  1.04481807812500e-02   1.99202068229447e-07
  1.04603016406250e-02   2.26387580923429e-07
  1.04724225000000e-02   2.53573093617431e-07
  1.04845433593750e-02   4.51206081819460e-07
  1.04966642187500e-02   6.48839070021461e-07
  1.05087850781250e-02   8.46472058223490e-07
  1.05209059375000e-02   1.04410504642549e-06
  1.05330267968750e-02   1.24173803462752e-06
  1.05451476562500e-02   1.43937102282952e-06
  1.05572685156250e-02   1.63700401103155e-06
  1.05693893750000e-02   1.83463699923368e-06
  1.05815102343750e-02   2.96049510083632e-06
  1.05936310937500e-02   4.08635320243879e-06
  1.06057519531250e-02   5.21221130404143e-06
  1.06178728125000e-02   6.33806940564441e-06
  1.06299936718750e-02   1.09771612910888e-05
  1.06421145312500e-02   1.56162531765326e-05
  1.06542353906250e-02   2.02553450619770e-05
  1.06663562500000e-02   2.48944369474222e-05
  1.06784771093750e-02   4.03533556784885e-05
  1.06905979687500e-02   5.58122744095559e-05
  1.07027188281250e-02   9.51222668635148e-05
  1.07148396875000e-02   1.34432259317477e-04
  1.07269605468750e-02   2.33567583052706e-04
  1.07390814062500e-02   3.32702906787937e-04
  1.07512022656250e-02   5.43441893956760e-04
  1.07633231250000e-02   9.08766545957739e-04
  1.07754439843750e-02   1.53412223990210e-03
  1.07875648437500e-02   2.58518818095710e-03
  1.07996857031250e-02   4.30673126413447e-03
  1.08118065625000e-02   7.15555071386323e-03
  1.08239274218750e-02   1.17048532984951e-02
  1.08360482812500e-02   1.86062772633936e-02
  1.08481691406250e-02   2.82712053098818e-02
  1.08602900000000e-02   4.08528018770277e-02
  1.08724108593750e-02   5.62555664066557e-02
  1.08845317187500e-02   7.39395802944976e-02
  1.08966525781250e-02   9.24682298893072e-02
  1.09087734375000e-02   1.09503122482335e-01
  1.09208942968750e-02   1.22918945196518e-01
  1.09330151562500e-02   1.32111147053240e-01
  1.09451360156250e-02   1.37907417745831e-01
  1.09572568750000e-02   1.41475532563132e-01
  1.09693777343750e-02   1.43715471494867e-01
  1.09814985937500e-02   1.45178346876129e-01
  1.09936194531250e-02   1.46170950652719e-01
  1.10057403125000e-02   1.46878599018160e-01
  1.10178611718750e-02   1.47399134606116e-01
  1.10299820312500e-02   1.47791700677456e-01
  1.10421028906250e-02   1.48090206513603e-01
  1.10542237500000e-02   1.48325780353371e-01
  1.10663446093750e-02   1.48514452090439e-01
  1.10784654687500e-02   1.48667493499804e-01
  1.10905863281250e-02   1.48793019880079e-01
  1.11027071875000e-02   1.48896966777045e-01
  1.11148280468750e-02   1.48975030965248e-01
  1.11269489062500e-02   1.49053095153452e-01
  1.11390697656250e-02   1.49110202640825e-01
  1.11511906250000e-02   1.49167310128199e-01
  1.11633114843750e-02   1.49210186953242e-01
  1.11754323437500e-02   1.49253063778286e-01
  1.11875532031250e-02   1.49285962447334e-01
  1.11996740625000e-02   1.49318861116382e-01
  1.12117949218750e-02   1.49340865710037e-01
  1.12239157812500e-02   1.49362870303693e-01
  1.12360366406250e-02   1.49384874897349e-01
  1.12481575000000e-02   1.49406879491005e-01
  1.12602783593750e-02   1.49421516901450e-01
  1.12723992187500e-02   1.49436154311896e-01
  1.12845200781250e-02   1.49450791722342e-01
  1.12966409375000e-02   1.49465429132788e-01
  1.13087617968750e-02   1.49475570468335e-01
  1.13208826562500e-02   1.49485711803883e-01
  1.13330035156250e-02   1.49495853139431e-01
  1.13451243750000e-02   1.49505994474978e-01
  1.13572452343750e-02   1.49511788988480e-01
  1.13693660937500e-02   1.49517583501983e-01
  1.13814869531250e-02   1.49523378015485e-01
  1.13936078125000e-02   1.49529172528987e-01
  1.14057286718750e-02   1.49534967042489e-01
  1.14178495312500e-02   1.49540761555992e-01
  1.14299703906250e-02   1.49546556069494e-01
  1.14420912500000e-02   1.49552350582996e-01
  1.14542121093750e-02   1.49555687183519e-01
  1.14663329687500e-02   1.49559023784042e-01
  1.14784538281250e-02   1.49562360384566e-01
  1.14905746875000e-02   1.49565696985089e-01
  1.15026955468750e-02   1.49569033585612e-01
  1.15148164062500e-02   1.49572370186135e-01
  1.15269372656250e-02   1.49575706786658e-01
  1.15390581250000e-02   1.49579043387181e-01
  1.15511789843750e-02   1.49581044244785e-01
  1.15632998437500e-02   1.49583045102389e-01
  1.15754207031250e-02   1.49585045959994e-01
  1.15875415625000e-02   1.49587046817598e-01
  1.15996624218750e-02   1.49589047675202e-01
  1.16117832812500e-02   1.49591048532806e-01
  1.16239041406250e-02   1.49593049390411e-01
  1.16360250000000e-02   1.49595050248015e-01
  1.16481458593750e-02   1.49595940552104e-01
  1.16602667187500e-02   1.49596830856193e-01
  1.16723875781250e-02   1.49597721160283e-01
  1.16845084375000e-02   1.49598611464372e-01
  1.16966292968750e-02   1.49599501768462e-01
  1.17087501562500e-02   1.49600392072551e-01
  1.17208710156250e-02   1.49601282376640e-01
  1.17329918750000e-02   1.49602172680730e-01
  1.17451127343750e-02   1.49603062984819e-01
  1.17572335937500e-02   1.49603953288908e-01
  1.17693544531250e-02   1.49604843592998e-01
  1.17814753125000e-02   1.49605733897087e-01
  1.17935961718750e-02   1.49606624201177e-01
  1.18057170312500e-02   1.49607514505266e-01
  1.18178378906250e-02   1.49608404809355e-01
  1.18299587500000e-02   1.49609295113445e-01
  1.18420796093750e-02   1.49609687214740e-01
  1.18542004687500e-02   1.49610079316035e-01
  1.18663213281250e-02   1.49610471417330e-01
  1.18784421875000e-02   1.49610863518626e-01
  1.18905630468750e-02   1.49611255619921e-01
  1.19026839062500e-02   1.49611647721216e-01
  1.19148047656250e-02   1.49612039822511e-01
  1.19269256250000e-02   1.49612431923807e-01
  1.19390464843750e-02   1.49612824025102e-01
  1.19511673437500e-02   1.49613216126397e-01
  1.19632882031250e-02   1.49613608227692e-01
  1.19754090625000e-02   1.49614000328987e-01
  1.19875299218750e-02   1.49614392430283e-01
  1.19996507812500e-02   1.49614784531578e-01
  1.20117716406250e-02   1.49615176632873e-01
  1.20238925000000e-02   1.49615568734168e-01
  1.20360133593750e-02   1.49615679143802e-01
  1.20481342187500e-02   1.49615789553435e-01
  1.20602550781250e-02   1.49615899963068e-01
  1.20723759375000e-02   1.49616010372702e-01
  1.20844967968750e-02   1.49616120782335e-01
  1.20966176562500e-02   1.49616231191968e-01
  1.21087385156250e-02   1.49616341601602e-01
  1.21208593750000e-02   1.49616452011235e-01
  1.21329802343750e-02   1.49616562420868e-01
  1.21451010937500e-02   1.49616672830502e-01
  1.21572219531250e-02   1.49616783240135e-01
  1.21693428125000e-02   1.49616893649768e-01
  1.21814636718750e-02   1.49617004059402e-01
  1.21935845312500e-02   1.49617114469035e-01
  1.22057053906250e-02   1.49617224878668e-01
  1.22178262500000e-02   1.49617335288302e-01
  1.22299471093750e-02   1.49617445697935e-01
  1.22420679687500e-02   1.49617556107568e-01
  1.22541888281250e-02   1.49617666517202e-01
  1.22663096875000e-02   1.49617776926835e-01
  1.22784305468750e-02   1.49617887336468e-01
  1.22905514062500e-02   1.49617997746102e-01
  1.23026722656250e-02   1.49618108155735e-01
  1.23147931250000e-02   1.49618218565368e-01
  1.23269139843750e-02   1.49618328975002e-01
  1.23390348437500e-02   1.49618439384635e-01
  1.23511557031250e-02   1.49618549794268e-01
  1.23632765625000e-02   1.49618660203902e-01
  1.23753974218750e-02   1.49618770613535e-01
  1.23875182812500e-02   1.49618881023168e-01
  1.23996391406250e-02   1.49618991432801e-01
  1.24117600000000e-02   1.49619101842435e-01
  1.24238808593750e-02   1.49619118828980e-01
  1.24360017187500e-02   1.49619135815525e-01
  1.24481225781250e-02   1.49619152802071e-01
  1.24602434375000e-02   1.49619169788616e-01
  1.24723642968750e-02   1.49619186775161e-01
  1.24844851562500e-02   1.49619203761707e-01
  1.24966060156250e-02   1.49619220748252e-01
  1.25087268750000e-02   1.49619237734797e-01
  1.25208477343750e-02   1.49619254721342e-01
  1.25329685937500e-02   1.49619271707888e-01
  1.25450894531250e-02   1.49619288694433e-01
  1.25572103125000e-02   1.49619305680978e-01
  1.25693311718750e-02   1.49619322667524e-01
  1.25814520312500e-02   1.49619339654069e-01
  1.25935728906250e-02   1.49619356640614e-01
  1.26056937500000e-02   1.49619373627159e-01
  1.26178146093750e-02   1.49619390613705e-01
  1.26299354687500e-02   1.49619407600250e-01
  1.26420563281250e-02   1.49619424586795e-01
  1.26541771875000e-02   1.49619441573341e-01
  1.26662980468750e-02   1.49619458559886e-01
  1.26784189062500e-02   1.49619475546431e-01
  1.26905397656250e-02   1.49619492532977e-01
  1.27026606250000e-02   1.49619509519522e-01
  1.27147814843750e-02   1.49619526506067e-01
  1.27269023437500e-02   1.49619543492612e-01
  1.27390232031250e-02   1.49619560479158e-01
  1.27511440625000e-02   1.49619577465703e-01
  1.27632649218750e-02   1.49619594452248e-01
  1.27753857812500e-02   1.49619611438794e-01
  1.27875066406250e-02   1.49619628425339e-01
  1.27996275000000e-02   1.49619645411884e-01
  1.28117483593750e-02   1.49619662398429e-01
  1.28238692187500e-02   1.49619679384975e-01
  1.28359900781250e-02   1.49619696371520e-01
  1.28481109375000e-02   1.49619713358065e-01
  1.28602317968750e-02   1.49619730344611e-01
  1.28723526562500e-02   1.49619747331156e-01
  1.28844735156250e-02   1.49619764317701e-01
  1.28965943750000e-02   1.49619781304246e-01
  1.29087152343750e-02   1.49619798290792e-01
  1.29208360937500e-02   1.49619815277337e-01
  1.29329569531250e-02   1.49619832263882e-01
  1.29450778125000e-02   1.49619849250428e-01
  1.29571986718750e-02   1.49619866236973e-01
  1.29693195312500e-02   1.49619883223518e-01
  1.29814403906250e-02   1.49619900210063e-01
  1.29935612500000e-02   1.49619917196609e-01
  1.30056821093750e-02   1.49619934183154e-01
  1.30178029687500e-02   1.49619951169699e-01
  1.30299238281250e-02   1.49619968156245e-01
  1.30420446875000e-02   1.49619985142790e-01
  1.30541655468750e-02   1.49620002129335e-01
  1.30662864062500e-02   1.49620019115881e-01
  1.30784072656250e-02   1.49620036102426e-01
  1.30905281250000e-02   1.49620053088971e-01
  1.31026489843750e-02   1.49620070075516e-01
  1.31147698437500e-02   1.49620087062062e-01
  1.31268907031250e-02   1.49620104048607e-01
  1.31390115625000e-02   1.49620121035152e-01
  1.31511324218750e-02   1.49620138021698e-01
  1.31632532812500e-02   1.49620155008243e-01
  1.31753741406250e-02   1.49620171994788e-01
  1.31874950000000e-02   1.49620188981333e-01
  1.31996158593750e-02   1.49620191540157e-01
  1.32117367187500e-02   1.49620194098981e-01
  1.32238575781250e-02   1.49620196657805e-01
  1.32359784375000e-02   1.49620199216629e-01
  1.32480992968750e-02   1.49620201775453e-01
  1.32602201562500e-02   1.49620204334277e-01
  1.32723410156250e-02   1.49620206893101e-01
  1.32844618750000e-02   1.49620209451924e-01
  1.32965827343750e-02   1.49620212010748e-01
  1.33087035937500e-02   1.49620214569572e-01
  1.33208244531250e-02   1.49620217128396e-01
  1.33329453125000e-02   1.49620219687220e-01
  1.33450661718750e-02   1.49620222246044e-01
  1.33571870312500e-02   1.49620224804868e-01
  1.33693078906250e-02   1.49620227363692e-01
  1.33814287500000e-02   1.49620229922515e-01
  1.33935496093750e-02   1.49620232481339e-01
  1.34056704687500e-02   1.49620235040163e-01
  1.34177913281250e-02   1.49620237598987e-01
  1.34299121875000e-02   1.49620240157811e-01
  1.34420330468750e-02   1.49620242716635e-01
  1.34541539062500e-02   1.49620245275459e-01
  1.34662747656250e-02   1.49620247834283e-01
  1.34783956250000e-02   1.49620250393106e-01
  1.34905164843750e-02   1.49620252951930e-01
  1.35026373437500e-02   1.49620255510754e-01
  1.35147582031250e-02   1.49620258069578e-01
  1.35268790625000e-02   1.49620260628402e-01
  1.35389999218750e-02   1.49620263187226e-01
  1.35511207812500e-02   1.49620265746050e-01
  1.35632416406250e-02   1.49620268304873e-01
  1.35753625000000e-02   1.49620270863697e-01
  1.35874833593750e-02   1.49620273422521e-01
  1.35996042187500e-02   1.49620275981345e-01
  1.36117250781250e-02   1.49620278540169e-01
  1.36238459375000e-02   1.49620281098993e-01
  1.36359667968750e-02   1.49620283657817e-01
  1.36480876562500e-02   1.49620286216641e-01
  1.36602085156250e-02   1.49620288775464e-01
  1.36723293750000e-02   1.49620291334288e-01
  1.36844502343750e-02   1.49620293893112e-01
  1.36965710937500e-02   1.49620296451936e-01
  1.37086919531250e-02   1.49620299010760e-01
  1.37208128125000e-02   1.49620301569584e-01
  1.37329336718750e-02   1.49620304128408e-01
  1.37450545312500e-02   1.49620306687232e-01
  1.37571753906250e-02   1.49620309246055e-01
  1.37692962500000e-02   1.49620311804879e-01
  1.37814171093750e-02   1.49620314363703e-01
  1.37935379687500e-02   1.49620316922527e-01
  1.38056588281250e-02   1.49620319481351e-01
  1.38177796875000e-02   1.49620322040175e-01
  1.38299005468750e-02   1.49620324598999e-01
  1.38420214062500e-02   1.49620327157823e-01
  1.38541422656250e-02   1.49620329716646e-01
  1.38662631250000e-02   1.49620332275470e-01
  1.38783839843750e-02   1.49620334834294e-01
  1.38905048437500e-02   1.49620337393118e-01
  1.39026257031250e-02   1.49620339951942e-01
  1.39147465625000e-02   1.49620342510766e-01
  1.39268674218750e-02   1.49620345069590e-01
  1.39389882812500e-02   1.49620347628414e-01
  1.39511091406250e-02   1.49620350187237e-01
  1.39632300000000e-02   1.49620352746061e-01
  1.39753508593750e-02   1.49620352949679e-01
  1.39874717187500e-02   1.49620353153297e-01
  1.39995925781250e-02   1.49620353356915e-01
  1.40117134375000e-02   1.49620353560532e-01
  1.40238342968750e-02   1.49620353764150e-01
  1.40359551562500e-02   1.49620353967768e-01
  1.40480760156250e-02   1.49620354171386e-01
  1.40601968750000e-02   1.49620354375004e-01
  1.40723177343750e-02   1.49620354578621e-01
  1.40844385937500e-02   1.49620354782239e-01
  1.40965594531250e-02   1.49620354985857e-01
  1.41086803125000e-02   1.49620355189475e-01
  1.41208011718750e-02   1.49620355393093e-01
  1.41329220312500e-02   1.49620355596710e-01
  1.41450428906250e-02   1.49620355800328e-01
  1.41571637500000e-02   1.49620356003946e-01
  1.41692846093750e-02   1.49620356207564e-01
  1.41814054687500e-02   1.49620356411182e-01
  1.41935263281250e-02   1.49620356614799e-01
  1.42056471875000e-02   1.49620356818417e-01
  1.42177680468750e-02   1.49620357022035e-01
  1.42298889062500e-02   1.49620357225653e-01
  1.42420097656250e-02   1.49620357429271e-01
  1.42541306250000e-02   1.49620357632888e-01
  1.42662514843750e-02   1.49620357836506e-01
  1.42783723437500e-02   1.49620358040124e-01
  1.42904932031250e-02   1.49620358243742e-01
  1.43026140625000e-02   1.49620358447360e-01
  1.43147349218750e-02   1.49620358650977e-01
  1.43268557812500e-02   1.49620358854595e-01
  1.43389766406250e-02   1.49620359058213e-01
  1.43510975000000e-02   1.49620359261831e-01
  1.43632183593750e-02   1.49620359465449e-01
  1.43753392187500e-02   1.49620359669066e-01
  1.43874600781250e-02   1.49620359872684e-01
  1.43995809375000e-02   1.49620360076302e-01
  1.44117017968750e-02   1.49620360279920e-01
  1.44238226562500e-02   1.49620360483538e-01
  1.44359435156250e-02   1.49620360687155e-01
  1.44480643750000e-02   1.49620360890773e-01
  1.44601852343750e-02   1.49620361094391e-01
  1.44723060937500e-02   1.49620361298009e-01
  1.44844269531250e-02   1.49620361501627e-01
  1.44965478125000e-02   1.49620361705244e-01
  1.45086686718750e-02   1.49620361908862e-01
  1.45207895312500e-02   1.49620362112480e-01
  1.45329103906250e-02   1.49620362316098e-01
  1.45450312500000e-02   1.49620362519716e-01
  1.45571521093750e-02   1.49620362723333e-01
  1.45692729687500e-02   1.49620362926951e-01
  1.45813938281250e-02   1.49620363130569e-01
  1.45935146875000e-02   1.49620363334187e-01
  1.46056355468750e-02   1.49620363537805e-01
  1.46177564062500e-02   1.49620363741422e-01
  1.46298772656250e-02   1.49620363945040e-01
  1.46419981250000e-02   1.49620364148658e-01
  1.46541189843750e-02   1.49620364352276e-01
  1.46662398437500e-02   1.49620364555894e-01
  1.46783607031250e-02   1.49620364759511e-01
  1.46904815625000e-02   1.49620364963129e-01
  1.47026024218750e-02   1.49620365166747e-01
  1.47147232812500e-02   1.49620365370365e-01
  1.47268441406250e-02   1.49620365573983e-01
  1.47389650000000e-02   1.49620365777600e-01
  1.47510858593750e-02   1.49620365981218e-01
  1.47632067187500e-02   1.49620366184836e-01
  1.47753275781250e-02   1.49620366388454e-01
  1.47874484375000e-02   1.49620366592071e-01
  1.47995692968750e-02   1.49620366795689e-01
  1.48116901562500e-02   1.49620366999307e-01
  1.48238110156250e-02   1.49620367202925e-01
  1.48359318750000e-02   1.49620367406543e-01
  1.48480527343750e-02   1.49620367610160e-01
  1.48601735937500e-02   1.49620367813778e-01
  1.48722944531250e-02   1.49620368017396e-01
  1.48844153125000e-02   1.49620368221014e-01
  1.48965361718750e-02   1.49620368424632e-01
  1.49086570312500e-02   1.49620368628249e-01
  1.49207778906250e-02   1.49620368831867e-01
  1.49328987500000e-02   1.49620369035485e-01
  1.49450196093750e-02   1.49620369239103e-01
  1.49571404687500e-02   1.49620369442721e-01
  1.49692613281250e-02   1.49620369646338e-01
  1.49813821875000e-02   1.49620369849956e-01
  1.49935030468750e-02   1.49620370053574e-01
  1.50056239062500e-02   1.49620370257192e-01
  1.50177447656250e-02   1.49620370460810e-01
  1.50298656250000e-02   1.49620370664427e-01
  1.50419864843750e-02   1.49620370868045e-01
  1.50541073437500e-02   1.49620371071663e-01
  1.50662282031250e-02   1.49620371275281e-01
  1.50783490625000e-02   1.49620371478899e-01
  1.50904699218750e-02   1.49620371682516e-01
  1.51025907812500e-02   1.49620371886134e-01
  1.51147116406250e-02   1.49620372089752e-01
  1.51268325000000e-02   1.49620372293370e-01
  1.51389533593750e-02   1.49620372496988e-01
  1.51510742187500e-02   1.49620372700605e-01
  1.51631950781250e-02   1.49620372904223e-01
  1.51753159375000e-02   1.49620373107841e-01
  1.51874367968750e-02   1.49620373311459e-01
  1.51995576562500e-02   1.49620373515077e-01
  1.52116785156250e-02   1.49620373718694e-01
  1.52237993750000e-02   1.49620373922312e-01
  1.52359202343750e-02   1.49620374125930e-01
  1.52480410937500e-02   1.49620374329548e-01
  1.52601619531250e-02   1.49620374533166e-01
  1.52722828125000e-02   1.49620374736783e-01
  1.52844036718750e-02   1.49620374940401e-01
  1.52965245312500e-02   1.49620375144019e-01
  1.53086453906250e-02   1.49620375347637e-01
  1.53207662500000e-02   1.49620375551255e-01
  1.53328871093750e-02   1.49620375754872e-01
  1.53450079687500e-02   1.49620375958490e-01
  1.53571288281250e-02   1.49620376162108e-01
  1.53692496875000e-02   1.49620376365726e-01
  1.53813705468750e-02   1.49620376569344e-01
  1.53934914062500e-02   1.49620376772961e-01
  1.54056122656250e-02   1.49620376976579e-01
  1.54177331250000e-02   1.49620377180197e-01
  1.54298539843750e-02   1.49620377383815e-01
  1.54419748437500e-02   1.49620377587433e-01
  1.54540957031250e-02   1.49620377791050e-01
  1.54662165625000e-02   1.49620377994668e-01
  1.54783374218750e-02   1.49620378198286e-01
  1.54904582812500e-02   1.49620378401904e-01
  1.55025791406250e-02   1.49620378605522e-01
  1.55147000000000e-02   1.49620378809139e-01
