  1.21208593750000e-05   2.59811527054772e-17
  2.42417187500000e-05   2.58792658754083e-17
  3.63625781250000e-05   2.57773790453395e-17
  4.84834375000000e-05   2.56754922152706e-17
  6.06042968750000e-05   2.55736053852017e-17
  7.27251562500000e-05   2.54717185551328e-17
  8.48460156250000e-05   2.53698317250640e-17
  9.69668750000000e-05   2.52679448949951e-17
  1.09087734375000e-04   2.51660580649262e-17
  1.21208593750000e-04   2.50641712348573e-17
  1.33329453125000e-04   2.49622844047885e-17
  1.45450312500000e-04   2.48603975747196e-17
  1.57571171875000e-04   2.47585107446507e-17
  1.69692031250000e-04   2.46566239145818e-17
  1.81812890625000e-04   2.45547370845130e-17
  1.93933750000000e-04   2.44528502544441e-17
  2.06054609375000e-04   2.43509634243752e-17
  2.18175468750000e-04   2.42490765943063e-17
  2.30296328125000e-04   2.41471897642375e-17
  2.42417187500000e-04   2.40453029341686e-17
  2.54538046875000e-04   2.39434161040997e-17
  2.66658906250000e-04   2.38415292740308e-17
  2.78779765625000e-04   2.37396424439620e-17
  2.90900625000000e-04   2.36377556138931e-17
  3.03021484375000e-04   2.35358687838242e-17
  3.15142343750000e-04   2.34339819537553e-17
  3.27263203125000e-04   2.33320951236865e-17
  3.39384062500000e-04   2.32302082936176e-17
  3.51504921875000e-04   2.31283214635487e-17
  3.63625781250000e-04   2.30264346334799e-17
  3.75746640625000e-04   2.29245478034110e-17
  3.87867500000000e-04   2.28226609733421e-17
  3.99988359375000e-04   2.27207741432732e-17
  4.12109218750000e-04   2.26188873132044e-17
  4.24230078125000e-04   2.25170004831355e-17
  4.36350937500000e-04   2.24151136530666e-17
  4.48471796875000e-04   2.23132268229977e-17
  4.60592656250000e-04   2.22113399929289e-17
  4.72713515625000e-04   2.21094531628600e-17
  4.84834375000000e-04   2.20075663327911e-17
  4.96955234375000e-04   2.19056795027222e-17
  5.09076093750000e-04   2.18037926726534e-17
  5.21196953125000e-04   2.17019058425845e-17
  5.33317812500000e-04   2.16000190125156e-17
  5.45438671875000e-04   2.14981321824467e-17
  5.57559531250000e-04   2.13962453523779e-17
  5.69680390625000e-04   2.12943585223090e-17
  5.81801250000000e-04   2.11924716922401e-17
  5.93922109375000e-04   2.10905848621712e-17
  6.06042968750000e-04   2.09886980321024e-17
  6.18163828125000e-04   2.08868112020335e-17
  6.30284687500000e-04   2.07849243719646e-17
  6.42405546875000e-04   2.06830375418957e-17
  6.54526406250000e-04   2.05811507118269e-17
  6.66647265625000e-04   2.04792638817580e-17
  6.78768125000000e-04   2.03773770516891e-17
  6.90888984375000e-04   2.02754902216202e-17
  7.03009843750000e-04   2.01736033915514e-17
  7.15130703125000e-04   2.00717165614825e-17
  7.27251562500000e-04   1.99698297314136e-17
  7.39372421875000e-04   1.98679429013447e-17
  7.51493281250000e-04   1.97660560712759e-17
  7.63614140625000e-04   1.96641692412070e-17
  7.75735000000000e-04   1.95622824111381e-17
  7.87855859375000e-04   1.94603955810693e-17
  7.99976718750000e-04   1.93585087510004e-17
  8.12097578125000e-04   1.92566219209315e-17
  8.24218437500000e-04   1.91547350908626e-17
  8.36339296875000e-04   1.90528482607938e-17
  8.48460156250000e-04   1.89509614307249e-17
  8.60581015625000e-04   1.88490746006560e-17
  8.72701875000000e-04   1.87471877705871e-17
  8.84822734375000e-04   1.86453009405183e-17
  8.96943593750000e-04   1.85434141104494e-17
  9.09064453125000e-04   1.84415272803805e-17
  9.21185312500000e-04   1.83396404503116e-17
  9.33306171875000e-04   1.82377536202428e-17
  9.45427031250000e-04   1.81358667901739e-17
  9.57547890625000e-04   1.80339799601050e-17
  9.69668750000000e-04   1.79320931300361e-17
  9.81789609375000e-04   1.78302062999673e-17
  9.93910468750000e-04   1.77283194698984e-17
  1.00603132812500e-03   1.76264326398295e-17
  1.01815218750000e-03   1.75245458097606e-17
  1.03027304687500e-03   1.74226589796918e-17
  1.04239390625000e-03   1.73207721496229e-17
  1.05451476562500e-03   1.72188853195540e-17
  1.06663562500000e-03   1.71169984894851e-17
  1.07875648437500e-03   1.70151116594163e-17
  1.09087734375000e-03   1.69132248293474e-17
  1.10299820312500e-03   1.68113379992785e-17
  1.11511906250000e-03   1.67094511692096e-17
  1.12723992187500e-03   1.66075643391408e-17
  1.13936078125000e-03   1.65056775090719e-17
  1.15148164062500e-03   1.64037906790030e-17
  1.16360250000000e-03   1.63019038489341e-17
  1.17572335937500e-03   1.62000170188653e-17
  1.18784421875000e-03   1.60981301887964e-17
  1.19996507812500e-03   1.59962433587275e-17
  1.21208593750000e-03   1.58943565286587e-17
  1.22420679687500e-03   1.57924696985898e-17
  1.23632765625000e-03   1.56905828685209e-17
  1.24844851562500e-03   1.55886960384520e-17
  1.26056937500000e-03   1.54868092083832e-17
  1.27269023437500e-03   1.53849223783143e-17
  1.28481109375000e-03   1.52830355482454e-17
  1.29693195312500e-03   1.51811487181765e-17
  1.30905281250000e-03   1.50792618881077e-17
  1.32117367187500e-03   1.49773750580388e-17
  1.33329453125000e-03   1.48754882279699e-17
  1.34541539062500e-03   1.47736013979010e-17
  1.35753625000000e-03   1.46717145678322e-17
  1.36965710937500e-03   1.45698277377633e-17
  1.38177796875000e-03   1.44679409076944e-17
  1.39389882812500e-03   1.43660540776255e-17
  1.40601968750000e-03   1.42641672475567e-17
  1.41814054687500e-03   1.41622804174878e-17
  1.43026140625000e-03   1.40603935874189e-17
  1.44238226562500e-03   1.39585067573500e-17
  1.45450312500000e-03   1.38566199272812e-17
  1.46662398437500e-03   1.37547330972123e-17
  1.47874484375000e-03   1.36528462671434e-17
  1.49086570312500e-03   1.35509594370745e-17
  1.50298656250000e-03   1.34490726070057e-17
  1.51510742187500e-03   1.33471857769368e-17
  1.52722828125000e-03   1.32452989468679e-17
  1.53934914062500e-03   1.31434121167990e-17
  1.55147000000000e-03   1.30415252867302e-17
  1.56359085937500e-03   1.29396384566613e-17
  1.57571171875000e-03   1.28377516265924e-17
  1.58783257812500e-03   1.27358647965236e-17
  1.59995343750000e-03   1.26339779664547e-17
  1.61207429687500e-03   1.25320911363858e-17
  1.62419515625000e-03   1.24302043063169e-17
  1.63631601562500e-03   1.23283174762481e-17
  1.64843687500000e-03   1.22264306461792e-17
  1.66055773437500e-03   1.21245438161103e-17
  1.67267859375000e-03   1.20226569860414e-17
  1.68479945312500e-03   1.19207701559726e-17
  1.69692031250000e-03   1.18188833259037e-17
  1.70904117187500e-03   1.17169964958348e-17
  1.72116203125000e-03   1.16151096657659e-17
  1.73328289062500e-03   1.15132228356971e-17
  1.74540375000000e-03   1.14113360056282e-17
  1.75752460937500e-03   1.13094491755593e-17
  1.76964546875000e-03   1.12075623454904e-17
  1.78176632812500e-03   1.11056755154216e-17
  1.79388718750000e-03   1.10037886853527e-17
  1.80600804687500e-03   1.09019018552838e-17
  1.81812890625000e-03   1.08000150252149e-17
  1.83024976562500e-03   1.06981281951461e-17
  1.84237062500000e-03   1.05962413650772e-17
  1.85449148437500e-03   1.04943545350083e-17
  1.86661234375000e-03   1.03924677049394e-17
  1.87873320312500e-03   1.02905808748706e-17
  1.89085406250000e-03   1.01886940448017e-17
  1.90297492187500e-03   1.00868072147328e-17
  1.91509578125000e-03   9.98492038466395e-18
  1.92721664062500e-03   9.88303355459507e-18
  1.93933750000000e-03   9.78114672452620e-18
  1.95145835937500e-03   9.67925989445732e-18
  1.96357921875000e-03   9.57737306438845e-18
  1.97570007812500e-03   9.47548623431957e-18
  1.98782093750000e-03   9.37359940425070e-18
  1.99994179687500e-03   9.27171257418183e-18
  2.01206265625000e-03   9.16982574411295e-18
  2.02418351562500e-03   9.06793891404408e-18
  2.03630437500000e-03   8.96605208397520e-18
  2.04842523437500e-03   8.86416525390633e-18
  2.06054609375000e-03   8.76227842383745e-18
  2.07266695312500e-03   8.66039159376858e-18
  2.08478781250000e-03   8.55850476369971e-18
  2.09690867187500e-03   8.45661793363083e-18
  2.10902953125000e-03   8.35473110356196e-18
  2.12115039062500e-03   8.25284427349308e-18
  2.13327125000000e-03   8.15095744342421e-18
  2.14539210937500e-03   8.04907061335533e-18
  2.15751296875000e-03   7.94718378328646e-18
  2.16963382812500e-03   7.84529695321759e-18
  2.18175468750000e-03   7.74341012314871e-18
  2.19387554687500e-03   7.64152329307984e-18
  2.20599640625000e-03   7.53963646301096e-18
  2.21811726562500e-03   7.43774963294209e-18
  2.23023812500000e-03   7.33586280287321e-18
  2.24235898437500e-03   7.23397597280434e-18
  2.25447984375000e-03   7.13208914273547e-18
  2.26660070312500e-03   7.03020231266659e-18
  2.27872156250000e-03   6.92831548259772e-18
  2.29084242187500e-03   6.82642865252884e-18
  2.30296328125000e-03   6.72454182245997e-18
  2.31508414062500e-03   6.62265499239110e-18
  2.32720500000000e-03   6.52076816232222e-18
  2.33932585937500e-03   6.41888133225335e-18
  2.35144671875000e-03   6.31699450218447e-18
  2.36356757812500e-03   6.21510767211560e-18
  2.37568843750000e-03   6.11322084204673e-18
  2.38780929687500e-03   6.01133401197785e-18
  2.39993015625000e-03   5.90944718190898e-18
  2.41205101562500e-03   5.80756035184010e-18
  2.42417187500000e-03   5.70567352177123e-18
  2.43629273437500e-03   5.60378669170235e-18
  2.44841359375000e-03   5.50189986163348e-18
  2.46053445312500e-03   5.40001303156461e-18
  2.47265531250000e-03   5.29812620149573e-18
  2.48477617187500e-03   5.19623937142686e-18
  2.49689703125000e-03   5.09435254135798e-18
  2.50901789062500e-03   4.99246571128911e-18
  2.52113875000000e-03   4.89057888122023e-18
  2.53325960937500e-03   4.78869205115136e-18
  2.54538046875000e-03   4.68680522108249e-18
  2.55750132812500e-03   4.58491839101361e-18
  2.56962218750000e-03   4.48303156094474e-18
  2.58174304687500e-03   4.38114473087586e-18
  2.59386390625000e-03   4.27925790080699e-18
  2.60598476562500e-03   4.17737107073811e-18
  2.61810562500000e-03   4.07548424066924e-18
  2.63022648437500e-03   3.97359741060036e-18
  2.64234734375000e-03   3.87171058053149e-18
  2.65446820312500e-03   3.76982375046261e-18
  2.66658906250000e-03   3.66793692039374e-18
  2.67870992187500e-03   3.56605009032487e-18
  2.69083078125000e-03   3.46416326025599e-18
  2.70295164062500e-03   3.36227643018712e-18
  2.71507250000000e-03   3.26038960011824e-18
  2.72719335937500e-03   3.15850277004937e-18
  2.73931421875000e-03   3.05661593998049e-18
  2.75143507812500e-03   2.95472910991162e-18
  2.76355593750000e-03   2.85284227984275e-18
  2.77567679687500e-03   2.75095544977387e-18
  2.78779765625000e-03   2.64906861970500e-18
  2.79991851562500e-03   2.54718178963612e-18
  2.81203937500000e-03   2.44529495956725e-18
  2.82416023437500e-03   2.34340812949837e-18
  2.83628109375000e-03   2.24152129942950e-18
  2.84840195312500e-03   2.13963446936063e-18
  2.86052281250000e-03   2.03774763929175e-18
  2.87264367187500e-03   1.93586080922288e-18
  2.88476453125000e-03   1.83397397915400e-18
  2.89688539062500e-03   1.73208714908513e-18
  2.90900625000000e-03   1.63020031901626e-18
  2.92112710937500e-03   1.52831348894738e-18
  2.93324796875000e-03   1.42642665887851e-18
  2.94536882812500e-03   1.32453982880963e-18
  2.95748968750000e-03   1.22265299874076e-18
  2.96961054687500e-03   1.12076616867188e-18
  2.98173140625000e-03   1.01887933860301e-18
  2.99385226562500e-03   9.16992508534136e-19
  3.00597312500000e-03   8.15105678465262e-19
  3.01809398437500e-03   7.13218848396387e-19
  3.03021484375000e-03   6.11332018327513e-19
  3.04233570312500e-03   5.09445188258639e-19
  3.05445656250000e-03   4.07558358189765e-19
  3.06657742187500e-03   3.05671528120891e-19
  3.07869828125000e-03   2.03784698052016e-19
  3.09081914062500e-03   1.01897867983142e-19
  3.10294000000000e-03   1.10379142678915e-23
  3.11506085937500e-03   1.09692567996206e-23
  3.12718171875000e-03   1.09005993318544e-23
  3.13930257812500e-03   1.08319418640881e-23
  3.15142343750000e-03   1.07632843963219e-23
  3.16354429687500e-03   1.06946269285557e-23
  3.17566515625000e-03   1.06259694607894e-23
  3.18778601562500e-03   1.05573119930232e-23
  3.19990687500000e-03   1.04886545252570e-23
  3.21202773437500e-03   1.04199970574907e-23
  3.22414859375000e-03   1.03513395897245e-23
  3.23626945312500e-03   1.02826821219583e-23
  3.24839031250000e-03   1.02140246541920e-23
  3.26051117187500e-03   1.01453671864258e-23
  3.27263203125000e-03   1.00767097186595e-23
  3.28475289062500e-03   1.00080522508933e-23
  3.29687375000000e-03   9.93939478312708e-24
  3.30899460937500e-03   9.87073731536084e-24
  3.32111546875000e-03   9.80207984759460e-24
  3.33323632812500e-03   9.73342237982837e-24
  3.34535718750000e-03   9.66476491206213e-24
  3.35747804687500e-03   9.59610744429590e-24
  3.36959890625000e-03   9.52744997652966e-24
  3.38171976562500e-03   9.45879250876342e-24
  3.39384062500000e-03   9.39013504099719e-24
  3.40596148437500e-03   9.32147757323095e-24
  3.41808234375000e-03   9.25282010546471e-24
  3.43020320312500e-03   9.18416263769848e-24
  3.44232406250000e-03   9.11550516993224e-24
  3.45444492187500e-03   9.04684770216600e-24
  3.46656578125000e-03   8.97819023439977e-24
  3.47868664062500e-03   8.90953276663353e-24
  3.49080750000000e-03   8.84087529886729e-24
  3.50292835937500e-03   8.77221783110106e-24
  3.51504921875000e-03   8.70356036333482e-24
  3.52717007812500e-03   8.63490289556859e-24
  3.53929093750000e-03   8.56624542780235e-24
  3.55141179687500e-03   8.49758796003611e-24
  3.56353265625000e-03   8.42893049226988e-24
  3.57565351562500e-03   8.36027302450364e-24
  3.58777437500000e-03   8.29161555673740e-24
  3.59989523437500e-03   8.22295808897117e-24
  3.61201609375000e-03   8.15430062120493e-24
  3.62413695312500e-03   8.08564315343869e-24
  3.63625781250000e-03   8.01698568567246e-24
  3.64837867187500e-03   7.94832821790622e-24
  3.66049953125000e-03   7.87967075013998e-24
  3.67262039062500e-03   7.81101328237375e-24
  3.68474125000000e-03   7.74235581460751e-24
  3.69686210937500e-03   7.67369834684127e-24
  3.70898296875000e-03   7.60504087907504e-24
  3.72110382812500e-03   7.53638341130880e-24
  3.73322468750000e-03   7.46772594354257e-24
  3.74534554687500e-03   7.39906847577633e-24
  3.75746640625000e-03   7.33041100801009e-24
  3.76958726562500e-03   7.26175354024386e-24
  3.78170812500000e-03   7.19309607247762e-24
  3.79382898437500e-03   7.12443860471138e-24
  3.80594984375000e-03   7.05578113694515e-24
  3.81807070312500e-03   6.98712366917891e-24
  3.83019156250000e-03   6.91846620141267e-24
  3.84231242187500e-03   6.84980873364644e-24
  3.85443328125000e-03   6.78115126588020e-24
  3.86655414062500e-03   6.71249379811396e-24
  3.87867500000000e-03   6.64383633034773e-24
  3.89079585937500e-03   6.57517886258149e-24
  3.90291671875000e-03   6.50652139481526e-24
  3.91503757812500e-03   6.43786392704902e-24
  3.92715843750000e-03   6.36920645928278e-24
  3.93927929687500e-03   6.30054899151655e-24
  3.95140015625000e-03   6.23189152375031e-24
  3.96352101562500e-03   6.16323405598407e-24
  3.97564187500000e-03   6.09457658821784e-24
  3.98776273437500e-03   6.02591912045160e-24
  3.99988359375000e-03   5.95726165268536e-24
  4.01200445312500e-03   5.88860418491913e-24
  4.02412531250000e-03   5.81994671715289e-24
  4.03624617187500e-03   5.75128924938666e-24
  4.04836703125000e-03   5.68263178162042e-24
  4.06048789062500e-03   5.61397431385418e-24
  4.07260875000000e-03   5.54531684608795e-24
  4.08472960937500e-03   5.47665937832171e-24
  4.09685046875000e-03   5.40800191055547e-24
  4.10897132812500e-03   5.33934444278924e-24
  4.12109218750000e-03   5.27068697502300e-24
  4.13321304687500e-03   5.20202950725676e-24
  4.14533390625000e-03   5.13337203949053e-24
  4.15745476562500e-03   5.06471457172429e-24
  4.16957562500000e-03   4.99605710395805e-24
  4.18169648437500e-03   4.92739963619182e-24
  4.19381734375000e-03   4.85874216842558e-24
  4.20593820312500e-03   4.79008470065935e-24
  4.21805906250000e-03   4.72142723289311e-24
  4.23017992187500e-03   4.65276976512687e-24
  4.24230078125000e-03   4.58411229736064e-24
  4.25442164062500e-03   4.51545482959440e-24
  4.26654250000000e-03   4.44679736182816e-24
  4.27866335937500e-03   4.37813989406193e-24
  4.29078421875000e-03   4.30948242629569e-24
  4.30290507812500e-03   4.24082495852945e-24
  4.31502593750000e-03   4.17216749076322e-24
  4.32714679687500e-03   4.10351002299698e-24
  4.33926765625000e-03   4.03485255523075e-24
  4.35138851562500e-03   3.96619508746451e-24
  4.36350937500000e-03   3.89753761969827e-24
  4.37563023437500e-03   3.82888015193204e-24
  4.38775109375000e-03   3.76022268416580e-24
  4.39987195312500e-03   3.69156521639956e-24
  4.41199281250000e-03   3.62290774863333e-24
  4.42411367187500e-03   3.55425028086709e-24
  4.43623453125000e-03   3.48559281310085e-24
  4.44835539062500e-03   3.41693534533462e-24
  4.46047625000000e-03   3.34827787756838e-24
  4.47259710937500e-03   3.27962040980214e-24
  4.48471796875000e-03   3.21096294203591e-24
  4.49683882812500e-03   3.14230547426967e-24
  4.50895968750000e-03   3.07364800650344e-24
  4.52108054687500e-03   3.00499053873720e-24
  4.53320140625000e-03   2.93633307097096e-24
  4.54532226562500e-03   2.86767560320473e-24
  4.55744312500000e-03   2.79901813543849e-24
  4.56956398437500e-03   2.73036066767225e-24
  4.58168484375000e-03   2.66170319990602e-24
  4.59380570312500e-03   2.59304573213978e-24
  4.60592656250000e-03   2.52438826437354e-24
  4.61804742187500e-03   2.45573079660731e-24
  4.63016828125000e-03   2.38707332884107e-24
  4.64228914062500e-03   2.31841586107484e-24
  4.65441000000000e-03   2.24975839330860e-24
  4.66653085937500e-03   2.18110092554236e-24
  4.67865171875000e-03   2.11244345777613e-24
  4.69077257812500e-03   2.04378599000989e-24
  4.70289343750000e-03   1.97512852224365e-24
  4.71501429687500e-03   1.90647105447742e-24
  4.72713515625000e-03   1.83781358671118e-24
  4.73925601562500e-03   1.76915611894494e-24
  4.75137687500000e-03   1.70049865117871e-24
  4.76349773437500e-03   1.63184118341247e-24
  4.77561859375000e-03   1.56318371564623e-24
  4.78773945312500e-03   1.49452624788000e-24
  4.79986031250000e-03   1.42586878011376e-24
  4.81198117187500e-03   1.35721131234753e-24
  4.82410203125000e-03   1.28855384458129e-24
  4.83622289062500e-03   1.21989637681505e-24
  4.84834375000000e-03   1.15123890904882e-24
  4.86046460937500e-03   1.08258144128258e-24
  4.87258546875000e-03   1.01392397351634e-24
  4.88470632812500e-03   9.45266505750107e-25
  4.89682718750000e-03   8.76609037983871e-25
  4.90894804687500e-03   8.07951570217635e-25
  4.92106890625000e-03   7.39294102451398e-25
  4.93318976562500e-03   6.70636634685162e-25
  4.94531062500000e-03   6.01979166918926e-25
  4.95743148437500e-03   5.33321699152689e-25
  4.96955234375000e-03   4.64664231386453e-25
  4.98167320312500e-03   3.96006763620216e-25
  4.99379406250000e-03   3.27349295853980e-25
  5.00591492187500e-03   2.58691828087744e-25
  5.01803578125000e-03   1.90034360321507e-25
  5.03015664062500e-03   1.21376892555271e-25
  5.04227750000000e-03   5.27194247890344e-26
  5.05439835937500e-03  -1.59380429772020e-26
  5.06651921875000e-03  -8.45955107434384e-26
  5.07864007812500e-03  -1.53252978509675e-25
  5.09076093750000e-03  -2.21910446275911e-25
  5.10288179687500e-03  -2.90567914042148e-25
  5.11500265625000e-03  -3.59225381808384e-25
  5.12712351562500e-03  -4.27882849574620e-25
  5.13924437500000e-03  -4.96540317340857e-25
  5.15136523437500e-03  -5.65197785107093e-25
  5.16348609375000e-03  -6.33855252873329e-25
  5.17560695312500e-03  -7.02512720639566e-25
  5.18772781250000e-03  -7.71170188405807e-25
  5.19984867187500e-03  -8.39827656172044e-25
  5.21196953125000e-03  -9.08485123938280e-25
  5.22409039062500e-03  -9.77142591704516e-25
  5.23621125000000e-03  -1.04580005947075e-24
  5.24833210937500e-03  -1.11445752723699e-24
  5.26045296875000e-03  -1.18311499500323e-24
  5.27257382812500e-03  -1.25177246276946e-24
  5.28469468750000e-03  -1.32042993053570e-24
  5.29681554687500e-03  -1.38908739830193e-24
  5.30893640625000e-03  -1.45774486606817e-24
  5.32105726562500e-03  -1.52640233383441e-24
  5.33317812500000e-03  -1.59505980160064e-24
  5.34529898437500e-03  -1.66371726936688e-24
  5.35741984375000e-03  -1.73237473713312e-24
  5.36954070312500e-03  -1.80103220489935e-24
  5.38166156250000e-03  -1.86968967266559e-24
  5.39378242187500e-03  -1.93834714043183e-24
  5.40590328125000e-03  -2.00700460819806e-24
  5.41802414062500e-03  -2.07566207596430e-24
  5.43014500000000e-03  -2.14431954373053e-24
  5.44226585937500e-03  -2.21297701149677e-24
  5.45438671875000e-03  -2.28163447926301e-24
  5.46650757812500e-03  -2.35029194702924e-24
  5.47862843750000e-03  -2.41894941479548e-24
  5.49074929687500e-03  -2.48760688256172e-24
  5.50287015625000e-03  -2.55626435032795e-24
  5.51499101562500e-03  -2.62492181809419e-24
  5.52711187500000e-03  -2.69357928586043e-24
  5.53923273437500e-03  -2.76223675362666e-24
  5.55135359375000e-03  -2.83089422139290e-24
  5.56347445312500e-03  -2.89955168915914e-24
  5.57559531250000e-03  -2.96820915692537e-24
  5.58771617187500e-03  -3.03686662469161e-24
  5.59983703125000e-03  -3.10552409245784e-24
  5.61195789062500e-03  -3.17418156022408e-24
  5.62407875000000e-03  -3.24283902799032e-24
  5.63619960937500e-03  -3.31149649575655e-24
  5.64832046875000e-03  -3.38015396352279e-24
  5.66044132812500e-03  -3.44881143128903e-24
  5.67256218750000e-03  -3.51746889905526e-24
  5.68468304687500e-03  -3.58612636682150e-24
  5.69680390625000e-03  -3.65478383458774e-24
  5.70892476562500e-03  -3.72344130235397e-24
  5.72104562500000e-03  -3.79209877012021e-24
  5.73316648437500e-03  -3.86075623788644e-24
  5.74528734375000e-03  -3.92941370565268e-24
  5.75740820312500e-03  -3.99807117341892e-24
  5.76952906250000e-03  -4.06672864118515e-24
  5.78164992187500e-03  -4.13538610895139e-24
  5.79377078125000e-03  -4.20404357671763e-24
  5.80589164062500e-03  -4.27270104448386e-24
  5.81801250000000e-03  -4.34135851225010e-24
  5.83013335937500e-03  -4.41001598001634e-24
  5.84225421875000e-03  -4.47867344778257e-24
  5.85437507812500e-03  -4.54733091554881e-24
  5.86649593750000e-03  -4.61598838331505e-24
  5.87861679687500e-03  -4.68464585108128e-24
  5.89073765625000e-03  -4.75330331884752e-24
  5.90285851562500e-03  -4.82196078661375e-24
  5.91497937500000e-03  -4.89061825437999e-24
  5.92710023437500e-03  -4.95927572214623e-24
  5.93922109375000e-03  -5.02793318991246e-24
  5.95134195312500e-03  -5.09659065767870e-24
  5.96346281250000e-03  -5.16524812544494e-24
  5.97558367187500e-03  -5.23390559321117e-24
  5.98770453125000e-03  -5.30256306097741e-24
  5.99982539062500e-03  -5.37122052874365e-24
  6.01194625000000e-03  -5.43987799650988e-24
  6.02406710937500e-03  -5.50853546427612e-24
  6.03618796875000e-03  -5.57719293204235e-24
  6.04830882812500e-03  -5.64585039980859e-24
  6.06042968750000e-03  -5.71450786757483e-24
  6.07255054687500e-03  -5.78316533534106e-24
  6.08467140625000e-03  -5.85182280310730e-24
  6.09679226562500e-03  -5.92048027087354e-24
  6.10891312500000e-03  -5.98913773863977e-24
  6.12103398437500e-03  -6.05779520640601e-24
  6.13315484375000e-03  -6.12645267417225e-24
  6.14527570312500e-03  -6.19511014193848e-24
  6.15739656250000e-03  -6.26376760970472e-24
  6.16951742187500e-03  -6.33242507747095e-24
  6.18163828125000e-03  -6.40108254523719e-24
  6.19375914062500e-03  -6.46974001300343e-24
  6.20588000000000e-03  -6.53839748076966e-24
  6.21800085937500e-03  -6.51502459672327e-24
  6.23012171875000e-03  -6.49165171267686e-24
  6.24224257812500e-03  -6.46827882863046e-24
  6.25436343750000e-03  -6.44490594458406e-24
  6.26648429687500e-03  -6.42153306053765e-24
  6.27860515625000e-03  -6.39816017649125e-24
  6.29072601562500e-03  -6.37478729244484e-24
  6.30284687500000e-03  -6.35141440839844e-24
  6.31496773437500e-03  -6.32804152435204e-24
  6.32708859375000e-03  -6.30466864030563e-24
  6.33920945312500e-03  -6.28129575625923e-24
  6.35133031250000e-03  -6.25792287221283e-24
  6.36345117187500e-03  -6.23454998816642e-24
  6.37557203125000e-03  -6.21117710412002e-24
  6.38769289062500e-03  -6.18780422007362e-24
  6.39981375000000e-03  -6.16443133602721e-24
  6.41193460937500e-03  -6.14105845198081e-24
  6.42405546875000e-03  -6.11768556793440e-24
  6.43617632812500e-03  -6.09431268388800e-24
  6.44829718750000e-03  -6.07093979984160e-24
  6.46041804687500e-03  -6.04756691579519e-24
  6.47253890625000e-03  -6.02419403174879e-24
  6.48465976562500e-03  -6.00082114770239e-24
  6.49678062500000e-03  -5.97744826365598e-24
  6.50890148437500e-03  -5.95407537960958e-24
  6.52102234375000e-03  -5.93070249556318e-24
  6.53314320312500e-03  -5.90732961151677e-24
  6.54526406250000e-03  -5.88395672747037e-24
  6.55738492187500e-03  -5.86058384342396e-24
  6.56950578125000e-03  -5.83721095937756e-24
  6.58162664062500e-03  -5.81383807533116e-24
  6.59374750000000e-03  -5.79046519128475e-24
  6.60586835937500e-03  -5.76709230723835e-24
  6.61798921875000e-03  -5.74371942319195e-24
  6.63011007812500e-03  -5.72034653914554e-24
  6.64223093750000e-03  -5.69697365509914e-24
  6.65435179687500e-03  -5.67360077105273e-24
  6.66647265625000e-03  -5.65022788700633e-24
  6.67859351562500e-03  -5.62685500295993e-24
  6.69071437500000e-03  -5.60348211891352e-24
  6.70283523437500e-03  -5.58010923486712e-24
  6.71495609375000e-03  -5.55673635082072e-24
  6.72707695312500e-03  -5.53336346677431e-24
  6.73919781250000e-03  -5.50999058272791e-24
  6.75131867187500e-03  -5.48661769868151e-24
  6.76343953125000e-03  -5.46324481463510e-24
  6.77556039062500e-03  -5.43987193058870e-24
  6.78768125000000e-03  -5.41649904654229e-24
  6.79980210937500e-03  -5.39312616249589e-24
  6.81192296875000e-03  -5.36975327844949e-24
  6.82404382812500e-03  -5.34638039440308e-24
  6.83616468750000e-03  -5.32300751035668e-24
  6.84828554687500e-03  -5.29963462631028e-24
  6.86040640625000e-03  -5.27626174226387e-24
  6.87252726562500e-03  -5.25288885821747e-24
  6.88464812500000e-03  -5.22951597417106e-24
  6.89676898437500e-03  -5.20614309012466e-24
  6.90888984375000e-03  -5.18277020607826e-24
  6.92101070312500e-03  -5.15939732203185e-24
  6.93313156250000e-03  -5.13602443798545e-24
  6.94525242187500e-03  -5.11265155393905e-24
  6.95737328125000e-03  -5.08927866989264e-24
  6.96949414062500e-03  -5.06590578584624e-24
  6.98161500000000e-03  -5.04253290179984e-24
  6.99373585937500e-03  -5.01916001775343e-24
  7.00585671875000e-03  -4.99578713370703e-24
  7.01797757812500e-03  -4.97241424966063e-24
  7.03009843750000e-03  -4.94904136561422e-24
  7.04221929687500e-03  -4.92566848156782e-24
  7.05434015625000e-03  -4.90229559752141e-24
  7.06646101562500e-03  -4.87892271347501e-24
  7.07858187500000e-03  -4.85554982942861e-24
  7.09070273437500e-03  -4.83217694538220e-24
  7.10282359375000e-03  -4.80880406133580e-24
  7.11494445312500e-03  -4.78543117728940e-24
  7.12706531250000e-03  -4.76205829324299e-24
  7.13918617187500e-03  -4.73868540919659e-24
  7.15130703125000e-03  -4.71531252515018e-24
  7.16342789062500e-03  -4.69193964110378e-24
  7.17554875000000e-03  -4.66856675705738e-24
  7.18766960937500e-03  -4.64519387301097e-24
  7.19979046875000e-03  -4.62182098896457e-24
  7.21191132812500e-03  -4.59844810491817e-24
  7.22403218750000e-03  -4.57507522087176e-24
  7.23615304687500e-03  -4.55170233682536e-24
  7.24827390625000e-03  -4.52832945277896e-24
  7.26039476562500e-03  -4.50495656873255e-24
  7.27251562500000e-03  -4.48158368468615e-24
  7.28463648437500e-03  -4.45821080063974e-24
  7.29675734375000e-03  -4.43483791659334e-24
  7.30887820312500e-03  -4.41146503254694e-24
  7.32099906250000e-03  -4.38809214850053e-24
  7.33311992187500e-03  -4.36471926445413e-24
  7.34524078125000e-03  -4.34134638040772e-24
  7.35736164062500e-03  -4.31797349636132e-24
  7.36948250000000e-03  -4.29460061231492e-24
  7.38160335937500e-03  -4.27122772826851e-24
  7.39372421875000e-03  -4.24785484422211e-24
  7.40584507812500e-03  -4.22448196017571e-24
  7.41796593750000e-03  -4.20110907612930e-24
  7.43008679687500e-03  -4.17773619208290e-24
  7.44220765625000e-03  -4.15436330803650e-24
  7.45432851562500e-03  -4.13099042399009e-24
  7.46644937500000e-03  -4.10761753994369e-24
  7.47857023437500e-03  -4.08424465589728e-24
  7.49069109375000e-03  -4.06087177185088e-24
  7.50281195312500e-03  -4.03749888780448e-24
  7.51493281250000e-03  -4.01412600375807e-24
  7.52705367187500e-03  -3.99075311971167e-24
  7.53917453125000e-03  -3.96738023566527e-24
  7.55129539062500e-03  -3.94400735161886e-24
  7.56341625000000e-03  -3.92063446757246e-24
  7.57553710937500e-03  -3.89726158352606e-24
  7.58765796875000e-03  -3.87388869947965e-24
  7.59977882812500e-03  -3.85051581543325e-24
  7.61189968750000e-03  -3.82714293138684e-24
  7.62402054687500e-03  -3.80377004734044e-24
  7.63614140625000e-03  -3.78039716329404e-24
  7.64826226562500e-03  -3.75702427924763e-24
  7.66038312500000e-03  -3.73365139520123e-24
  7.67250398437500e-03  -3.71027851115483e-24
  7.68462484375000e-03  -3.68690562710842e-24
  7.69674570312500e-03  -3.66353274306202e-24
  7.70886656250000e-03  -3.64015985901561e-24
  7.72098742187500e-03  -3.61678697496921e-24
  7.73310828125000e-03  -3.59341409092281e-24
  7.74522914062500e-03  -3.57004120687640e-24
  7.75735000000000e-03  -3.54666832283000e-24
  7.76947085937500e-03  -3.53009267331687e-24
  7.78159171875000e-03  -3.51351702380373e-24
  7.79371257812500e-03  -3.49694137429060e-24
  7.80583343750000e-03  -3.48036572477747e-24
  7.81795429687500e-03  -3.46379007526434e-24
  7.83007515625000e-03  -3.44721442575120e-24
  7.84219601562500e-03  -3.43063877623807e-24
  7.85431687500000e-03  -3.41406312672494e-24
  7.86643773437500e-03  -3.39748747721180e-24
  7.87855859375000e-03  -3.38091182769867e-24
  7.89067945312500e-03  -3.36433617818554e-24
  7.90280031250000e-03  -3.34776052867241e-24
  7.91492117187500e-03  -3.33118487915927e-24
  7.92704203125000e-03  -3.31460922964614e-24
  7.93916289062500e-03  -3.29803358013301e-24
  7.95128375000000e-03  -3.28145793061988e-24
  7.96340460937500e-03  -3.26488228110674e-24
  7.97552546875000e-03  -3.24830663159361e-24
  7.98764632812500e-03  -3.23173098208048e-24
  7.99976718750000e-03  -3.21515533256735e-24
  8.01188804687500e-03  -3.19857968305421e-24
  8.02400890625000e-03  -3.18200403354108e-24
  8.03612976562500e-03  -3.16542838402795e-24
  8.04825062500000e-03  -3.14885273451481e-24
  8.06037148437500e-03  -3.13227708500168e-24
  8.07249234375000e-03  -3.11570143548855e-24
  8.08461320312500e-03  -3.09912578597542e-24
  8.09673406250000e-03  -3.08255013646228e-24
  8.10885492187500e-03  -3.06597448694915e-24
  8.12097578125000e-03  -3.04939883743602e-24
  8.13309664062500e-03  -3.03282318792288e-24
  8.14521750000000e-03  -3.01624753840975e-24
  8.15733835937500e-03  -2.99967188889662e-24
  8.16945921875000e-03  -2.98309623938349e-24
  8.18158007812500e-03  -2.96652058987035e-24
  8.19370093750000e-03  -2.94994494035722e-24
  8.20582179687500e-03  -2.93336929084409e-24
  8.21794265625000e-03  -2.91679364133096e-24
  8.23006351562500e-03  -2.90021799181782e-24
  8.24218437500000e-03  -2.88364234230469e-24
  8.25430523437500e-03  -2.86706669279156e-24
  8.26642609375000e-03  -2.85049104327843e-24
  8.27854695312500e-03  -2.83391539376529e-24
  8.29066781250000e-03  -2.81733974425216e-24
  8.30278867187500e-03  -2.80076409473903e-24
  8.31490953125000e-03  -2.78418844522589e-24
  8.32703039062500e-03  -2.76761279571276e-24
  8.33915125000000e-03  -2.75103714619963e-24
  8.35127210937500e-03  -2.73446149668650e-24
  8.36339296875000e-03  -2.71788584717336e-24
  8.37551382812500e-03  -2.70131019766023e-24
  8.38763468750000e-03  -2.68473454814710e-24
  8.39975554687500e-03  -2.66815889863396e-24
  8.41187640625000e-03  -2.65158324912083e-24
  8.42399726562500e-03  -2.63500759960770e-24
  8.43611812500000e-03  -2.61843195009456e-24
  8.44823898437500e-03  -2.60185630058143e-24
  8.46035984375000e-03  -2.58528065106830e-24
  8.47248070312500e-03  -2.56870500155517e-24
  8.48460156250000e-03  -2.55212935204203e-24
  8.49672242187500e-03  -2.53555370252890e-24
  8.50884328125000e-03  -2.51897805301577e-24
  8.52096414062500e-03  -2.50240240350264e-24
  8.53308500000000e-03  -2.48582675398950e-24
  8.54520585937500e-03  -2.47259190067304e-24
  8.55732671875000e-03  -2.45935704735658e-24
  8.56944757812500e-03  -2.44612219404011e-24
  8.58156843750000e-03  -2.43288734072365e-24
  8.59368929687500e-03  -2.41965248740718e-24
  8.60581015625000e-03  -2.40641763409072e-24
  8.61793101562500e-03  -2.39318278077426e-24
  8.63005187500000e-03  -2.37994792745779e-24
  8.64217273437500e-03  -2.36671307414133e-24
  8.65429359375000e-03  -2.35347822082486e-24
  8.66641445312500e-03  -2.34024336750840e-24
  8.67853531250000e-03  -2.32700851419194e-24
  8.69065617187500e-03  -2.31377366087547e-24
  8.70277703125000e-03  -2.30053880755901e-24
  8.71489789062500e-03  -2.28730395424255e-24
  8.72701875000000e-03  -2.27406910092608e-24
  8.73913960937500e-03  -2.26083424760962e-24
  8.75126046875000e-03  -2.24759939429315e-24
  8.76338132812500e-03  -2.23436454097669e-24
  8.77550218750000e-03  -2.22112968766022e-24
  8.78762304687500e-03  -2.20789483434376e-24
  8.79974390625000e-03  -2.19465998102730e-24
  8.81186476562500e-03  -2.18142512771083e-24
  8.82398562500000e-03  -2.16819027439437e-24
  8.83610648437500e-03  -2.15495542107791e-24
  8.84822734375000e-03  -2.14172056776144e-24
  8.86034820312500e-03  -2.12848571444498e-24
  8.87246906250000e-03  -2.11525086112851e-24
  8.88458992187500e-03  -2.10201600781205e-24
  8.89671078125000e-03  -2.08878115449559e-24
  8.90883164062500e-03  -2.07554630117912e-24
  8.92095250000000e-03  -2.06231144786266e-24
  8.93307335937500e-03  -2.04907659454619e-24
  8.94519421875000e-03  -2.03584174122973e-24
  8.95731507812500e-03  -2.02260688791327e-24
  8.96943593750000e-03  -2.00937203459680e-24
  8.98155679687500e-03  -1.99613718128034e-24
  8.99367765625000e-03  -1.98290232796387e-24
  9.00579851562500e-03  -1.96966747464741e-24
  9.01791937500000e-03  -1.95643262133095e-24
  9.03004023437500e-03  -1.94319776801448e-24
  9.04216109375000e-03  -1.92996291469802e-24
  9.05428195312500e-03  -1.91672806138156e-24
  9.06640281250000e-03  -1.90349320806509e-24
  9.07852367187500e-03  -1.89025835474863e-24
  9.09064453125000e-03  -1.87702350143216e-24
  9.10276539062500e-03  -1.86378864811570e-24
  9.11488625000000e-03  -1.85055379479924e-24
  9.12700710937500e-03  -1.83731894148277e-24
  9.13912796875000e-03  -1.82408408816631e-24
  9.15124882812500e-03  -1.81084923484984e-24
  9.16336968750000e-03  -1.79761438153338e-24
  9.17549054687500e-03  -1.78437952821692e-24
  9.18761140625000e-03  -1.77114467490045e-24
  9.19973226562500e-03  -1.75790982158399e-24
  9.21185312500000e-03  -1.74467496826752e-24
  9.22397398437500e-03  -1.73144011495106e-24
  9.23609484375000e-03  -1.71820526163460e-24
  9.24821570312500e-03  -1.70497040831813e-24
  9.26033656250000e-03  -1.69173555500167e-24
  9.27245742187500e-03  -1.67850070168521e-24
  9.28457828125000e-03  -1.66526584836874e-24
  9.29669914062500e-03  -1.65203099505228e-24
  9.30882000000000e-03  -1.63879614173580e-24
  9.32094085937500e-03  -1.56840419597175e-24
  9.33306171875000e-03  -1.49801225020769e-24
  9.34518257812500e-03  -1.42762030444363e-24
  9.35730343750000e-03  -1.35722835867957e-24
  9.36942429687500e-03  -1.28683641291552e-24
  9.38154515625000e-03  -1.21644446715145e-24
  9.39366601562500e-03  -1.14605252138740e-24
  9.40578687500000e-03  -1.07566057562333e-24
  9.41790773437500e-03  -1.00526862985928e-24
  9.43002859375000e-03  -9.34876684095217e-25
  9.44214945312500e-03  -8.64484738331164e-25
  9.45427031250000e-03  -7.94092792567100e-25
  9.46639117187500e-03  -7.23700846803046e-25
  9.47851203125000e-03  -6.53308901038983e-25
  9.49063289062500e-03  -5.82916955274929e-25
  9.50275375000000e-03  -5.12525009510865e-25
  9.51487460937500e-03  -4.42133063746812e-25
  9.52699546875000e-03  -3.71741117982748e-25
  9.53911632812500e-03  -3.01349172218694e-25
  9.55123718750000e-03  -2.30957226454631e-25
  9.56335804687500e-03  -1.60565280690577e-25
  9.57547890625000e-03  -9.01733349265132e-26
  9.58759976562500e-03  -1.97813891624595e-26
  9.59972062500000e-03   5.06105566016042e-26
  9.61184148437500e-03   1.21002502365658e-25
  9.62396234375000e-03   1.91394448129722e-25
  9.63608320312500e-03   2.61786393893775e-25
  9.64820406250000e-03   3.32178339657839e-25
  9.66032492187500e-03   4.02570285421893e-25
  9.67244578125000e-03   4.72962231185956e-25
  9.68456664062500e-03   5.43354176950010e-25
  9.69668750000000e-03   6.13746122714215e-25
  9.70880835937500e-03   1.67429315634737e-24
  9.72092921875000e-03   2.73484018998068e-24
  9.73305007812500e-03   3.79538722361383e-24
  9.74517093750000e-03   4.85593425724714e-24
  9.75729179687500e-03   5.91648129088030e-24
  9.76941265625000e-03   6.97702832451360e-24
  9.78153351562500e-03   8.03757535814676e-24
  9.79365437500000e-03   9.09812239178007e-24
  9.80577523437500e-03   1.01586694254132e-23
  9.81789609375000e-03   1.12192164590465e-23
  9.83001695312500e-03   1.22797634926797e-23
  9.84213781250000e-03   1.33403105263130e-23
  9.85425867187500e-03   1.44008575599462e-23
  9.86637953125000e-03   1.54614045935795e-23
  9.87850039062500e-03   1.65219516272126e-23
  9.89062125000000e-03   1.75824986608474e-23
  9.90274210937500e-03   2.90704770288487e-23
  9.91486296875000e-03   4.05584553968515e-23
  9.92698382812500e-03   5.20464337648528e-23
  9.93910468750000e-03   6.35344121328557e-23
  9.95122554687500e-03   7.50223905008569e-23
  9.96334640625000e-03   8.65103688688598e-23
  9.97546726562500e-03   9.79983472368611e-23
  9.98758812500000e-03   1.09486325604864e-22
  9.99970898437500e-03   1.20974303972865e-22
  1.00118298437500e-02   1.32462282340868e-22
  1.00239507031250e-02   1.43950260708869e-22
  1.00360715625000e-02   1.55438239076872e-22
  1.00481924218750e-02   1.66926217444873e-22
  1.00603132812500e-02   1.78414195812876e-22
  1.00724341406250e-02   1.89902174180878e-22
  1.00845550000000e-02   2.01390152548897e-22
  1.00966758593750e-02   3.26454478638720e-22
  1.01087967187500e-02   4.51518804728561e-22
  1.01209175781250e-02   5.76583130818384e-22
  1.01330384375000e-02   7.01647456908225e-22
  1.01451592968750e-02   8.26711782998048e-22
  1.01572801562500e-02   9.51776109087889e-22
  1.01694010156250e-02   1.07684043517771e-21
  1.01815218750000e-02   1.20190476126755e-21
  1.01936427343750e-02   1.32696908735738e-21
  1.02057635937500e-02   1.45203341344722e-21
  1.02178844531250e-02   1.57709773953704e-21
  1.02300053125000e-02   1.70216206562688e-21
  1.02421261718750e-02   1.82722639171670e-21
  1.02542470312500e-02   1.95229071780654e-21
  1.02663678906250e-02   2.07735504389637e-21
  1.02784887500000e-02   2.20241936998634e-21
  1.02906096093750e-02   3.25508974398895e-21
  1.03027304687500e-02   4.30776011799170e-21
  1.03148513281250e-02   5.36043049199430e-21
  1.03269721875000e-02   6.41310086599706e-21
  1.03390930468750e-02   7.46577123999966e-21
  1.03512139062500e-02   8.51844161400242e-21
  1.03633347656250e-02   9.57111198800517e-21
  1.03754556250000e-02   1.06237823620085e-20
  1.03875764843750e-02   1.66475853564392e-20
  1.03996973437500e-02   2.26713883508690e-20
  1.04118182031250e-02   2.86951913452996e-20
  1.04239390625000e-02   3.47189943397294e-20
  1.04360599218750e-02   4.07427973341601e-20
  1.04481807812500e-02   4.67666003285899e-20
  1.04603016406250e-02   5.27904033230206e-20
  1.04724225000000e-02   5.88142063174545e-20
  1.04845433593750e-02   9.38032540537758e-20
  1.04966642187500e-02   1.28792301790092e-19
  1.05087850781250e-02   1.63781349526413e-19
  1.05209059375000e-02   1.98770397262730e-19
  1.05330267968750e-02   2.33759444999051e-19
  1.05451476562500e-02   2.68748492735367e-19
  1.05572685156250e-02   3.03737540471688e-19
  1.05693893750000e-02   3.38726588208024e-19
  1.05815102343750e-02   5.12033427385071e-19
  1.05936310937500e-02   6.85340266562093e-19
  1.06057519531250e-02   8.58647105739140e-19
  1.06178728125000e-02   1.03195394491625e-18
  1.06299936718750e-02   1.79005921159655e-18
  1.06421145312500e-02   2.54816447827675e-18
  1.06542353906250e-02   3.30626974495705e-18
  1.06663562500000e-02   4.06437501163765e-18
  1.06784771093750e-02   7.59037724499667e-18
  1.06905979687500e-02   1.11163794783567e-17
  1.07027188281250e-02   2.54786979749660e-17
  1.07148396875000e-02   3.98410164715811e-17
  1.07269605468750e-02   1.08970001518873e-16
  1.07390814062500e-02   1.78098986566184e-16
  1.07512022656250e-02   4.51932909034235e-16
  1.07633231250000e-02   1.22831398896140e-15
  1.07754439843750e-02   3.62226989246963e-15
  1.07875648437500e-02   1.18397791026628e-14
  1.07996857031250e-02   4.45254259772449e-14
  1.08118065625000e-02   2.31637580835602e-13
  1.08239274218750e-02   1.68192595186468e-12
  1.08360482812500e-02   1.93736034641486e-11
  1.08481691406250e-02   4.71152838831089e-10
  1.08602900000000e-02   2.39556530923489e-08
  1.08724108593750e-02   5.59157097408442e-07
  1.08845317187500e-02   4.57226968820077e-06
  1.08966525781250e-02   1.68105075685065e-05
  1.09087734375000e-02   3.46113612311690e-05
  1.09208942968750e-02   4.70588834636653e-05
  1.09330151562500e-02   4.81880427791987e-05
  1.09451360156250e-02   4.13192887726570e-05
  1.09572568750000e-02   3.20169528342405e-05
  1.09693777343750e-02   2.35568564103636e-05
  1.09814985937500e-02   1.69598841702576e-05
  1.09936194531250e-02   1.21680022814657e-05
  1.10057403125000e-02   8.77740466086894e-06
  1.10178611718750e-02   6.39855320507320e-06
  1.10299820312500e-02   4.72489432920763e-06
  1.10421028906250e-02   3.55330321276437e-06
  1.10542237500000e-02   2.71043140738301e-06
  1.10663446093750e-02   2.09690687462226e-06
  1.10784654687500e-02   1.64462909915606e-06
  1.10905863281250e-02   1.30682034744472e-06
  1.11027071875000e-02   1.05085694143312e-06
  1.11148280468750e-02   8.81418480364866e-07
  1.11269489062500e-02   7.11980019296644e-07
  1.11390697656250e-02   6.06904199367275e-07
  1.11511906250000e-02   5.01828379437931e-07
  1.11633114843750e-02   4.34175513909371e-07
  1.11754323437500e-02   3.66522648380826e-07
  1.11875532031250e-02   3.21341916421671e-07
  1.11996740625000e-02   2.76161184462525e-07
  1.12117949218750e-02   2.50765053336773e-07
  1.12239157812500e-02   2.25368922211026e-07
  1.12360366406250e-02   1.99972791085276e-07
  1.12481575000000e-02   1.74576659959530e-07
  1.12602783593750e-02   1.60955302780929e-07
  1.12723992187500e-02   1.47333945602332e-07
  1.12845200781250e-02   1.33712588423733e-07
  1.12966409375000e-02   1.20091231245137e-07
  1.13087617968750e-02   1.12204324992165e-07
  1.13208826562500e-02   1.04317418739195e-07
  1.13330035156250e-02   9.64305124862247e-08
  1.13451243750000e-02   8.85436062332551e-08
  1.13572452343750e-02   8.48214635009386e-08
  1.13693660937500e-02   8.10993207686233e-08
  1.13814869531250e-02   7.73771780363074e-08
  1.13936078125000e-02   7.36550353039920e-08
  1.14057286718750e-02   6.99328925716761e-08
  1.14178495312500e-02   6.62107498393608e-08
  1.14299703906250e-02   6.24886071070449e-08
  1.14420912500000e-02   5.87664643747295e-08
  1.14542121093750e-02   5.70174771565986e-08
  1.14663329687500e-02   5.52684899384682e-08
  1.14784538281250e-02   5.35195027203376e-08
  1.14905746875000e-02   5.17705155022072e-08
  1.15026955468750e-02   5.00215282840765e-08
  1.15148164062500e-02   4.82725410659461e-08
  1.15269372656250e-02   4.65235538478155e-08
  1.15390581250000e-02   4.47745666296851e-08
  1.15511789843750e-02   4.38597522475429e-08
  1.15632998437500e-02   4.29449378654009e-08
  1.15754207031250e-02   4.20301234832589e-08
  1.15875415625000e-02   4.11153091011169e-08
  1.15996624218750e-02   4.02004947189748e-08
  1.16117832812500e-02   3.92856803368329e-08
  1.16239041406250e-02   3.83708659546908e-08
  1.16360250000000e-02   3.74560515725489e-08
  1.16481458593750e-02   3.70900147675827e-08
  1.16602667187500e-02   3.67239779626168e-08
  1.16723875781250e-02   3.63579411576507e-08
  1.16845084375000e-02   3.59919043526847e-08
  1.16966292968750e-02   3.56258675477187e-08
  1.17087501562500e-02   3.52598307427527e-08
  1.17208710156250e-02   3.48937939377867e-08
  1.17329918750000e-02   3.45277571328207e-08
  1.17451127343750e-02   3.41617203278546e-08
  1.17572335937500e-02   3.37956835228886e-08
  1.17693544531250e-02   3.34296467179226e-08
  1.17814753125000e-02   3.30636099129566e-08
  1.17935961718750e-02   3.26975731079906e-08
  1.18057170312500e-02   3.23315363030246e-08
  1.18178378906250e-02   3.19654994980586e-08
  1.18299587500000e-02   3.15994626930926e-08
  1.18420796093750e-02   3.14507525615820e-08
  1.18542004687500e-02   3.13020424300716e-08
  1.18663213281250e-02   3.11533322985611e-08
  1.18784421875000e-02   3.10046221670506e-08
  1.18905630468750e-02   3.08559120355401e-08
  1.19026839062500e-02   3.07072019040296e-08
  1.19148047656250e-02   3.05584917725191e-08
  1.19269256250000e-02   3.04097816410086e-08
  1.19390464843750e-02   3.02610715094981e-08
  1.19511673437500e-02   3.01123613779877e-08
  1.19632882031250e-02   2.99636512464772e-08
  1.19754090625000e-02   2.98149411149667e-08
  1.19875299218750e-02   2.96662309834562e-08
  1.19996507812500e-02   2.95175208519457e-08
  1.20117716406250e-02   2.93688107204352e-08
  1.20238925000000e-02   2.92201005889247e-08
  1.20360133593750e-02   2.91796399075298e-08
  1.20481342187500e-02   2.91391792261349e-08
  1.20602550781250e-02   2.90987185447400e-08
  1.20723759375000e-02   2.90582578633451e-08
  1.20844967968750e-02   2.90177971819502e-08
  1.20966176562500e-02   2.89773365005553e-08
  1.21087385156250e-02   2.89368758191604e-08
  1.21208593750000e-02   2.88964151377655e-08
  1.21329802343750e-02   2.88559544563706e-08
  1.21451010937500e-02   2.88154937749757e-08
  1.21572219531250e-02   2.87750330935808e-08
  1.21693428125000e-02   2.87345724121860e-08
  1.21814636718750e-02   2.86941117307911e-08
  1.21935845312500e-02   2.86536510493962e-08
  1.22057053906250e-02   2.86131903680013e-08
  1.22178262500000e-02   2.85727296866064e-08
  1.22299471093750e-02   2.85322690052115e-08
  1.22420679687500e-02   2.84918083238166e-08
  1.22541888281250e-02   2.84513476424217e-08
  1.22663096875000e-02   2.84108869610268e-08
  1.22784305468750e-02   2.83704262796319e-08
  1.22905514062500e-02   2.83299655982370e-08
  1.23026722656250e-02   2.82895049168421e-08
  1.23147931250000e-02   2.82490442354472e-08
  1.23269139843750e-02   2.82085835540523e-08
  1.23390348437500e-02   2.81681228726574e-08
  1.23511557031250e-02   2.81276621912625e-08
  1.23632765625000e-02   2.80872015098676e-08
  1.23753974218750e-02   2.80467408284727e-08
  1.23875182812500e-02   2.80062801470778e-08
  1.23996391406250e-02   2.79658194656829e-08
  1.24117600000000e-02   2.79253587842880e-08
  1.24238808593750e-02   2.79192651666939e-08
  1.24360017187500e-02   2.79131715490997e-08
  1.24481225781250e-02   2.79070779315056e-08
  1.24602434375000e-02   2.79009843139115e-08
  1.24723642968750e-02   2.78948906963174e-08
  1.24844851562500e-02   2.78887970787232e-08
  1.24966060156250e-02   2.78827034611291e-08
  1.25087268750000e-02   2.78766098435350e-08
  1.25208477343750e-02   2.78705162259408e-08
  1.25329685937500e-02   2.78644226083467e-08
  1.25450894531250e-02   2.78583289907526e-08
  1.25572103125000e-02   2.78522353731584e-08
  1.25693311718750e-02   2.78461417555643e-08
  1.25814520312500e-02   2.78400481379702e-08
  1.25935728906250e-02   2.78339545203760e-08
  1.26056937500000e-02   2.78278609027819e-08
  1.26178146093750e-02   2.78217672851878e-08
  1.26299354687500e-02   2.78156736675937e-08
  1.26420563281250e-02   2.78095800499995e-08
  1.26541771875000e-02   2.78034864324054e-08
  1.26662980468750e-02   2.77973928148113e-08
  1.26784189062500e-02   2.77912991972171e-08
  1.26905397656250e-02   2.77852055796230e-08
  1.27026606250000e-02   2.77791119620289e-08
  1.27147814843750e-02   2.77730183444347e-08
  1.27269023437500e-02   2.77669247268406e-08
  1.27390232031250e-02   2.77608311092465e-08
  1.27511440625000e-02   2.77547374916524e-08
  1.27632649218750e-02   2.77486438740582e-08
  1.27753857812500e-02   2.77425502564641e-08
  1.27875066406250e-02   2.77364566388700e-08
  1.27996275000000e-02   2.77303630212758e-08
  1.28117483593750e-02   2.77242694036817e-08
  1.28238692187500e-02   2.77181757860876e-08
  1.28359900781250e-02   2.77120821684934e-08
  1.28481109375000e-02   2.77059885508993e-08
  1.28602317968750e-02   2.76998949333052e-08
  1.28723526562500e-02   2.76938013157111e-08
  1.28844735156250e-02   2.76877076981169e-08
  1.28965943750000e-02   2.76816140805228e-08
  1.29087152343750e-02   2.76755204629287e-08
  1.29208360937500e-02   2.76694268453345e-08
  1.29329569531250e-02   2.76633332277404e-08
  1.29450778125000e-02   2.76572396101463e-08
  1.29571986718750e-02   2.76511459925521e-08
  1.29693195312500e-02   2.76450523749580e-08
  1.29814403906250e-02   2.76389587573639e-08
  1.29935612500000e-02   2.76328651397697e-08
  1.30056821093750e-02   2.76267715221756e-08
  1.30178029687500e-02   2.76206779045815e-08
  1.30299238281250e-02   2.76145842869874e-08
  1.30420446875000e-02   2.76084906693932e-08
  1.30541655468750e-02   2.76023970517991e-08
  1.30662864062500e-02   2.75963034342050e-08
  1.30784072656250e-02   2.75902098166108e-08
  1.30905281250000e-02   2.75841161990167e-08
  1.31026489843750e-02   2.75780225814226e-08
  1.31147698437500e-02   2.75719289638284e-08
  1.31268907031250e-02   2.75658353462343e-08
  1.31390115625000e-02   2.75597417286402e-08
  1.31511324218750e-02   2.75536481110461e-08
  1.31632532812500e-02   2.75475544934519e-08
  1.31753741406250e-02   2.75414608758578e-08
  1.31874950000000e-02   2.75353672582637e-08
  1.31996158593750e-02   2.75344533562561e-08
  1.32117367187500e-02   2.75335394542486e-08
  1.32238575781250e-02   2.75326255522411e-08
  1.32359784375000e-02   2.75317116502335e-08
  1.32480992968750e-02   2.75307977482260e-08
  1.32602201562500e-02   2.75298838462185e-08
  1.32723410156250e-02   2.75289699442109e-08
  1.32844618750000e-02   2.75280560422034e-08
  1.32965827343750e-02   2.75271421401959e-08
  1.33087035937500e-02   2.75262282381883e-08
  1.33208244531250e-02   2.75253143361808e-08
  1.33329453125000e-02   2.75244004341733e-08
  1.33450661718750e-02   2.75234865321657e-08
  1.33571870312500e-02   2.75225726301582e-08
  1.33693078906250e-02   2.75216587281507e-08
  1.33814287500000e-02   2.75207448261431e-08
  1.33935496093750e-02   2.75198309241356e-08
  1.34056704687500e-02   2.75189170221281e-08
  1.34177913281250e-02   2.75180031201205e-08
  1.34299121875000e-02   2.75170892181130e-08
  1.34420330468750e-02   2.75161753161055e-08
  1.34541539062500e-02   2.75152614140979e-08
  1.34662747656250e-02   2.75143475120904e-08
  1.34783956250000e-02   2.75134336100829e-08
  1.34905164843750e-02   2.75125197080754e-08
  1.35026373437500e-02   2.75116058060678e-08
  1.35147582031250e-02   2.75106919040603e-08
  1.35268790625000e-02   2.75097780020528e-08
  1.35389999218750e-02   2.75088641000452e-08
  1.35511207812500e-02   2.75079501980377e-08
  1.35632416406250e-02   2.75070362960302e-08
  1.35753625000000e-02   2.75061223940226e-08
  1.35874833593750e-02   2.75052084920151e-08
  1.35996042187500e-02   2.75042945900076e-08
  1.36117250781250e-02   2.75033806880000e-08
  1.36238459375000e-02   2.75024667859925e-08
  1.36359667968750e-02   2.75015528839850e-08
  1.36480876562500e-02   2.75006389819774e-08
  1.36602085156250e-02   2.74997250799699e-08
  1.36723293750000e-02   2.74988111779624e-08
  1.36844502343750e-02   2.74978972759548e-08
  1.36965710937500e-02   2.74969833739473e-08
  1.37086919531250e-02   2.74960694719398e-08
  1.37208128125000e-02   2.74951555699322e-08
  1.37329336718750e-02   2.74942416679247e-08
  1.37450545312500e-02   2.74933277659172e-08
  1.37571753906250e-02   2.74924138639096e-08
  1.37692962500000e-02   2.74914999619021e-08
  1.37814171093750e-02   2.74905860598946e-08
  1.37935379687500e-02   2.74896721578870e-08
  1.38056588281250e-02   2.74887582558795e-08
  1.38177796875000e-02   2.74878443538720e-08
  1.38299005468750e-02   2.74869304518644e-08
  1.38420214062500e-02   2.74860165498569e-08
  1.38541422656250e-02   2.74851026478494e-08
  1.38662631250000e-02   2.74841887458418e-08
  1.38783839843750e-02   2.74832748438343e-08
  1.38905048437500e-02   2.74823609418268e-08
  1.39026257031250e-02   2.74814470398192e-08
  1.39147465625000e-02   2.74805331378117e-08
  1.39268674218750e-02   2.74796192358042e-08
  1.39389882812500e-02   2.74787053337966e-08
  1.39511091406250e-02   2.74777914317891e-08
  1.39632300000000e-02   2.74768775297816e-08
  1.39753508593750e-02   2.74768048156329e-08
  1.39874717187500e-02   2.74767321014843e-08
  1.39995925781250e-02   2.74766593873357e-08
  1.40117134375000e-02   2.74765866731870e-08
  1.40238342968750e-02   2.74765139590384e-08
  1.40359551562500e-02   2.74764412448898e-08
  1.40480760156250e-02   2.74763685307411e-08
  1.40601968750000e-02   2.74762958165925e-08
  1.40723177343750e-02   2.74762231024438e-08
  1.40844385937500e-02   2.74761503882952e-08
  1.40965594531250e-02   2.74760776741466e-08
  1.41086803125000e-02   2.74760049599979e-08
  1.41208011718750e-02   2.74759322458493e-08
  1.41329220312500e-02   2.74758595317007e-08
  1.41450428906250e-02   2.74757868175520e-08
  1.41571637500000e-02   2.74757141034034e-08
  1.41692846093750e-02   2.74756413892548e-08
  1.41814054687500e-02   2.74755686751061e-08
  1.41935263281250e-02   2.74754959609575e-08
  1.42056471875000e-02   2.74754232468088e-08
  1.42177680468750e-02   2.74753505326602e-08
  1.42298889062500e-02   2.74752778185116e-08
  1.42420097656250e-02   2.74752051043629e-08
  1.42541306250000e-02   2.74751323902143e-08
  1.42662514843750e-02   2.74750596760657e-08
  1.42783723437500e-02   2.74749869619170e-08
  1.42904932031250e-02   2.74749142477684e-08
  1.43026140625000e-02   2.74748415336198e-08
  1.43147349218750e-02   2.74747688194711e-08
  1.43268557812500e-02   2.74746961053225e-08
  1.43389766406250e-02   2.74746233911738e-08
  1.43510975000000e-02   2.74745506770252e-08
  1.43632183593750e-02   2.74744779628766e-08
  1.43753392187500e-02   2.74744052487279e-08
  1.43874600781250e-02   2.74743325345793e-08
  1.43995809375000e-02   2.74742598204307e-08
  1.44117017968750e-02   2.74741871062820e-08
  1.44238226562500e-02   2.74741143921334e-08
  1.44359435156250e-02   2.74740416779848e-08
  1.44480643750000e-02   2.74739689638361e-08
  1.44601852343750e-02   2.74738962496875e-08
  1.44723060937500e-02   2.74738235355388e-08
  1.44844269531250e-02   2.74737508213902e-08
  1.44965478125000e-02   2.74736781072416e-08
  1.45086686718750e-02   2.74736053930929e-08
  1.45207895312500e-02   2.74735326789443e-08
  1.45329103906250e-02   2.74734599647957e-08
  1.45450312500000e-02   2.74733872506470e-08
  1.45571521093750e-02   2.74733145364984e-08
  1.45692729687500e-02   2.74732418223497e-08
  1.45813938281250e-02   2.74731691082011e-08
  1.45935146875000e-02   2.74730963940525e-08
  1.46056355468750e-02   2.74730236799038e-08
  1.46177564062500e-02   2.74729509657552e-08
  1.46298772656250e-02   2.74728782516066e-08
  1.46419981250000e-02   2.74728055374579e-08
  1.46541189843750e-02   2.74727328233093e-08
  1.46662398437500e-02   2.74726601091607e-08
  1.46783607031250e-02   2.74725873950120e-08
  1.46904815625000e-02   2.74725146808634e-08
  1.47026024218750e-02   2.74724419667147e-08
  1.47147232812500e-02   2.74723692525661e-08
  1.47268441406250e-02   2.74722965384175e-08
  1.47389650000000e-02   2.74722238242688e-08
  1.47510858593750e-02   2.74721511101202e-08
  1.47632067187500e-02   2.74720783959716e-08
  1.47753275781250e-02   2.74720056818229e-08
  1.47874484375000e-02   2.74719329676743e-08
  1.47995692968750e-02   2.74718602535257e-08
  1.48116901562500e-02   2.74717875393770e-08
  1.48238110156250e-02   2.74717148252284e-08
  1.48359318750000e-02   2.74716421110797e-08
  1.48480527343750e-02   2.74715693969311e-08
  1.48601735937500e-02   2.74714966827825e-08
  1.48722944531250e-02   2.74714239686338e-08
  1.48844153125000e-02   2.74713512544852e-08
  1.48965361718750e-02   2.74712785403366e-08
  1.49086570312500e-02   2.74712058261879e-08
  1.49207778906250e-02   2.74711331120393e-08
  1.49328987500000e-02   2.74710603978906e-08
  1.49450196093750e-02   2.74709876837420e-08
  1.49571404687500e-02   2.74709149695934e-08
  1.49692613281250e-02   2.74708422554447e-08
  1.49813821875000e-02   2.74707695412961e-08
  1.49935030468750e-02   2.74706968271475e-08
  1.50056239062500e-02   2.74706241129988e-08
  1.50177447656250e-02   2.74705513988502e-08
  1.50298656250000e-02   2.74704786847016e-08
  1.50419864843750e-02   2.74704059705529e-08
  1.50541073437500e-02   2.74703332564043e-08
  1.50662282031250e-02   2.74702605422556e-08
  1.50783490625000e-02   2.74701878281070e-08
  1.50904699218750e-02   2.74701151139584e-08
  1.51025907812500e-02   2.74700423998097e-08
  1.51147116406250e-02   2.74699696856611e-08
  1.51268325000000e-02   2.74698969715125e-08
  1.51389533593750e-02   2.74698242573638e-08
  1.51510742187500e-02   2.74697515432152e-08
  1.51631950781250e-02   2.74696788290666e-08
  1.51753159375000e-02   2.74696061149179e-08
  1.51874367968750e-02   2.74695334007693e-08
  1.51995576562500e-02   2.74694606866206e-08
  1.52116785156250e-02   2.74693879724720e-08
  1.52237993750000e-02   2.74693152583234e-08
  1.52359202343750e-02   2.74692425441747e-08
  1.52480410937500e-02   2.74691698300261e-08
  1.52601619531250e-02   2.74690971158775e-08
  1.52722828125000e-02   2.74690244017288e-08
  1.52844036718750e-02   2.74689516875802e-08
  1.52965245312500e-02   2.74688789734315e-08
  1.53086453906250e-02   2.74688062592829e-08
  1.53207662500000e-02   2.74687335451343e-08
  1.53328871093750e-02   2.74686608309856e-08
  1.53450079687500e-02   2.74685881168370e-08
  1.53571288281250e-02   2.74685154026884e-08
  1.53692496875000e-02   2.74684426885397e-08
  1.53813705468750e-02   2.74683699743911e-08
  1.53934914062500e-02   2.74682972602425e-08
  1.54056122656250e-02   2.74682245460938e-08
  1.54177331250000e-02   2.74681518319452e-08
  1.54298539843750e-02   2.74680791177965e-08
  1.54419748437500e-02   2.74680064036479e-08
  1.54540957031250e-02   2.74679336894993e-08
  1.54662165625000e-02   2.74678609753506e-08
  1.54783374218750e-02   2.74677882612020e-08
  1.54904582812500e-02   2.74677155470534e-08
  1.55025791406250e-02   2.74676428329047e-08
  1.55147000000000e-02   2.74675701187561e-08
