  1.21208593750000e-05   2.28878881170102e-01
  2.42417187500000e-05   2.28878881170102e-01
  3.63625781250000e-05   2.28878881170102e-01
  4.84834375000000e-05   2.28878881170102e-01
  6.06042968750000e-05   2.28878881170102e-01
  7.27251562500000e-05   2.28878881170102e-01
  8.48460156250000e-05   2.28878881170102e-01
  9.69668750000000e-05   2.28878881170102e-01
  1.09087734375000e-04   2.28878881170102e-01
  1.21208593750000e-04   2.28878881170102e-01
  1.33329453125000e-04   2.28878881170102e-01
  1.45450312500000e-04   2.28878881170102e-01
  1.57571171875000e-04   2.28878881170102e-01
  1.69692031250000e-04   2.28878881170102e-01
  1.81812890625000e-04   2.28878881170102e-01
  1.93933750000000e-04   2.28878881170102e-01
  2.06054609375000e-04   2.28878881170102e-01
  2.18175468750000e-04   2.28878881170102e-01
  2.30296328125000e-04   2.28878881170102e-01
  2.42417187500000e-04   2.28878881170102e-01
  2.54538046875000e-04   2.28878881170102e-01
  2.66658906250000e-04   2.28878881170102e-01
  2.78779765625000e-04   2.28878881170103e-01
  2.90900625000000e-04   2.28878881170103e-01
  3.03021484375000e-04   2.28878881170103e-01
  3.15142343750000e-04   2.28878881170103e-01
  3.27263203125000e-04   2.28878881170103e-01
  3.39384062500000e-04   2.28878881170103e-01
  3.51504921875000e-04   2.28878881170103e-01
  3.63625781250000e-04   2.28878881170103e-01
  3.75746640625000e-04   2.28878881170103e-01
  3.87867500000000e-04   2.28878881170103e-01
  3.99988359375000e-04   2.28878881170103e-01
  4.12109218750000e-04   2.28878881170103e-01
  4.24230078125000e-04   2.28878881170103e-01
  4.36350937500000e-04   2.28878881170103e-01
  4.48471796875000e-04   2.28878881170103e-01
  4.60592656250000e-04   2.28878881170103e-01
  4.72713515625000e-04   2.28878881170103e-01
  4.84834375000000e-04   2.28878881170103e-01
  4.96955234375000e-04   2.28878881170103e-01
  5.09076093750000e-04   2.28878881170103e-01
  5.21196953125000e-04   2.28878881170103e-01
  5.33317812500000e-04   2.28878881170103e-01
  5.45438671875000e-04   2.28878881170103e-01
  5.57559531250000e-04   2.28878881170103e-01
  5.69680390625000e-04   2.28878881170103e-01
  5.81801250000000e-04   2.28878881170103e-01
  5.93922109375000e-04   2.28878881170103e-01
  6.06042968750000e-04   2.28878881170103e-01
  6.18163828125000e-04   2.28878881170103e-01
  6.30284687500000e-04   2.28878881170103e-01
  6.42405546875000e-04   2.28878881170103e-01
  6.54526406250000e-04   2.28878881170103e-01
  6.66647265625000e-04   2.28878881170103e-01
  6.78768125000000e-04   2.28878881170103e-01
  6.90888984375000e-04   2.28878881170103e-01
  7.03009843750000e-04   2.28878881170104e-01
  7.15130703125000e-04   2.28878881170104e-01
  7.27251562500000e-04   2.28878881170104e-01
  7.39372421875000e-04   2.28878881170104e-01
  7.51493281250000e-04   2.28878881170104e-01
  7.63614140625000e-04   2.28878881170104e-01
  7.75735000000000e-04   2.28878881170104e-01
  7.87855859375000e-04   2.28878881170104e-01
  7.99976718750000e-04   2.28878881170104e-01
  8.12097578125000e-04   2.28878881170104e-01
  8.24218437500000e-04   2.28878881170104e-01
  8.36339296875000e-04   2.28878881170104e-01
  8.48460156250000e-04   2.28878881170104e-01
  8.60581015625000e-04   2.28878881170104e-01
  8.72701875000000e-04   2.28878881170104e-01
  8.84822734375000e-04   2.28878881170104e-01
  8.96943593750000e-04   2.28878881170104e-01
  9.09064453125000e-04   2.28878881170104e-01
  9.21185312500000e-04   2.28878881170104e-01
  9.33306171875000e-04   2.28878881170104e-01
  9.45427031250000e-04   2.28878881170104e-01
  9.57547890625000e-04   2.28878881170104e-01
  9.69668750000000e-04   2.28878881170104e-01
  9.81789609375000e-04   2.28878881170104e-01
  9.93910468750000e-04   2.28878881170104e-01
  1.00603132812500e-03   2.28878881170104e-01
  1.01815218750000e-03   2.28878881170104e-01
  1.03027304687500e-03   2.28878881170104e-01
  1.04239390625000e-03   2.28878881170104e-01
  1.05451476562500e-03   2.28878881170104e-01
  1.06663562500000e-03   2.28878881170104e-01
  1.07875648437500e-03   2.28878881170104e-01
  1.09087734375000e-03   2.28878881170104e-01
  1.10299820312500e-03   2.28878881170104e-01
  1.11511906250000e-03   2.28878881170104e-01
  1.12723992187500e-03   2.28878881170104e-01
  1.13936078125000e-03   2.28878881170105e-01
  1.15148164062500e-03   2.28878881170105e-01
  1.16360250000000e-03   2.28878881170105e-01
  1.17572335937500e-03   2.28878881170105e-01
  1.18784421875000e-03   2.28878881170105e-01
  1.19996507812500e-03   2.28878881170105e-01
  1.21208593750000e-03   2.28878881170105e-01
  1.22420679687500e-03   2.28878881170105e-01
  1.23632765625000e-03   2.28878881170105e-01
  1.24844851562500e-03   2.28878881170105e-01
  1.26056937500000e-03   2.28878881170105e-01
  1.27269023437500e-03   2.28878881170105e-01
  1.28481109375000e-03   2.28878881170105e-01
  1.29693195312500e-03   2.28878881170105e-01
  1.30905281250000e-03   2.28878881170105e-01
  1.32117367187500e-03   2.28878881170105e-01
  1.33329453125000e-03   2.28878881170105e-01
  1.34541539062500e-03   2.28878881170105e-01
  1.35753625000000e-03   2.28878881170105e-01
  1.36965710937500e-03   2.28878881170105e-01
  1.38177796875000e-03   2.28878881170105e-01
  1.39389882812500e-03   2.28878881170105e-01
  1.40601968750000e-03   2.28878881170105e-01
  1.41814054687500e-03   2.28878881170105e-01
  1.43026140625000e-03   2.28878881170105e-01
  1.44238226562500e-03   2.28878881170105e-01
  1.45450312500000e-03   2.28878881170105e-01
  1.46662398437500e-03   2.28878881170105e-01
  1.47874484375000e-03   2.28878881170105e-01
  1.49086570312500e-03   2.28878881170105e-01
  1.50298656250000e-03   2.28878881170105e-01
  1.51510742187500e-03   2.28878881170105e-01
  1.52722828125000e-03   2.28878881170105e-01
  1.53934914062500e-03   2.28878881170105e-01
  1.55147000000000e-03   2.28878881170105e-01
  1.56359085937500e-03   2.28878881170106e-01
  1.57571171875000e-03   2.28878881170106e-01
  1.58783257812500e-03   2.28878881170106e-01
  1.59995343750000e-03   2.28878881170106e-01
  1.61207429687500e-03   2.28878881170106e-01
  1.62419515625000e-03   2.28878881170106e-01
  1.63631601562500e-03   2.28878881170106e-01
  1.64843687500000e-03   2.28878881170106e-01
  1.66055773437500e-03   2.28878881170106e-01
  1.67267859375000e-03   2.28878881170106e-01
  1.68479945312500e-03   2.28878881170106e-01
  1.69692031250000e-03   2.28878881170106e-01
  1.70904117187500e-03   2.28878881170106e-01
  1.72116203125000e-03   2.28878881170106e-01
  1.73328289062500e-03   2.28878881170106e-01
  1.74540375000000e-03   2.28878881170106e-01
  1.75752460937500e-03   2.28878881170106e-01
  1.76964546875000e-03   2.28878881170106e-01
  1.78176632812500e-03   2.28878881170106e-01
  1.79388718750000e-03   2.28878881170106e-01
  1.80600804687500e-03   2.28878881170106e-01
  1.81812890625000e-03   2.28878881170106e-01
  1.83024976562500e-03   2.28878881170106e-01
  1.84237062500000e-03   2.28878881170106e-01
  1.85449148437500e-03   2.28878881170106e-01
  1.86661234375000e-03   2.28878881170106e-01
  1.87873320312500e-03   2.28878881170106e-01
  1.89085406250000e-03   2.28878881170106e-01
  1.90297492187500e-03   2.28878881170106e-01
  1.91509578125000e-03   2.28878881170106e-01
  1.92721664062500e-03   2.28878881170106e-01
  1.93933750000000e-03   2.28878881170106e-01
  1.95145835937500e-03   2.28878881170106e-01
  1.96357921875000e-03   2.28878881170106e-01
  1.97570007812500e-03   2.28878881170106e-01
  1.98782093750000e-03   2.28878881170106e-01
  1.99994179687500e-03   2.28878881170107e-01
  2.01206265625000e-03   2.28878881170107e-01
  2.02418351562500e-03   2.28878881170107e-01
  2.03630437500000e-03   2.28878881170107e-01
  2.04842523437500e-03   2.28878881170107e-01
  2.06054609375000e-03   2.28878881170107e-01
  2.07266695312500e-03   2.28878881170107e-01
  2.08478781250000e-03   2.28878881170107e-01
  2.09690867187500e-03   2.28878881170107e-01
  2.10902953125000e-03   2.28878881170107e-01
  2.12115039062500e-03   2.28878881170107e-01
  2.13327125000000e-03   2.28878881170107e-01
  2.14539210937500e-03   2.28878881170107e-01
  2.15751296875000e-03   2.28878881170107e-01
  2.16963382812500e-03   2.28878881170107e-01
  2.18175468750000e-03   2.28878881170107e-01
  2.19387554687500e-03   2.28878881170107e-01
  2.20599640625000e-03   2.28878881170107e-01
  2.21811726562500e-03   2.28878881170107e-01
  2.23023812500000e-03   2.28878881170107e-01
  2.24235898437500e-03   2.28878881170107e-01
  2.25447984375000e-03   2.28878881170107e-01
  2.26660070312500e-03   2.28878881170107e-01
  2.27872156250000e-03   2.28878881170107e-01
  2.29084242187500e-03   2.28878881170107e-01
  2.30296328125000e-03   2.28878881170107e-01
  2.31508414062500e-03   2.28878881170107e-01
  2.32720500000000e-03   2.28878881170107e-01
  2.33932585937500e-03   2.28878881170107e-01
  2.35144671875000e-03   2.28878881170107e-01
  2.36356757812500e-03   2.28878881170107e-01
  2.37568843750000e-03   2.28878881170107e-01
  2.38780929687500e-03   2.28878881170107e-01
  2.39993015625000e-03   2.28878881170107e-01
  2.41205101562500e-03   2.28878881170107e-01
  2.42417187500000e-03   2.28878881170107e-01
  2.43629273437500e-03   2.28878881170108e-01
  2.44841359375000e-03   2.28878881170108e-01
  2.46053445312500e-03   2.28878881170108e-01
  2.47265531250000e-03   2.28878881170108e-01
  2.48477617187500e-03   2.28878881170108e-01
  2.49689703125000e-03   2.28878881170108e-01
  2.50901789062500e-03   2.28878881170108e-01
  2.52113875000000e-03   2.28878881170108e-01
  2.53325960937500e-03   2.28878881170108e-01
  2.54538046875000e-03   2.28878881170108e-01
  2.55750132812500e-03   2.28878881170108e-01
  2.56962218750000e-03   2.28878881170108e-01
  2.58174304687500e-03   2.28878881170108e-01
  2.59386390625000e-03   2.28878881170108e-01
  2.60598476562500e-03   2.28878881170108e-01
  2.61810562500000e-03   2.28878881170108e-01
  2.63022648437500e-03   2.28878881170108e-01
  2.64234734375000e-03   2.28878881170108e-01
  2.65446820312500e-03   2.28878881170108e-01
  2.66658906250000e-03   2.28878881170108e-01
  2.67870992187500e-03   2.28878881170108e-01
  2.69083078125000e-03   2.28878881170108e-01
  2.70295164062500e-03   2.28878881170108e-01
  2.71507250000000e-03   2.28878881170108e-01
  2.72719335937500e-03   2.28878881170108e-01
  2.73931421875000e-03   2.28878881170108e-01
  2.75143507812500e-03   2.28878881170108e-01
  2.76355593750000e-03   2.28878881170108e-01
  2.77567679687500e-03   2.28878881170108e-01
  2.78779765625000e-03   2.28878881170108e-01
  2.79991851562500e-03   2.28878881170108e-01
  2.81203937500000e-03   2.28878881170108e-01
  2.82416023437500e-03   2.28878881170108e-01
  2.83628109375000e-03   2.28878881170108e-01
  2.84840195312500e-03   2.28878881170108e-01
  2.86052281250000e-03   2.28878881170109e-01
  2.87264367187500e-03   2.28878881170109e-01
  2.88476453125000e-03   2.28878881170109e-01
  2.89688539062500e-03   2.28878881170109e-01
  2.90900625000000e-03   2.28878881170109e-01
  2.92112710937500e-03   2.28878881170109e-01
  2.93324796875000e-03   2.28878881170109e-01
  2.94536882812500e-03   2.28878881170109e-01
  2.95748968750000e-03   2.28878881170109e-01
  2.96961054687500e-03   2.28878881170109e-01
  2.98173140625000e-03   2.28878881170109e-01
  2.99385226562500e-03   2.28878881170109e-01
  3.00597312500000e-03   2.28878881170109e-01
  3.01809398437500e-03   2.28878881170109e-01
  3.03021484375000e-03   2.28878881170109e-01
  3.04233570312500e-03   2.28878881170109e-01
  3.05445656250000e-03   2.28878881170109e-01
  3.06657742187500e-03   2.28878881170109e-01
  3.07869828125000e-03   2.28878881170109e-01
  3.09081914062500e-03   2.28878881170109e-01
  3.10294000000000e-03   2.28878881170109e-01
  3.11506085937500e-03   2.28878881170111e-01
  3.12718171875000e-03   2.28878881170113e-01
  3.13930257812500e-03   2.28878881170115e-01
  3.15142343750000e-03   2.28878881170116e-01
  3.16354429687500e-03   2.28878881170118e-01
  3.17566515625000e-03   2.28878881170120e-01
  3.18778601562500e-03   2.28878881170122e-01
  3.19990687500000e-03   2.28878881170124e-01
  3.21202773437500e-03   2.28878881170125e-01
  3.22414859375000e-03   2.28878881170127e-01
  3.23626945312500e-03   2.28878881170129e-01
  3.24839031250000e-03   2.28878881170131e-01
  3.26051117187500e-03   2.28878881170133e-01
  3.27263203125000e-03   2.28878881170135e-01
  3.28475289062500e-03   2.28878881170136e-01
  3.29687375000000e-03   2.28878881170138e-01
  3.30899460937500e-03   2.28878881170140e-01
  3.32111546875000e-03   2.28878881170142e-01
  3.33323632812500e-03   2.28878881170144e-01
  3.34535718750000e-03   2.28878881170146e-01
  3.35747804687500e-03   2.28878881170147e-01
  3.36959890625000e-03   2.28878881170149e-01
  3.38171976562500e-03   2.28878881170151e-01
  3.39384062500000e-03   2.28878881170153e-01
  3.40596148437500e-03   2.28878881170155e-01
  3.41808234375000e-03   2.28878881170156e-01
  3.43020320312500e-03   2.28878881170158e-01
  3.44232406250000e-03   2.28878881170160e-01
  3.45444492187500e-03   2.28878881170162e-01
  3.46656578125000e-03   2.28878881170164e-01
  3.47868664062500e-03   2.28878881170166e-01
  3.49080750000000e-03   2.28878881170167e-01
  3.50292835937500e-03   2.28878881170169e-01
  3.51504921875000e-03   2.28878881170171e-01
  3.52717007812500e-03   2.28878881170173e-01
  3.53929093750000e-03   2.28878881170175e-01
  3.55141179687500e-03   2.28878881170177e-01
  3.56353265625000e-03   2.28878881170178e-01
  3.57565351562500e-03   2.28878881170180e-01
  3.58777437500000e-03   2.28878881170182e-01
  3.59989523437500e-03   2.28878881170184e-01
  3.61201609375000e-03   2.28878881170186e-01
  3.62413695312500e-03   2.28878881170187e-01
  3.63625781250000e-03   2.28878881170189e-01
  3.64837867187500e-03   2.28878881170191e-01
  3.66049953125000e-03   2.28878881170193e-01
  3.67262039062500e-03   2.28878881170195e-01
  3.68474125000000e-03   2.28878881170197e-01
  3.69686210937500e-03   2.28878881170198e-01
  3.70898296875000e-03   2.28878881170200e-01
  3.72110382812500e-03   2.28878881170202e-01
  3.73322468750000e-03   2.28878881170204e-01
  3.74534554687500e-03   2.28878881170206e-01
  3.75746640625000e-03   2.28878881170208e-01
  3.76958726562500e-03   2.28878881170209e-01
  3.78170812500000e-03   2.28878881170211e-01
  3.79382898437500e-03   2.28878881170213e-01
  3.80594984375000e-03   2.28878881170215e-01
  3.81807070312500e-03   2.28878881170217e-01
  3.83019156250000e-03   2.28878881170218e-01
  3.84231242187500e-03   2.28878881170220e-01
  3.85443328125000e-03   2.28878881170222e-01
  3.86655414062500e-03   2.28878881170224e-01
  3.87867500000000e-03   2.28878881170226e-01
  3.89079585937500e-03   2.28878881170228e-01
  3.90291671875000e-03   2.28878881170229e-01
  3.91503757812500e-03   2.28878881170231e-01
  3.92715843750000e-03   2.28878881170233e-01
  3.93927929687500e-03   2.28878881170235e-01
  3.95140015625000e-03   2.28878881170237e-01
  3.96352101562500e-03   2.28878881170239e-01
  3.97564187500000e-03   2.28878881170240e-01
  3.98776273437500e-03   2.28878881170242e-01
  3.99988359375000e-03   2.28878881170244e-01
  4.01200445312500e-03   2.28878881170246e-01
  4.02412531250000e-03   2.28878881170248e-01
  4.03624617187500e-03   2.28878881170249e-01
  4.04836703125000e-03   2.28878881170251e-01
  4.06048789062500e-03   2.28878881170253e-01
  4.07260875000000e-03   2.28878881170255e-01
  4.08472960937500e-03   2.28878881170257e-01
  4.09685046875000e-03   2.28878881170259e-01
  4.10897132812500e-03   2.28878881170260e-01
  4.12109218750000e-03   2.28878881170262e-01
  4.13321304687500e-03   2.28878881170264e-01
  4.14533390625000e-03   2.28878881170266e-01
  4.15745476562500e-03   2.28878881170268e-01
  4.16957562500000e-03   2.28878881170269e-01
  4.18169648437500e-03   2.28878881170271e-01
  4.19381734375000e-03   2.28878881170273e-01
  4.20593820312500e-03   2.28878881170275e-01
  4.21805906250000e-03   2.28878881170277e-01
  4.23017992187500e-03   2.28878881170279e-01
  4.24230078125000e-03   2.28878881170280e-01
  4.25442164062500e-03   2.28878881170282e-01
  4.26654250000000e-03   2.28878881170284e-01
  4.27866335937500e-03   2.28878881170286e-01
  4.29078421875000e-03   2.28878881170288e-01
  4.30290507812500e-03   2.28878881170290e-01
  4.31502593750000e-03   2.28878881170291e-01
  4.32714679687500e-03   2.28878881170293e-01
  4.33926765625000e-03   2.28878881170295e-01
  4.35138851562500e-03   2.28878881170297e-01
  4.36350937500000e-03   2.28878881170299e-01
  4.37563023437500e-03   2.28878881170301e-01
  4.38775109375000e-03   2.28878881170302e-01
  4.39987195312500e-03   2.28878881170304e-01
  4.41199281250000e-03   2.28878881170306e-01
  4.42411367187500e-03   2.28878881170308e-01
  4.43623453125000e-03   2.28878881170310e-01
  4.44835539062500e-03   2.28878881170311e-01
  4.46047625000000e-03   2.28878881170313e-01
  4.47259710937500e-03   2.28878881170315e-01
  4.48471796875000e-03   2.28878881170317e-01
  4.49683882812500e-03   2.28878881170319e-01
  4.50895968750000e-03   2.28878881170321e-01
  4.52108054687500e-03   2.28878881170322e-01
  4.53320140625000e-03   2.28878881170324e-01
  4.54532226562500e-03   2.28878881170326e-01
  4.55744312500000e-03   2.28878881170328e-01
  4.56956398437500e-03   2.28878881170330e-01
  4.58168484375000e-03   2.28878881170332e-01
  4.59380570312500e-03   2.28878881170333e-01
  4.60592656250000e-03   2.28878881170335e-01
  4.61804742187500e-03   2.28878881170337e-01
  4.63016828125000e-03   2.28878881170339e-01
  4.64228914062500e-03   2.28878881170341e-01
  4.65441000000000e-03   2.28878881170342e-01
  4.66653085937500e-03   2.28878881170344e-01
  4.67865171875000e-03   2.28878881170346e-01
  4.69077257812500e-03   2.28878881170348e-01
  4.70289343750000e-03   2.28878881170350e-01
  4.71501429687500e-03   2.28878881170352e-01
  4.72713515625000e-03   2.28878881170353e-01
  4.73925601562500e-03   2.28878881170355e-01
  4.75137687500000e-03   2.28878881170357e-01
  4.76349773437500e-03   2.28878881170359e-01
  4.77561859375000e-03   2.28878881170361e-01
  4.78773945312500e-03   2.28878881170363e-01
  4.79986031250000e-03   2.28878881170364e-01
  4.81198117187500e-03   2.28878881170366e-01
  4.82410203125000e-03   2.28878881170368e-01
  4.83622289062500e-03   2.28878881170370e-01
  4.84834375000000e-03   2.28878881170372e-01
  4.86046460937500e-03   2.28878881170373e-01
  4.87258546875000e-03   2.28878881170375e-01
  4.88470632812500e-03   2.28878881170377e-01
  4.89682718750000e-03   2.28878881170379e-01
  4.90894804687500e-03   2.28878881170381e-01
  4.92106890625000e-03   2.28878881170383e-01
  4.93318976562500e-03   2.28878881170384e-01
  4.94531062500000e-03   2.28878881170386e-01
  4.95743148437500e-03   2.28878881170388e-01
  4.96955234375000e-03   2.28878881170390e-01
  4.98167320312500e-03   2.28878881170392e-01
  4.99379406250000e-03   2.28878881170393e-01
  5.00591492187500e-03   2.28878881170395e-01
  5.01803578125000e-03   2.28878881170397e-01
  5.03015664062500e-03   2.28878881170399e-01
  5.04227750000000e-03   2.28878881170401e-01
  5.05439835937500e-03   2.28878881170403e-01
  5.06651921875000e-03   2.28878881170404e-01
  5.07864007812500e-03   2.28878881170406e-01
  5.09076093750000e-03   2.28878881170408e-01
  5.10288179687500e-03   2.28878881170410e-01
  5.11500265625000e-03   2.28878881170412e-01
  5.12712351562500e-03   2.28878881170414e-01
  5.13924437500000e-03   2.28878881170415e-01
  5.15136523437500e-03   2.28878881170417e-01
  5.16348609375000e-03   2.28878881170419e-01
  5.17560695312500e-03   2.28878881170421e-01
  5.18772781250000e-03   2.28878881170423e-01
  5.19984867187500e-03   2.28878881170424e-01
  5.21196953125000e-03   2.28878881170426e-01
  5.22409039062500e-03   2.28878881170428e-01
  5.23621125000000e-03   2.28878881170430e-01
  5.24833210937500e-03   2.28878881170432e-01
  5.26045296875000e-03   2.28878881170434e-01
  5.27257382812500e-03   2.28878881170435e-01
  5.28469468750000e-03   2.28878881170437e-01
  5.29681554687500e-03   2.28878881170439e-01
  5.30893640625000e-03   2.28878881170441e-01
  5.32105726562500e-03   2.28878881170443e-01
  5.33317812500000e-03   2.28878881170445e-01
  5.34529898437500e-03   2.28878881170446e-01
  5.35741984375000e-03   2.28878881170448e-01
  5.36954070312500e-03   2.28878881170450e-01
  5.38166156250000e-03   2.28878881170452e-01
  5.39378242187500e-03   2.28878881170454e-01
  5.40590328125000e-03   2.28878881170455e-01
  5.41802414062500e-03   2.28878881170457e-01
  5.43014500000000e-03   2.28878881170459e-01
  5.44226585937500e-03   2.28878881170461e-01
  5.45438671875000e-03   2.28878881170463e-01
  5.46650757812500e-03   2.28878881170465e-01
  5.47862843750000e-03   2.28878881170466e-01
  5.49074929687500e-03   2.28878881170468e-01
  5.50287015625000e-03   2.28878881170470e-01
  5.51499101562500e-03   2.28878881170472e-01
  5.52711187500000e-03   2.28878881170474e-01
  5.53923273437500e-03   2.28878881170476e-01
  5.55135359375000e-03   2.28878881170477e-01
  5.56347445312500e-03   2.28878881170479e-01
  5.57559531250000e-03   2.28878881170481e-01
  5.58771617187500e-03   2.28878881170483e-01
  5.59983703125000e-03   2.28878881170485e-01
  5.61195789062500e-03   2.28878881170486e-01
  5.62407875000000e-03   2.28878881170488e-01
  5.63619960937500e-03   2.28878881170490e-01
  5.64832046875000e-03   2.28878881170492e-01
  5.66044132812500e-03   2.28878881170494e-01
  5.67256218750000e-03   2.28878881170496e-01
  5.68468304687500e-03   2.28878881170497e-01
  5.69680390625000e-03   2.28878881170499e-01
  5.70892476562500e-03   2.28878881170501e-01
  5.72104562500000e-03   2.28878881170503e-01
  5.73316648437500e-03   2.28878881170505e-01
  5.74528734375000e-03   2.28878881170507e-01
  5.75740820312500e-03   2.28878881170508e-01
  5.76952906250000e-03   2.28878881170510e-01
  5.78164992187500e-03   2.28878881170512e-01
  5.79377078125000e-03   2.28878881170514e-01
  5.80589164062500e-03   2.28878881170516e-01
  5.81801250000000e-03   2.28878881170517e-01
  5.83013335937500e-03   2.28878881170519e-01
  5.84225421875000e-03   2.28878881170521e-01
  5.85437507812500e-03   2.28878881170523e-01
  5.86649593750000e-03   2.28878881170525e-01
  5.87861679687500e-03   2.28878881170527e-01
  5.89073765625000e-03   2.28878881170528e-01
  5.90285851562500e-03   2.28878881170530e-01
  5.91497937500000e-03   2.28878881170532e-01
  5.92710023437500e-03   2.28878881170534e-01
  5.93922109375000e-03   2.28878881170536e-01
  5.95134195312500e-03   2.28878881170538e-01
  5.96346281250000e-03   2.28878881170539e-01
  5.97558367187500e-03   2.28878881170541e-01
  5.98770453125000e-03   2.28878881170543e-01
  5.99982539062500e-03   2.28878881170545e-01
  6.01194625000000e-03   2.28878881170547e-01
  6.02406710937500e-03   2.28878881170548e-01
  6.03618796875000e-03   2.28878881170550e-01
  6.04830882812500e-03   2.28878881170552e-01
  6.06042968750000e-03   2.28878881170554e-01
  6.07255054687500e-03   2.28878881170556e-01
  6.08467140625000e-03   2.28878881170558e-01
  6.09679226562500e-03   2.28878881170559e-01
  6.10891312500000e-03   2.28878881170561e-01
  6.12103398437500e-03   2.28878881170563e-01
  6.13315484375000e-03   2.28878881170565e-01
  6.14527570312500e-03   2.28878881170567e-01
  6.15739656250000e-03   2.28878881170569e-01
  6.16951742187500e-03   2.28878881170570e-01
  6.18163828125000e-03   2.28878881170572e-01
  6.19375914062500e-03   2.28878881170574e-01
  6.20588000000000e-03   2.28878881170576e-01
  6.21800085937500e-03   2.28878881170667e-01
  6.23012171875000e-03   2.28878881170758e-01
  6.24224257812500e-03   2.28878881170848e-01
  6.25436343750000e-03   2.28878881170939e-01
  6.26648429687500e-03   2.28878881171030e-01
  6.27860515625000e-03   2.28878881171121e-01
  6.29072601562500e-03   2.28878881171212e-01
  6.30284687500000e-03   2.28878881171303e-01
  6.31496773437500e-03   2.28878881171394e-01
  6.32708859375000e-03   2.28878881171485e-01
  6.33920945312500e-03   2.28878881171576e-01
  6.35133031250000e-03   2.28878881171666e-01
  6.36345117187500e-03   2.28878881171757e-01
  6.37557203125000e-03   2.28878881171848e-01
  6.38769289062500e-03   2.28878881171939e-01
  6.39981375000000e-03   2.28878881172030e-01
  6.41193460937500e-03   2.28878881172121e-01
  6.42405546875000e-03   2.28878881172212e-01
  6.43617632812500e-03   2.28878881172303e-01
  6.44829718750000e-03   2.28878881172394e-01
  6.46041804687500e-03   2.28878881172484e-01
  6.47253890625000e-03   2.28878881172575e-01
  6.48465976562500e-03   2.28878881172666e-01
  6.49678062500000e-03   2.28878881172757e-01
  6.50890148437500e-03   2.28878881172848e-01
  6.52102234375000e-03   2.28878881172939e-01
  6.53314320312500e-03   2.28878881173030e-01
  6.54526406250000e-03   2.28878881173121e-01
  6.55738492187500e-03   2.28878881173211e-01
  6.56950578125000e-03   2.28878881173302e-01
  6.58162664062500e-03   2.28878881173393e-01
  6.59374750000000e-03   2.28878881173484e-01
  6.60586835937500e-03   2.28878881173575e-01
  6.61798921875000e-03   2.28878881173666e-01
  6.63011007812500e-03   2.28878881173757e-01
  6.64223093750000e-03   2.28878881173848e-01
  6.65435179687500e-03   2.28878881173939e-01
  6.66647265625000e-03   2.28878881174029e-01
  6.67859351562500e-03   2.28878881174120e-01
  6.69071437500000e-03   2.28878881174211e-01
  6.70283523437500e-03   2.28878881174302e-01
  6.71495609375000e-03   2.28878881174393e-01
  6.72707695312500e-03   2.28878881174484e-01
  6.73919781250000e-03   2.28878881174575e-01
  6.75131867187500e-03   2.28878881174666e-01
  6.76343953125000e-03   2.28878881174757e-01
  6.77556039062500e-03   2.28878881174847e-01
  6.78768125000000e-03   2.28878881174938e-01
  6.79980210937500e-03   2.28878881175029e-01
  6.81192296875000e-03   2.28878881175120e-01
  6.82404382812500e-03   2.28878881175211e-01
  6.83616468750000e-03   2.28878881175302e-01
  6.84828554687500e-03   2.28878881175393e-01
  6.86040640625000e-03   2.28878881175484e-01
  6.87252726562500e-03   2.28878881175574e-01
  6.88464812500000e-03   2.28878881175665e-01
  6.89676898437500e-03   2.28878881175756e-01
  6.90888984375000e-03   2.28878881175847e-01
  6.92101070312500e-03   2.28878881175938e-01
  6.93313156250000e-03   2.28878881176029e-01
  6.94525242187500e-03   2.28878881176120e-01
  6.95737328125000e-03   2.28878881176211e-01
  6.96949414062500e-03   2.28878881176302e-01
  6.98161500000000e-03   2.28878881176392e-01
  6.99373585937500e-03   2.28878881176483e-01
  7.00585671875000e-03   2.28878881176574e-01
  7.01797757812500e-03   2.28878881176665e-01
  7.03009843750000e-03   2.28878881176756e-01
  7.04221929687500e-03   2.28878881176847e-01
  7.05434015625000e-03   2.28878881176938e-01
  7.06646101562500e-03   2.28878881177029e-01
  7.07858187500000e-03   2.28878881177120e-01
  7.09070273437500e-03   2.28878881177210e-01
  7.10282359375000e-03   2.28878881177301e-01
  7.11494445312500e-03   2.28878881177392e-01
  7.12706531250000e-03   2.28878881177483e-01
  7.13918617187500e-03   2.28878881177574e-01
  7.15130703125000e-03   2.28878881177665e-01
  7.16342789062500e-03   2.28878881177756e-01
  7.17554875000000e-03   2.28878881177847e-01
  7.18766960937500e-03   2.28878881177938e-01
  7.19979046875000e-03   2.28878881178028e-01
  7.21191132812500e-03   2.28878881178119e-01
  7.22403218750000e-03   2.28878881178210e-01
  7.23615304687500e-03   2.28878881178301e-01
  7.24827390625000e-03   2.28878881178392e-01
  7.26039476562500e-03   2.28878881178483e-01
  7.27251562500000e-03   2.28878881178574e-01
  7.28463648437500e-03   2.28878881178665e-01
  7.29675734375000e-03   2.28878881178755e-01
  7.30887820312500e-03   2.28878881178846e-01
  7.32099906250000e-03   2.28878881178937e-01
  7.33311992187500e-03   2.28878881179028e-01
  7.34524078125000e-03   2.28878881179119e-01
  7.35736164062500e-03   2.28878881179210e-01
  7.36948250000000e-03   2.28878881179301e-01
  7.38160335937500e-03   2.28878881179392e-01
  7.39372421875000e-03   2.28878881179483e-01
  7.40584507812500e-03   2.28878881179573e-01
  7.41796593750000e-03   2.28878881179664e-01
  7.43008679687500e-03   2.28878881179755e-01
  7.44220765625000e-03   2.28878881179846e-01
  7.45432851562500e-03   2.28878881179937e-01
  7.46644937500000e-03   2.28878881180028e-01
  7.47857023437500e-03   2.28878881180119e-01
  7.49069109375000e-03   2.28878881180210e-01
  7.50281195312500e-03   2.28878881180301e-01
  7.51493281250000e-03   2.28878881180391e-01
  7.52705367187500e-03   2.28878881180482e-01
  7.53917453125000e-03   2.28878881180573e-01
  7.55129539062500e-03   2.28878881180664e-01
  7.56341625000000e-03   2.28878881180755e-01
  7.57553710937500e-03   2.28878881180846e-01
  7.58765796875000e-03   2.28878881180937e-01
  7.59977882812500e-03   2.28878881181028e-01
  7.61189968750000e-03   2.28878881181118e-01
  7.62402054687500e-03   2.28878881181209e-01
  7.63614140625000e-03   2.28878881181300e-01
  7.64826226562500e-03   2.28878881181391e-01
  7.66038312500000e-03   2.28878881181482e-01
  7.67250398437500e-03   2.28878881181573e-01
  7.68462484375000e-03   2.28878881181664e-01
  7.69674570312500e-03   2.28878881181755e-01
  7.70886656250000e-03   2.28878881181846e-01
  7.72098742187500e-03   2.28878881181936e-01
  7.73310828125000e-03   2.28878881182027e-01
  7.74522914062500e-03   2.28878881182118e-01
  7.75735000000000e-03   2.28878881182209e-01
  7.76947085937500e-03   2.28878881184524e-01
  7.78159171875000e-03   2.28878881186839e-01
  7.79371257812500e-03   2.28878881189154e-01
  7.80583343750000e-03   2.28878881191469e-01
  7.81795429687500e-03   2.28878881193784e-01
  7.83007515625000e-03   2.28878881196099e-01
  7.84219601562500e-03   2.28878881198415e-01
  7.85431687500000e-03   2.28878881200730e-01
  7.86643773437500e-03   2.28878881203045e-01
  7.87855859375000e-03   2.28878881205360e-01
  7.89067945312500e-03   2.28878881207675e-01
  7.90280031250000e-03   2.28878881209990e-01
  7.91492117187500e-03   2.28878881212305e-01
  7.92704203125000e-03   2.28878881214620e-01
  7.93916289062500e-03   2.28878881216935e-01
  7.95128375000000e-03   2.28878881219250e-01
  7.96340460937500e-03   2.28878881221565e-01
  7.97552546875000e-03   2.28878881223880e-01
  7.98764632812500e-03   2.28878881226195e-01
  7.99976718750000e-03   2.28878881228510e-01
  8.01188804687500e-03   2.28878881230825e-01
  8.02400890625000e-03   2.28878881233141e-01
  8.03612976562500e-03   2.28878881235456e-01
  8.04825062500000e-03   2.28878881237771e-01
  8.06037148437500e-03   2.28878881240086e-01
  8.07249234375000e-03   2.28878881242401e-01
  8.08461320312500e-03   2.28878881244716e-01
  8.09673406250000e-03   2.28878881247031e-01
  8.10885492187500e-03   2.28878881249346e-01
  8.12097578125000e-03   2.28878881251661e-01
  8.13309664062500e-03   2.28878881253976e-01
  8.14521750000000e-03   2.28878881256291e-01
  8.15733835937500e-03   2.28878881258606e-01
  8.16945921875000e-03   2.28878881260921e-01
  8.18158007812500e-03   2.28878881263236e-01
  8.19370093750000e-03   2.28878881265551e-01
  8.20582179687500e-03   2.28878881267867e-01
  8.21794265625000e-03   2.28878881270182e-01
  8.23006351562500e-03   2.28878881272497e-01
  8.24218437500000e-03   2.28878881274812e-01
  8.25430523437500e-03   2.28878881277127e-01
  8.26642609375000e-03   2.28878881279442e-01
  8.27854695312500e-03   2.28878881281757e-01
  8.29066781250000e-03   2.28878881284072e-01
  8.30278867187500e-03   2.28878881286387e-01
  8.31490953125000e-03   2.28878881288702e-01
  8.32703039062500e-03   2.28878881291017e-01
  8.33915125000000e-03   2.28878881293332e-01
  8.35127210937500e-03   2.28878881295647e-01
  8.36339296875000e-03   2.28878881297962e-01
  8.37551382812500e-03   2.28878881300277e-01
  8.38763468750000e-03   2.28878881302592e-01
  8.39975554687500e-03   2.28878881304908e-01
  8.41187640625000e-03   2.28878881307223e-01
  8.42399726562500e-03   2.28878881309538e-01
  8.43611812500000e-03   2.28878881311853e-01
  8.44823898437500e-03   2.28878881314168e-01
  8.46035984375000e-03   2.28878881316483e-01
  8.47248070312500e-03   2.28878881318798e-01
  8.48460156250000e-03   2.28878881321113e-01
  8.49672242187500e-03   2.28878881323428e-01
  8.50884328125000e-03   2.28878881325743e-01
  8.52096414062500e-03   2.28878881328058e-01
  8.53308500000000e-03   2.28878881330373e-01
  8.54520585937500e-03   2.28878881370459e-01
  8.55732671875000e-03   2.28878881410544e-01
  8.56944757812500e-03   2.28878881450630e-01
  8.58156843750000e-03   2.28878881490715e-01
  8.59368929687500e-03   2.28878881530800e-01
  8.60581015625000e-03   2.28878881570886e-01
  8.61793101562500e-03   2.28878881610971e-01
  8.63005187500000e-03   2.28878881651057e-01
  8.64217273437500e-03   2.28878881691142e-01
  8.65429359375000e-03   2.28878881731228e-01
  8.66641445312500e-03   2.28878881771313e-01
  8.67853531250000e-03   2.28878881811398e-01
  8.69065617187500e-03   2.28878881851484e-01
  8.70277703125000e-03   2.28878881891569e-01
  8.71489789062500e-03   2.28878881931655e-01
  8.72701875000000e-03   2.28878881971740e-01
  8.73913960937500e-03   2.28878882011826e-01
  8.75126046875000e-03   2.28878882051911e-01
  8.76338132812500e-03   2.28878882091997e-01
  8.77550218750000e-03   2.28878882132082e-01
  8.78762304687500e-03   2.28878882172167e-01
  8.79974390625000e-03   2.28878882212253e-01
  8.81186476562500e-03   2.28878882252338e-01
  8.82398562500000e-03   2.28878882292424e-01
  8.83610648437500e-03   2.28878882332509e-01
  8.84822734375000e-03   2.28878882372595e-01
  8.86034820312500e-03   2.28878882412680e-01
  8.87246906250000e-03   2.28878882452765e-01
  8.88458992187500e-03   2.28878882492851e-01
  8.89671078125000e-03   2.28878882532936e-01
  8.90883164062500e-03   2.28878882573022e-01
  8.92095250000000e-03   2.28878882613107e-01
  8.93307335937500e-03   2.28878882653193e-01
  8.94519421875000e-03   2.28878882693278e-01
  8.95731507812500e-03   2.28878882733363e-01
  8.96943593750000e-03   2.28878882773449e-01
  8.98155679687500e-03   2.28878882813534e-01
  8.99367765625000e-03   2.28878882853620e-01
  9.00579851562500e-03   2.28878882893705e-01
  9.01791937500000e-03   2.28878882933791e-01
  9.03004023437500e-03   2.28878882973876e-01
  9.04216109375000e-03   2.28878883013962e-01
  9.05428195312500e-03   2.28878883054047e-01
  9.06640281250000e-03   2.28878883094132e-01
  9.07852367187500e-03   2.28878883134218e-01
  9.09064453125000e-03   2.28878883174303e-01
  9.10276539062500e-03   2.28878883214389e-01
  9.11488625000000e-03   2.28878883254474e-01
  9.12700710937500e-03   2.28878883294560e-01
  9.13912796875000e-03   2.28878883334645e-01
  9.15124882812500e-03   2.28878883374730e-01
  9.16336968750000e-03   2.28878883414816e-01
  9.17549054687500e-03   2.28878883454901e-01
  9.18761140625000e-03   2.28878883494987e-01
  9.19973226562500e-03   2.28878883535072e-01
  9.21185312500000e-03   2.28878883575158e-01
  9.22397398437500e-03   2.28878883615243e-01
  9.23609484375000e-03   2.28878883655328e-01
  9.24821570312500e-03   2.28878883695414e-01
  9.26033656250000e-03   2.28878883735499e-01
  9.27245742187500e-03   2.28878883775585e-01
  9.28457828125000e-03   2.28878883815670e-01
  9.29669914062500e-03   2.28878883855756e-01
  9.30882000000000e-03   2.28878883895841e-01
  9.32094085937500e-03   2.28878884426384e-01
  9.33306171875000e-03   2.28878884956927e-01
  9.34518257812500e-03   2.28878885487470e-01
  9.35730343750000e-03   2.28878886018013e-01
  9.36942429687500e-03   2.28878886548556e-01
  9.38154515625000e-03   2.28878887079099e-01
  9.39366601562500e-03   2.28878887609642e-01
  9.40578687500000e-03   2.28878888140184e-01
  9.41790773437500e-03   2.28878888670727e-01
  9.43002859375000e-03   2.28878889201270e-01
  9.44214945312500e-03   2.28878889731813e-01
  9.45427031250000e-03   2.28878890262356e-01
  9.46639117187500e-03   2.28878890792899e-01
  9.47851203125000e-03   2.28878891323442e-01
  9.49063289062500e-03   2.28878891853985e-01
  9.50275375000000e-03   2.28878892384528e-01
  9.51487460937500e-03   2.28878892915071e-01
  9.52699546875000e-03   2.28878893445614e-01
  9.53911632812500e-03   2.28878893976157e-01
  9.55123718750000e-03   2.28878894506700e-01
  9.56335804687500e-03   2.28878895037242e-01
  9.57547890625000e-03   2.28878895567785e-01
  9.58759976562500e-03   2.28878896098328e-01
  9.59972062500000e-03   2.28878896628871e-01
  9.61184148437500e-03   2.28878897159414e-01
  9.62396234375000e-03   2.28878897689957e-01
  9.63608320312500e-03   2.28878898220500e-01
  9.64820406250000e-03   2.28878898751043e-01
  9.66032492187500e-03   2.28878899281586e-01
  9.67244578125000e-03   2.28878899812129e-01
  9.68456664062500e-03   2.28878900342672e-01
  9.69668750000000e-03   2.28878900873215e-01
  9.70880835937500e-03   2.28878904648721e-01
  9.72092921875000e-03   2.28878908424228e-01
  9.73305007812500e-03   2.28878912199735e-01
  9.74517093750000e-03   2.28878915975241e-01
  9.75729179687500e-03   2.28878919750748e-01
  9.76941265625000e-03   2.28878923526255e-01
  9.78153351562500e-03   2.28878927301762e-01
  9.79365437500000e-03   2.28878931077268e-01
  9.80577523437500e-03   2.28878934852775e-01
  9.81789609375000e-03   2.28878938628282e-01
  9.83001695312500e-03   2.28878942403788e-01
  9.84213781250000e-03   2.28878946179295e-01
  9.85425867187500e-03   2.28878949954802e-01
  9.86637953125000e-03   2.28878953730309e-01
  9.87850039062500e-03   2.28878957505815e-01
  9.89062125000000e-03   2.28878961281322e-01
  9.90274210937500e-03   2.28878980442559e-01
  9.91486296875000e-03   2.28878999603796e-01
  9.92698382812500e-03   2.28879018765033e-01
  9.93910468750000e-03   2.28879037926271e-01
  9.95122554687500e-03   2.28879057087508e-01
  9.96334640625000e-03   2.28879076248745e-01
  9.97546726562500e-03   2.28879095409982e-01
  9.98758812500000e-03   2.28879114571219e-01
  9.99970898437500e-03   2.28879133732456e-01
  1.00118298437500e-02   2.28879152893693e-01
  1.00239507031250e-02   2.28879172054931e-01
  1.00360715625000e-02   2.28879191216168e-01
  1.00481924218750e-02   2.28879210377405e-01
  1.00603132812500e-02   2.28879229538642e-01
  1.00724341406250e-02   2.28879248699879e-01
  1.00845550000000e-02   2.28879267861116e-01
  1.00966758593750e-02   2.28879364993849e-01
  1.01087967187500e-02   2.28879462126582e-01
  1.01209175781250e-02   2.28879559259314e-01
  1.01330384375000e-02   2.28879656392047e-01
  1.01451592968750e-02   2.28879753524780e-01
  1.01572801562500e-02   2.28879850657512e-01
  1.01694010156250e-02   2.28879947790245e-01
  1.01815218750000e-02   2.28880044922978e-01
  1.01936427343750e-02   2.28880142055710e-01
  1.02057635937500e-02   2.28880239188443e-01
  1.02178844531250e-02   2.28880336321176e-01
  1.02300053125000e-02   2.28880433453909e-01
  1.02421261718750e-02   2.28880530586641e-01
  1.02542470312500e-02   2.28880627719374e-01
  1.02663678906250e-02   2.28880724852107e-01
  1.02784887500000e-02   2.28880821984839e-01
  1.02906096093750e-02   2.28881214450842e-01
  1.03027304687500e-02   2.28881606916844e-01
  1.03148513281250e-02   2.28881999382846e-01
  1.03269721875000e-02   2.28882391848848e-01
  1.03390930468750e-02   2.28882784314850e-01
  1.03512139062500e-02   2.28883176780853e-01
  1.03633347656250e-02   2.28883569246855e-01
  1.03754556250000e-02   2.28883961712857e-01
  1.03875764843750e-02   2.28885142693492e-01
  1.03996973437500e-02   2.28886323674127e-01
  1.04118182031250e-02   2.28887504654762e-01
  1.04239390625000e-02   2.28888685635396e-01
  1.04360599218750e-02   2.28889866616031e-01
  1.04481807812500e-02   2.28891047596666e-01
  1.04603016406250e-02   2.28892228577301e-01
  1.04724225000000e-02   2.28893409557936e-01
  1.04845433593750e-02   2.28896920587638e-01
  1.04966642187500e-02   2.28900431617340e-01
  1.05087850781250e-02   2.28903942647041e-01
  1.05209059375000e-02   2.28907453676743e-01
  1.05330267968750e-02   2.28910964706445e-01
  1.05451476562500e-02   2.28914475736147e-01
  1.05572685156250e-02   2.28917986765849e-01
  1.05693893750000e-02   2.28921497795551e-01
  1.05815102343750e-02   2.28929986378988e-01
  1.05936310937500e-02   2.28938474962425e-01
  1.06057519531250e-02   2.28946963545862e-01
  1.06178728125000e-02   2.28955452129300e-01
  1.06299936718750e-02   2.28971217559457e-01
  1.06421145312500e-02   2.28986982989615e-01
  1.06542353906250e-02   2.29002748419773e-01
  1.06663562500000e-02   2.29018513849931e-01
  1.06784771093750e-02   2.29042272326753e-01
  1.06905979687500e-02   2.29066030803574e-01
  1.07027188281250e-02   2.29093136489227e-01
  1.07148396875000e-02   2.29120242174879e-01
  1.07269605468750e-02   2.29139428878692e-01
  1.07390814062500e-02   2.29158615582504e-01
  1.07512022656250e-02   2.29144434598983e-01
  1.07633231250000e-02   2.29069485038881e-01
  1.07754439843750e-02   2.28877888237541e-01
  1.07875648437500e-02   2.28475049808458e-01
  1.07996857031250e-02   2.27709310965483e-01
  1.08118065625000e-02   2.26269242244941e-01
  1.08239274218750e-02   2.23695525664862e-01
  1.08360482812500e-02   2.19337890353116e-01
  1.08481691406250e-02   2.12555704166445e-01
  1.08602900000000e-02   2.02764245990145e-01
  1.08724108593750e-02   1.89578426096713e-01
  1.08845317187500e-02   1.73305942711732e-01
  1.08966525781250e-02   1.55164206942549e-01
  1.09087734375000e-02   1.37348856897887e-01
  1.09208942968750e-02   1.22504883566089e-01
  1.09330151562500e-02   1.12029582642233e-01
  1.09451360156250e-02   1.05459929746047e-01
  1.09572568750000e-02   1.01598221322705e-01
  1.09693777343750e-02   9.93771679193837e-02
  1.09814985937500e-02   9.80945167111638e-02
  1.09936194531250e-02   9.73476356370702e-02
  1.10057403125000e-02   9.68956286928380e-02
  1.10178611718750e-02   9.66173112086531e-02
  1.10299820312500e-02   9.64440492109789e-02
  1.10421028906250e-02   9.63388333309043e-02
  1.10542237500000e-02   9.62725101943885e-02
  1.10663446093750e-02   9.62315682438775e-02
  1.10784654687500e-02   9.62074211077394e-02
  1.10905863281250e-02   9.61944914875426e-02
  1.11027071875000e-02   9.61890539409988e-02
  1.11148280468750e-02   9.61908593232938e-02
  1.11269489062500e-02   9.61926647055888e-02
  1.11390697656250e-02   9.61984435881115e-02
  1.11511906250000e-02   9.62042224706342e-02
  1.11633114843750e-02   9.62115535489771e-02
  1.11754323437500e-02   9.62188846273200e-02
  1.11875532031250e-02   9.62265462659824e-02
  1.11996740625000e-02   9.62342079046449e-02
  1.12117949218750e-02   9.62412829526632e-02
  1.12239157812500e-02   9.62483580006814e-02
  1.12360366406250e-02   9.62554330486997e-02
  1.12481575000000e-02   9.62625080967180e-02
  1.12602783593750e-02   9.62683976813110e-02
  1.12723992187500e-02   9.62742872659040e-02
  1.12845200781250e-02   9.62801768504971e-02
  1.12966409375000e-02   9.62860664350901e-02
  1.13087617968750e-02   9.62908032716840e-02
  1.13208826562500e-02   9.62955401082780e-02
  1.13330035156250e-02   9.63002769448719e-02
  1.13451243750000e-02   9.63050137814658e-02
  1.13572452343750e-02   9.63081758873950e-02
  1.13693660937500e-02   9.63113379933242e-02
  1.13814869531250e-02   9.63145000992534e-02
  1.13936078125000e-02   9.63176622051826e-02
  1.14057286718750e-02   9.63208243111118e-02
  1.14178495312500e-02   9.63239864170410e-02
  1.14299703906250e-02   9.63271485229703e-02
  1.14420912500000e-02   9.63303106288995e-02
  1.14542121093750e-02   9.63323272800489e-02
  1.14663329687500e-02   9.63343439311983e-02
  1.14784538281250e-02   9.63363605823477e-02
  1.14905746875000e-02   9.63383772334971e-02
  1.15026955468750e-02   9.63403938846465e-02
  1.15148164062500e-02   9.63424105357959e-02
  1.15269372656250e-02   9.63444271869453e-02
  1.15390581250000e-02   9.63464438380947e-02
  1.15511789843750e-02   9.63477348449985e-02
  1.15632998437500e-02   9.63490258519024e-02
  1.15754207031250e-02   9.63503168588063e-02
  1.15875415625000e-02   9.63516078657101e-02
  1.15996624218750e-02   9.63528988726140e-02
  1.16117832812500e-02   9.63541898795179e-02
  1.16239041406250e-02   9.63554808864217e-02
  1.16360250000000e-02   9.63567718933256e-02
  1.16481458593750e-02   9.63573802529854e-02
  1.16602667187500e-02   9.63579886126453e-02
  1.16723875781250e-02   9.63585969723051e-02
  1.16845084375000e-02   9.63592053319650e-02
  1.16966292968750e-02   9.63598136916248e-02
  1.17087501562500e-02   9.63604220512847e-02
  1.17208710156250e-02   9.63610304109446e-02
  1.17329918750000e-02   9.63616387706044e-02
  1.17451127343750e-02   9.63622471302643e-02
  1.17572335937500e-02   9.63628554899241e-02
  1.17693544531250e-02   9.63634638495840e-02
  1.17814753125000e-02   9.63640722092438e-02
  1.17935961718750e-02   9.63646805689037e-02
  1.18057170312500e-02   9.63652889285635e-02
  1.18178378906250e-02   9.63658972882234e-02
  1.18299587500000e-02   9.63665056478832e-02
  1.18420796093750e-02   9.63667833106742e-02
  1.18542004687500e-02   9.63670609734652e-02
  1.18663213281250e-02   9.63673386362561e-02
  1.18784421875000e-02   9.63676162990471e-02
  1.18905630468750e-02   9.63678939618381e-02
  1.19026839062500e-02   9.63681716246290e-02
  1.19148047656250e-02   9.63684492874200e-02
  1.19269256250000e-02   9.63687269502110e-02
  1.19390464843750e-02   9.63690046130020e-02
  1.19511673437500e-02   9.63692822757929e-02
  1.19632882031250e-02   9.63695599385839e-02
  1.19754090625000e-02   9.63698376013749e-02
  1.19875299218750e-02   9.63701152641658e-02
  1.19996507812500e-02   9.63703929269568e-02
  1.20117716406250e-02   9.63706705897478e-02
  1.20238925000000e-02   9.63709482525388e-02
  1.20360133593750e-02   9.63710285407555e-02
  1.20481342187500e-02   9.63711088289722e-02
  1.20602550781250e-02   9.63711891171890e-02
  1.20723759375000e-02   9.63712694054057e-02
  1.20844967968750e-02   9.63713496936224e-02
  1.20966176562500e-02   9.63714299818392e-02
  1.21087385156250e-02   9.63715102700559e-02
  1.21208593750000e-02   9.63715905582727e-02
  1.21329802343750e-02   9.63716708464894e-02
  1.21451010937500e-02   9.63717511347061e-02
  1.21572219531250e-02   9.63718314229229e-02
  1.21693428125000e-02   9.63719117111396e-02
  1.21814636718750e-02   9.63719919993564e-02
  1.21935845312500e-02   9.63720722875731e-02
  1.22057053906250e-02   9.63721525757898e-02
  1.22178262500000e-02   9.63722328640066e-02
  1.22299471093750e-02   9.63723131522233e-02
  1.22420679687500e-02   9.63723934404400e-02
  1.22541888281250e-02   9.63724737286568e-02
  1.22663096875000e-02   9.63725540168735e-02
  1.22784305468750e-02   9.63726343050902e-02
  1.22905514062500e-02   9.63727145933070e-02
  1.23026722656250e-02   9.63727948815237e-02
  1.23147931250000e-02   9.63728751697405e-02
  1.23269139843750e-02   9.63729554579572e-02
  1.23390348437500e-02   9.63730357461739e-02
  1.23511557031250e-02   9.63731160343907e-02
  1.23632765625000e-02   9.63731963226074e-02
  1.23753974218750e-02   9.63732766108241e-02
  1.23875182812500e-02   9.63733568990409e-02
  1.23996391406250e-02   9.63734371872576e-02
  1.24117600000000e-02   9.63735174754744e-02
  1.24238808593750e-02   9.63735300267904e-02
  1.24360017187500e-02   9.63735425781065e-02
  1.24481225781250e-02   9.63735551294226e-02
  1.24602434375000e-02   9.63735676807387e-02
  1.24723642968750e-02   9.63735802320547e-02
  1.24844851562500e-02   9.63735927833708e-02
  1.24966060156250e-02   9.63736053346869e-02
  1.25087268750000e-02   9.63736178860029e-02
  1.25208477343750e-02   9.63736304373190e-02
  1.25329685937500e-02   9.63736429886351e-02
  1.25450894531250e-02   9.63736555399512e-02
  1.25572103125000e-02   9.63736680912672e-02
  1.25693311718750e-02   9.63736806425833e-02
  1.25814520312500e-02   9.63736931938994e-02
  1.25935728906250e-02   9.63737057452154e-02
  1.26056937500000e-02   9.63737182965315e-02
  1.26178146093750e-02   9.63737308478476e-02
  1.26299354687500e-02   9.63737433991637e-02
  1.26420563281250e-02   9.63737559504797e-02
  1.26541771875000e-02   9.63737685017958e-02
  1.26662980468750e-02   9.63737810531119e-02
  1.26784189062500e-02   9.63737936044280e-02
  1.26905397656250e-02   9.63738061557440e-02
  1.27026606250000e-02   9.63738187070601e-02
  1.27147814843750e-02   9.63738312583762e-02
  1.27269023437500e-02   9.63738438096922e-02
  1.27390232031250e-02   9.63738563610083e-02
  1.27511440625000e-02   9.63738689123244e-02
  1.27632649218750e-02   9.63738814636405e-02
  1.27753857812500e-02   9.63738940149565e-02
  1.27875066406250e-02   9.63739065662726e-02
  1.27996275000000e-02   9.63739191175887e-02
  1.28117483593750e-02   9.63739316689048e-02
  1.28238692187500e-02   9.63739442202208e-02
  1.28359900781250e-02   9.63739567715369e-02
  1.28481109375000e-02   9.63739693228530e-02
  1.28602317968750e-02   9.63739818741691e-02
  1.28723526562500e-02   9.63739944254851e-02
  1.28844735156250e-02   9.63740069768012e-02
  1.28965943750000e-02   9.63740195281173e-02
  1.29087152343750e-02   9.63740320794333e-02
  1.29208360937500e-02   9.63740446307494e-02
  1.29329569531250e-02   9.63740571820655e-02
  1.29450778125000e-02   9.63740697333816e-02
  1.29571986718750e-02   9.63740822846976e-02
  1.29693195312500e-02   9.63740948360137e-02
  1.29814403906250e-02   9.63741073873298e-02
  1.29935612500000e-02   9.63741199386458e-02
  1.30056821093750e-02   9.63741324899619e-02
  1.30178029687500e-02   9.63741450412780e-02
  1.30299238281250e-02   9.63741575925941e-02
  1.30420446875000e-02   9.63741701439101e-02
  1.30541655468750e-02   9.63741826952262e-02
  1.30662864062500e-02   9.63741952465423e-02
  1.30784072656250e-02   9.63742077978584e-02
  1.30905281250000e-02   9.63742203491744e-02
  1.31026489843750e-02   9.63742329004905e-02
  1.31147698437500e-02   9.63742454518066e-02
  1.31268907031250e-02   9.63742580031226e-02
  1.31390115625000e-02   9.63742705544387e-02
  1.31511324218750e-02   9.63742831057548e-02
  1.31632532812500e-02   9.63742956570709e-02
  1.31753741406250e-02   9.63743082083869e-02
  1.31874950000000e-02   9.63743207597030e-02
  1.31996158593750e-02   9.63743226650001e-02
  1.32117367187500e-02   9.63743245702972e-02
  1.32238575781250e-02   9.63743264755943e-02
  1.32359784375000e-02   9.63743283808913e-02
  1.32480992968750e-02   9.63743302861884e-02
  1.32602201562500e-02   9.63743321914855e-02
  1.32723410156250e-02   9.63743340967826e-02
  1.32844618750000e-02   9.63743360020797e-02
  1.32965827343750e-02   9.63743379073768e-02
  1.33087035937500e-02   9.63743398126738e-02
  1.33208244531250e-02   9.63743417179709e-02
  1.33329453125000e-02   9.63743436232680e-02
  1.33450661718750e-02   9.63743455285651e-02
  1.33571870312500e-02   9.63743474338622e-02
  1.33693078906250e-02   9.63743493391593e-02
  1.33814287500000e-02   9.63743512444564e-02
  1.33935496093750e-02   9.63743531497534e-02
  1.34056704687500e-02   9.63743550550505e-02
  1.34177913281250e-02   9.63743569603476e-02
  1.34299121875000e-02   9.63743588656447e-02
  1.34420330468750e-02   9.63743607709418e-02
  1.34541539062500e-02   9.63743626762389e-02
  1.34662747656250e-02   9.63743645815359e-02
  1.34783956250000e-02   9.63743664868330e-02
  1.34905164843750e-02   9.63743683921301e-02
  1.35026373437500e-02   9.63743702974272e-02
  1.35147582031250e-02   9.63743722027243e-02
  1.35268790625000e-02   9.63743741080214e-02
  1.35389999218750e-02   9.63743760133185e-02
  1.35511207812500e-02   9.63743779186155e-02
  1.35632416406250e-02   9.63743798239126e-02
  1.35753625000000e-02   9.63743817292097e-02
  1.35874833593750e-02   9.63743836345068e-02
  1.35996042187500e-02   9.63743855398039e-02
  1.36117250781250e-02   9.63743874451010e-02
  1.36238459375000e-02   9.63743893503980e-02
  1.36359667968750e-02   9.63743912556951e-02
  1.36480876562500e-02   9.63743931609922e-02
  1.36602085156250e-02   9.63743950662893e-02
  1.36723293750000e-02   9.63743969715864e-02
  1.36844502343750e-02   9.63743988768835e-02
  1.36965710937500e-02   9.63744007821806e-02
  1.37086919531250e-02   9.63744026874776e-02
  1.37208128125000e-02   9.63744045927747e-02
  1.37329336718750e-02   9.63744064980718e-02
  1.37450545312500e-02   9.63744084033689e-02
  1.37571753906250e-02   9.63744103086660e-02
  1.37692962500000e-02   9.63744122139631e-02
  1.37814171093750e-02   9.63744141192601e-02
  1.37935379687500e-02   9.63744160245572e-02
  1.38056588281250e-02   9.63744179298543e-02
  1.38177796875000e-02   9.63744198351514e-02
  1.38299005468750e-02   9.63744217404485e-02
  1.38420214062500e-02   9.63744236457456e-02
  1.38541422656250e-02   9.63744255510427e-02
  1.38662631250000e-02   9.63744274563397e-02
  1.38783839843750e-02   9.63744293616368e-02
  1.38905048437500e-02   9.63744312669339e-02
  1.39026257031250e-02   9.63744331722310e-02
  1.39147465625000e-02   9.63744350775281e-02
  1.39268674218750e-02   9.63744369828252e-02
  1.39389882812500e-02   9.63744388881222e-02
  1.39511091406250e-02   9.63744407934193e-02
  1.39632300000000e-02   9.63744426987164e-02
  1.39753508593750e-02   9.63744428510081e-02
  1.39874717187500e-02   9.63744430032998e-02
  1.39995925781250e-02   9.63744431555915e-02
  1.40117134375000e-02   9.63744433078832e-02
  1.40238342968750e-02   9.63744434601748e-02
  1.40359551562500e-02   9.63744436124665e-02
  1.40480760156250e-02   9.63744437647582e-02
  1.40601968750000e-02   9.63744439170499e-02
  1.40723177343750e-02   9.63744440693416e-02
  1.40844385937500e-02   9.63744442216333e-02
  1.40965594531250e-02   9.63744443739250e-02
  1.41086803125000e-02   9.63744445262167e-02
  1.41208011718750e-02   9.63744446785084e-02
  1.41329220312500e-02   9.63744448308001e-02
  1.41450428906250e-02   9.63744449830917e-02
  1.41571637500000e-02   9.63744451353834e-02
  1.41692846093750e-02   9.63744452876751e-02
  1.41814054687500e-02   9.63744454399668e-02
  1.41935263281250e-02   9.63744455922585e-02
  1.42056471875000e-02   9.63744457445502e-02
  1.42177680468750e-02   9.63744458968419e-02
  1.42298889062500e-02   9.63744460491336e-02
  1.42420097656250e-02   9.63744462014253e-02
  1.42541306250000e-02   9.63744463537169e-02
  1.42662514843750e-02   9.63744465060086e-02
  1.42783723437500e-02   9.63744466583003e-02
  1.42904932031250e-02   9.63744468105920e-02
  1.43026140625000e-02   9.63744469628837e-02
  1.43147349218750e-02   9.63744471151754e-02
  1.43268557812500e-02   9.63744472674671e-02
  1.43389766406250e-02   9.63744474197588e-02
  1.43510975000000e-02   9.63744475720505e-02
  1.43632183593750e-02   9.63744477243421e-02
  1.43753392187500e-02   9.63744478766338e-02
  1.43874600781250e-02   9.63744480289255e-02
  1.43995809375000e-02   9.63744481812172e-02
  1.44117017968750e-02   9.63744483335089e-02
  1.44238226562500e-02   9.63744484858006e-02
  1.44359435156250e-02   9.63744486380923e-02
  1.44480643750000e-02   9.63744487903840e-02
  1.44601852343750e-02   9.63744489426756e-02
  1.44723060937500e-02   9.63744490949673e-02
  1.44844269531250e-02   9.63744492472590e-02
  1.44965478125000e-02   9.63744493995507e-02
  1.45086686718750e-02   9.63744495518424e-02
  1.45207895312500e-02   9.63744497041341e-02
  1.45329103906250e-02   9.63744498564258e-02
  1.45450312500000e-02   9.63744500087175e-02
  1.45571521093750e-02   9.63744501610092e-02
  1.45692729687500e-02   9.63744503133008e-02
  1.45813938281250e-02   9.63744504655925e-02
  1.45935146875000e-02   9.63744506178842e-02
  1.46056355468750e-02   9.63744507701759e-02
  1.46177564062500e-02   9.63744509224676e-02
  1.46298772656250e-02   9.63744510747593e-02
  1.46419981250000e-02   9.63744512270510e-02
  1.46541189843750e-02   9.63744513793427e-02
  1.46662398437500e-02   9.63744515316344e-02
  1.46783607031250e-02   9.63744516839261e-02
  1.46904815625000e-02   9.63744518362177e-02
  1.47026024218750e-02   9.63744519885094e-02
  1.47147232812500e-02   9.63744521408011e-02
  1.47268441406250e-02   9.63744522930928e-02
  1.47389650000000e-02   9.63744524453845e-02
  1.47510858593750e-02   9.63744525976762e-02
  1.47632067187500e-02   9.63744527499679e-02
  1.47753275781250e-02   9.63744529022596e-02
  1.47874484375000e-02   9.63744530545513e-02
  1.47995692968750e-02   9.63744532068429e-02
  1.48116901562500e-02   9.63744533591346e-02
  1.48238110156250e-02   9.63744535114263e-02
  1.48359318750000e-02   9.63744536637180e-02
  1.48480527343750e-02   9.63744538160097e-02
  1.48601735937500e-02   9.63744539683014e-02
  1.48722944531250e-02   9.63744541205931e-02
  1.48844153125000e-02   9.63744542728848e-02
  1.48965361718750e-02   9.63744544251764e-02
  1.49086570312500e-02   9.63744545774681e-02
  1.49207778906250e-02   9.63744547297598e-02
  1.49328987500000e-02   9.63744548820515e-02
  1.49450196093750e-02   9.63744550343432e-02
  1.49571404687500e-02   9.63744551866349e-02
  1.49692613281250e-02   9.63744553389266e-02
  1.49813821875000e-02   9.63744554912183e-02
  1.49935030468750e-02   9.63744556435100e-02
  1.50056239062500e-02   9.63744557958016e-02
  1.50177447656250e-02   9.63744559480933e-02
  1.50298656250000e-02   9.63744561003850e-02
  1.50419864843750e-02   9.63744562526767e-02
  1.50541073437500e-02   9.63744564049684e-02
  1.50662282031250e-02   9.63744565572601e-02
  1.50783490625000e-02   9.63744567095518e-02
  1.50904699218750e-02   9.63744568618435e-02
  1.51025907812500e-02   9.63744570141352e-02
  1.51147116406250e-02   9.63744571664268e-02
  1.51268325000000e-02   9.63744573187185e-02
  1.51389533593750e-02   9.63744574710102e-02
  1.51510742187500e-02   9.63744576233019e-02
  1.51631950781250e-02   9.63744577755936e-02
  1.51753159375000e-02   9.63744579278853e-02
  1.51874367968750e-02   9.63744580801770e-02
  1.51995576562500e-02   9.63744582324687e-02
  1.52116785156250e-02   9.63744583847604e-02
  1.52237993750000e-02   9.63744585370520e-02
  1.52359202343750e-02   9.63744586893437e-02
  1.52480410937500e-02   9.63744588416354e-02
  1.52601619531250e-02   9.63744589939271e-02
  1.52722828125000e-02   9.63744591462188e-02
  1.52844036718750e-02   9.63744592985105e-02
  1.52965245312500e-02   9.63744594508022e-02
  1.53086453906250e-02   9.63744596030939e-02
  1.53207662500000e-02   9.63744597553856e-02
  1.53328871093750e-02   9.63744599076772e-02
  1.53450079687500e-02   9.63744600599689e-02
  1.53571288281250e-02   9.63744602122606e-02
  1.53692496875000e-02   9.63744603645523e-02
  1.53813705468750e-02   9.63744605168440e-02
  1.53934914062500e-02   9.63744606691357e-02
  1.54056122656250e-02   9.63744608214274e-02
  1.54177331250000e-02   9.63744609737191e-02
  1.54298539843750e-02   9.63744611260108e-02
  1.54419748437500e-02   9.63744612783024e-02
  1.54540957031250e-02   9.63744614305941e-02
  1.54662165625000e-02   9.63744615828858e-02
  1.54783374218750e-02   9.63744617351775e-02
  1.54904582812500e-02   9.63744618874692e-02
  1.55025791406250e-02   9.63744620397609e-02
  1.55147000000000e-02   9.63744621920526e-02
