  1.21208593750000e-05   7.53816793893131e-01
  2.42417187500000e-05   7.53816793893131e-01
  3.63625781250000e-05   7.53816793893131e-01
  4.84834375000000e-05   7.53816793893131e-01
  6.06042968750000e-05   7.53816793893131e-01
  7.27251562500000e-05   7.53816793893131e-01
  8.48460156250000e-05   7.53816793893131e-01
  9.69668750000000e-05   7.53816793893131e-01
  1.09087734375000e-04   7.53816793893131e-01
  1.21208593750000e-04   7.53816793893131e-01
  1.33329453125000e-04   7.53816793893131e-01
  1.45450312500000e-04   7.53816793893131e-01
  1.57571171875000e-04   7.53816793893132e-01
  1.69692031250000e-04   7.53816793893132e-01
  1.81812890625000e-04   7.53816793893132e-01
  1.93933750000000e-04   7.53816793893132e-01
  2.06054609375000e-04   7.53816793893132e-01
  2.18175468750000e-04   7.53816793893132e-01
  2.30296328125000e-04   7.53816793893132e-01
  2.42417187500000e-04   7.53816793893132e-01
  2.54538046875000e-04   7.53816793893132e-01
  2.66658906250000e-04   7.53816793893132e-01
  2.78779765625000e-04   7.53816793893132e-01
  2.90900625000000e-04   7.53816793893132e-01
  3.03021484375000e-04   7.53816793893133e-01
  3.15142343750000e-04   7.53816793893133e-01
  3.27263203125000e-04   7.53816793893133e-01
  3.39384062500000e-04   7.53816793893133e-01
  3.51504921875000e-04   7.53816793893133e-01
  3.63625781250000e-04   7.53816793893133e-01
  3.75746640625000e-04   7.53816793893133e-01
  3.87867500000000e-04   7.53816793893133e-01
  3.99988359375000e-04   7.53816793893133e-01
  4.12109218750000e-04   7.53816793893133e-01
  4.24230078125000e-04   7.53816793893133e-01
  4.36350937500000e-04   7.53816793893133e-01
  4.48471796875000e-04   7.53816793893134e-01
  4.60592656250000e-04   7.53816793893134e-01
  4.72713515625000e-04   7.53816793893134e-01
  4.84834375000000e-04   7.53816793893134e-01
  4.96955234375000e-04   7.53816793893134e-01
  5.09076093750000e-04   7.53816793893134e-01
  5.21196953125000e-04   7.53816793893134e-01
  5.33317812500000e-04   7.53816793893134e-01
  5.45438671875000e-04   7.53816793893134e-01
  5.57559531250000e-04   7.53816793893134e-01
  5.69680390625000e-04   7.53816793893134e-01
  5.81801250000000e-04   7.53816793893134e-01
  5.93922109375000e-04   7.53816793893135e-01
  6.06042968750000e-04   7.53816793893135e-01
  6.18163828125000e-04   7.53816793893135e-01
  6.30284687500000e-04   7.53816793893135e-01
  6.42405546875000e-04   7.53816793893135e-01
  6.54526406250000e-04   7.53816793893135e-01
  6.66647265625000e-04   7.53816793893135e-01
  6.78768125000000e-04   7.53816793893135e-01
  6.90888984375000e-04   7.53816793893135e-01
  7.03009843750000e-04   7.53816793893135e-01
  7.15130703125000e-04   7.53816793893135e-01
  7.27251562500000e-04   7.53816793893135e-01
  7.39372421875000e-04   7.53816793893136e-01
  7.51493281250000e-04   7.53816793893136e-01
  7.63614140625000e-04   7.53816793893136e-01
  7.75735000000000e-04   7.53816793893136e-01
  7.87855859375000e-04   7.53816793893136e-01
  7.99976718750000e-04   7.53816793893136e-01
  8.12097578125000e-04   7.53816793893136e-01
  8.24218437500000e-04   7.53816793893136e-01
  8.36339296875000e-04   7.53816793893136e-01
  8.48460156250000e-04   7.53816793893136e-01
  8.60581015625000e-04   7.53816793893136e-01
  8.72701875000000e-04   7.53816793893136e-01
  8.84822734375000e-04   7.53816793893137e-01
  8.96943593750000e-04   7.53816793893137e-01
  9.09064453125000e-04   7.53816793893137e-01
  9.21185312500000e-04   7.53816793893137e-01
  9.33306171875000e-04   7.53816793893137e-01
  9.45427031250000e-04   7.53816793893137e-01
  9.57547890625000e-04   7.53816793893137e-01
  9.69668750000000e-04   7.53816793893137e-01
  9.81789609375000e-04   7.53816793893137e-01
  9.93910468750000e-04   7.53816793893137e-01
  1.00603132812500e-03   7.53816793893137e-01
  1.01815218750000e-03   7.53816793893137e-01
  1.03027304687500e-03   7.53816793893138e-01
  1.04239390625000e-03   7.53816793893138e-01
  1.05451476562500e-03   7.53816793893138e-01
  1.06663562500000e-03   7.53816793893138e-01
  1.07875648437500e-03   7.53816793893138e-01
  1.09087734375000e-03   7.53816793893138e-01
  1.10299820312500e-03   7.53816793893138e-01
  1.11511906250000e-03   7.53816793893138e-01
  1.12723992187500e-03   7.53816793893138e-01
  1.13936078125000e-03   7.53816793893138e-01
  1.15148164062500e-03   7.53816793893138e-01
  1.16360250000000e-03   7.53816793893138e-01
  1.17572335937500e-03   7.53816793893139e-01
  1.18784421875000e-03   7.53816793893139e-01
  1.19996507812500e-03   7.53816793893139e-01
  1.21208593750000e-03   7.53816793893139e-01
  1.22420679687500e-03   7.53816793893139e-01
  1.23632765625000e-03   7.53816793893139e-01
  1.24844851562500e-03   7.53816793893139e-01
  1.26056937500000e-03   7.53816793893139e-01
  1.27269023437500e-03   7.53816793893139e-01
  1.28481109375000e-03   7.53816793893139e-01
  1.29693195312500e-03   7.53816793893139e-01
  1.30905281250000e-03   7.53816793893139e-01
  1.32117367187500e-03   7.53816793893140e-01
  1.33329453125000e-03   7.53816793893140e-01
  1.34541539062500e-03   7.53816793893140e-01
  1.35753625000000e-03   7.53816793893140e-01
  1.36965710937500e-03   7.53816793893140e-01
  1.38177796875000e-03   7.53816793893140e-01
  1.39389882812500e-03   7.53816793893140e-01
  1.40601968750000e-03   7.53816793893140e-01
  1.41814054687500e-03   7.53816793893140e-01
  1.43026140625000e-03   7.53816793893140e-01
  1.44238226562500e-03   7.53816793893140e-01
  1.45450312500000e-03   7.53816793893140e-01
  1.46662398437500e-03   7.53816793893141e-01
  1.47874484375000e-03   7.53816793893141e-01
  1.49086570312500e-03   7.53816793893141e-01
  1.50298656250000e-03   7.53816793893141e-01
  1.51510742187500e-03   7.53816793893141e-01
  1.52722828125000e-03   7.53816793893141e-01
  1.53934914062500e-03   7.53816793893141e-01
  1.55147000000000e-03   7.53816793893141e-01
  1.56359085937500e-03   7.53816793893141e-01
  1.57571171875000e-03   7.53816793893141e-01
  1.58783257812500e-03   7.53816793893141e-01
  1.59995343750000e-03   7.53816793893142e-01
  1.61207429687500e-03   7.53816793893142e-01
  1.62419515625000e-03   7.53816793893142e-01
  1.63631601562500e-03   7.53816793893142e-01
  1.64843687500000e-03   7.53816793893142e-01
  1.66055773437500e-03   7.53816793893142e-01
  1.67267859375000e-03   7.53816793893142e-01
  1.68479945312500e-03   7.53816793893142e-01
  1.69692031250000e-03   7.53816793893142e-01
  1.70904117187500e-03   7.53816793893142e-01
  1.72116203125000e-03   7.53816793893142e-01
  1.73328289062500e-03   7.53816793893142e-01
  1.74540375000000e-03   7.53816793893143e-01
  1.75752460937500e-03   7.53816793893143e-01
  1.76964546875000e-03   7.53816793893143e-01
  1.78176632812500e-03   7.53816793893143e-01
  1.79388718750000e-03   7.53816793893143e-01
  1.80600804687500e-03   7.53816793893143e-01
  1.81812890625000e-03   7.53816793893143e-01
  1.83024976562500e-03   7.53816793893143e-01
  1.84237062500000e-03   7.53816793893143e-01
  1.85449148437500e-03   7.53816793893143e-01
  1.86661234375000e-03   7.53816793893143e-01
  1.87873320312500e-03   7.53816793893143e-01
  1.89085406250000e-03   7.53816793893144e-01
  1.90297492187500e-03   7.53816793893144e-01
  1.91509578125000e-03   7.53816793893144e-01
  1.92721664062500e-03   7.53816793893144e-01
  1.93933750000000e-03   7.53816793893144e-01
  1.95145835937500e-03   7.53816793893144e-01
  1.96357921875000e-03   7.53816793893144e-01
  1.97570007812500e-03   7.53816793893144e-01
  1.98782093750000e-03   7.53816793893144e-01
  1.99994179687500e-03   7.53816793893144e-01
  2.01206265625000e-03   7.53816793893144e-01
  2.02418351562500e-03   7.53816793893144e-01
  2.03630437500000e-03   7.53816793893145e-01
  2.04842523437500e-03   7.53816793893145e-01
  2.06054609375000e-03   7.53816793893145e-01
  2.07266695312500e-03   7.53816793893145e-01
  2.08478781250000e-03   7.53816793893145e-01
  2.09690867187500e-03   7.53816793893145e-01
  2.10902953125000e-03   7.53816793893145e-01
  2.12115039062500e-03   7.53816793893145e-01
  2.13327125000000e-03   7.53816793893145e-01
  2.14539210937500e-03   7.53816793893145e-01
  2.15751296875000e-03   7.53816793893145e-01
  2.16963382812500e-03   7.53816793893145e-01
  2.18175468750000e-03   7.53816793893146e-01
  2.19387554687500e-03   7.53816793893146e-01
  2.20599640625000e-03   7.53816793893146e-01
  2.21811726562500e-03   7.53816793893146e-01
  2.23023812500000e-03   7.53816793893146e-01
  2.24235898437500e-03   7.53816793893146e-01
  2.25447984375000e-03   7.53816793893146e-01
  2.26660070312500e-03   7.53816793893146e-01
  2.27872156250000e-03   7.53816793893146e-01
  2.29084242187500e-03   7.53816793893146e-01
  2.30296328125000e-03   7.53816793893146e-01
  2.31508414062500e-03   7.53816793893146e-01
  2.32720500000000e-03   7.53816793893147e-01
  2.33932585937500e-03   7.53816793893147e-01
  2.35144671875000e-03   7.53816793893147e-01
  2.36356757812500e-03   7.53816793893147e-01
  2.37568843750000e-03   7.53816793893147e-01
  2.38780929687500e-03   7.53816793893147e-01
  2.39993015625000e-03   7.53816793893147e-01
  2.41205101562500e-03   7.53816793893147e-01
  2.42417187500000e-03   7.53816793893147e-01
  2.43629273437500e-03   7.53816793893147e-01
  2.44841359375000e-03   7.53816793893147e-01
  2.46053445312500e-03   7.53816793893147e-01
  2.47265531250000e-03   7.53816793893148e-01
  2.48477617187500e-03   7.53816793893148e-01
  2.49689703125000e-03   7.53816793893148e-01
  2.50901789062500e-03   7.53816793893148e-01
  2.52113875000000e-03   7.53816793893148e-01
  2.53325960937500e-03   7.53816793893148e-01
  2.54538046875000e-03   7.53816793893148e-01
  2.55750132812500e-03   7.53816793893148e-01
  2.56962218750000e-03   7.53816793893148e-01
  2.58174304687500e-03   7.53816793893148e-01
  2.59386390625000e-03   7.53816793893148e-01
  2.60598476562500e-03   7.53816793893148e-01
  2.61810562500000e-03   7.53816793893149e-01
  2.63022648437500e-03   7.53816793893149e-01
  2.64234734375000e-03   7.53816793893149e-01
  2.65446820312500e-03   7.53816793893149e-01
  2.66658906250000e-03   7.53816793893149e-01
  2.67870992187500e-03   7.53816793893149e-01
  2.69083078125000e-03   7.53816793893149e-01
  2.70295164062500e-03   7.53816793893149e-01
  2.71507250000000e-03   7.53816793893149e-01
  2.72719335937500e-03   7.53816793893149e-01
  2.73931421875000e-03   7.53816793893149e-01
  2.75143507812500e-03   7.53816793893149e-01
  2.76355593750000e-03   7.53816793893150e-01
  2.77567679687500e-03   7.53816793893150e-01
  2.78779765625000e-03   7.53816793893150e-01
  2.79991851562500e-03   7.53816793893150e-01
  2.81203937500000e-03   7.53816793893150e-01
  2.82416023437500e-03   7.53816793893150e-01
  2.83628109375000e-03   7.53816793893150e-01
  2.84840195312500e-03   7.53816793893150e-01
  2.86052281250000e-03   7.53816793893150e-01
  2.87264367187500e-03   7.53816793893150e-01
  2.88476453125000e-03   7.53816793893150e-01
  2.89688539062500e-03   7.53816793893150e-01
  2.90900625000000e-03   7.53816793893151e-01
  2.92112710937500e-03   7.53816793893151e-01
  2.93324796875000e-03   7.53816793893151e-01
  2.94536882812500e-03   7.53816793893151e-01
  2.95748968750000e-03   7.53816793893151e-01
  2.96961054687500e-03   7.53816793893151e-01
  2.98173140625000e-03   7.53816793893151e-01
  2.99385226562500e-03   7.53816793893151e-01
  3.00597312500000e-03   7.53816793893151e-01
  3.01809398437500e-03   7.53816793893151e-01
  3.03021484375000e-03   7.53816793893151e-01
  3.04233570312500e-03   7.53816793893151e-01
  3.05445656250000e-03   7.53816793893152e-01
  3.06657742187500e-03   7.53816793893152e-01
  3.07869828125000e-03   7.53816793893152e-01
  3.09081914062500e-03   7.53816793893152e-01
  3.10294000000000e-03   7.53816793893152e-01
  3.11506085937500e-03   7.53816793893157e-01
  3.12718171875000e-03   7.53816793893163e-01
  3.13930257812500e-03   7.53816793893169e-01
  3.15142343750000e-03   7.53816793893174e-01
  3.16354429687500e-03   7.53816793893180e-01
  3.17566515625000e-03   7.53816793893185e-01
  3.18778601562500e-03   7.53816793893191e-01
  3.19990687500000e-03   7.53816793893196e-01
  3.21202773437500e-03   7.53816793893202e-01
  3.22414859375000e-03   7.53816793893208e-01
  3.23626945312500e-03   7.53816793893213e-01
  3.24839031250000e-03   7.53816793893219e-01
  3.26051117187500e-03   7.53816793893224e-01
  3.27263203125000e-03   7.53816793893230e-01
  3.28475289062500e-03   7.53816793893235e-01
  3.29687375000000e-03   7.53816793893241e-01
  3.30899460937500e-03   7.53816793893247e-01
  3.32111546875000e-03   7.53816793893252e-01
  3.33323632812500e-03   7.53816793893258e-01
  3.34535718750000e-03   7.53816793893263e-01
  3.35747804687500e-03   7.53816793893269e-01
  3.36959890625000e-03   7.53816793893274e-01
  3.38171976562500e-03   7.53816793893280e-01
  3.39384062500000e-03   7.53816793893285e-01
  3.40596148437500e-03   7.53816793893291e-01
  3.41808234375000e-03   7.53816793893297e-01
  3.43020320312500e-03   7.53816793893302e-01
  3.44232406250000e-03   7.53816793893308e-01
  3.45444492187500e-03   7.53816793893313e-01
  3.46656578125000e-03   7.53816793893319e-01
  3.47868664062500e-03   7.53816793893324e-01
  3.49080750000000e-03   7.53816793893330e-01
  3.50292835937500e-03   7.53816793893336e-01
  3.51504921875000e-03   7.53816793893341e-01
  3.52717007812500e-03   7.53816793893347e-01
  3.53929093750000e-03   7.53816793893352e-01
  3.55141179687500e-03   7.53816793893358e-01
  3.56353265625000e-03   7.53816793893363e-01
  3.57565351562500e-03   7.53816793893369e-01
  3.58777437500000e-03   7.53816793893375e-01
  3.59989523437500e-03   7.53816793893380e-01
  3.61201609375000e-03   7.53816793893386e-01
  3.62413695312500e-03   7.53816793893391e-01
  3.63625781250000e-03   7.53816793893397e-01
  3.64837867187500e-03   7.53816793893402e-01
  3.66049953125000e-03   7.53816793893408e-01
  3.67262039062500e-03   7.53816793893413e-01
  3.68474125000000e-03   7.53816793893419e-01
  3.69686210937500e-03   7.53816793893425e-01
  3.70898296875000e-03   7.53816793893430e-01
  3.72110382812500e-03   7.53816793893436e-01
  3.73322468750000e-03   7.53816793893441e-01
  3.74534554687500e-03   7.53816793893447e-01
  3.75746640625000e-03   7.53816793893452e-01
  3.76958726562500e-03   7.53816793893458e-01
  3.78170812500000e-03   7.53816793893463e-01
  3.79382898437500e-03   7.53816793893469e-01
  3.80594984375000e-03   7.53816793893475e-01
  3.81807070312500e-03   7.53816793893480e-01
  3.83019156250000e-03   7.53816793893486e-01
  3.84231242187500e-03   7.53816793893491e-01
  3.85443328125000e-03   7.53816793893497e-01
  3.86655414062500e-03   7.53816793893502e-01
  3.87867500000000e-03   7.53816793893508e-01
  3.89079585937500e-03   7.53816793893514e-01
  3.90291671875000e-03   7.53816793893519e-01
  3.91503757812500e-03   7.53816793893525e-01
  3.92715843750000e-03   7.53816793893530e-01
  3.93927929687500e-03   7.53816793893536e-01
  3.95140015625000e-03   7.53816793893541e-01
  3.96352101562500e-03   7.53816793893547e-01
  3.97564187500000e-03   7.53816793893552e-01
  3.98776273437500e-03   7.53816793893558e-01
  3.99988359375000e-03   7.53816793893564e-01
  4.01200445312500e-03   7.53816793893569e-01
  4.02412531250000e-03   7.53816793893575e-01
  4.03624617187500e-03   7.53816793893580e-01
  4.04836703125000e-03   7.53816793893586e-01
  4.06048789062500e-03   7.53816793893591e-01
  4.07260875000000e-03   7.53816793893597e-01
  4.08472960937500e-03   7.53816793893603e-01
  4.09685046875000e-03   7.53816793893608e-01
  4.10897132812500e-03   7.53816793893614e-01
  4.12109218750000e-03   7.53816793893619e-01
  4.13321304687500e-03   7.53816793893625e-01
  4.14533390625000e-03   7.53816793893630e-01
  4.15745476562500e-03   7.53816793893636e-01
  4.16957562500000e-03   7.53816793893642e-01
  4.18169648437500e-03   7.53816793893647e-01
  4.19381734375000e-03   7.53816793893653e-01
  4.20593820312500e-03   7.53816793893658e-01
  4.21805906250000e-03   7.53816793893664e-01
  4.23017992187500e-03   7.53816793893669e-01
  4.24230078125000e-03   7.53816793893675e-01
  4.25442164062500e-03   7.53816793893681e-01
  4.26654250000000e-03   7.53816793893686e-01
  4.27866335937500e-03   7.53816793893692e-01
  4.29078421875000e-03   7.53816793893697e-01
  4.30290507812500e-03   7.53816793893703e-01
  4.31502593750000e-03   7.53816793893708e-01
  4.32714679687500e-03   7.53816793893714e-01
  4.33926765625000e-03   7.53816793893719e-01
  4.35138851562500e-03   7.53816793893725e-01
  4.36350937500000e-03   7.53816793893731e-01
  4.37563023437500e-03   7.53816793893736e-01
  4.38775109375000e-03   7.53816793893742e-01
  4.39987195312500e-03   7.53816793893747e-01
  4.41199281250000e-03   7.53816793893753e-01
  4.42411367187500e-03   7.53816793893758e-01
  4.43623453125000e-03   7.53816793893764e-01
  4.44835539062500e-03   7.53816793893770e-01
  4.46047625000000e-03   7.53816793893775e-01
  4.47259710937500e-03   7.53816793893781e-01
  4.48471796875000e-03   7.53816793893786e-01
  4.49683882812500e-03   7.53816793893792e-01
  4.50895968750000e-03   7.53816793893797e-01
  4.52108054687500e-03   7.53816793893803e-01
  4.53320140625000e-03   7.53816793893808e-01
  4.54532226562500e-03   7.53816793893814e-01
  4.55744312500000e-03   7.53816793893820e-01
  4.56956398437500e-03   7.53816793893825e-01
  4.58168484375000e-03   7.53816793893831e-01
  4.59380570312500e-03   7.53816793893836e-01
  4.60592656250000e-03   7.53816793893842e-01
  4.61804742187500e-03   7.53816793893847e-01
  4.63016828125000e-03   7.53816793893853e-01
  4.64228914062500e-03   7.53816793893858e-01
  4.65441000000000e-03   7.53816793893864e-01
  4.66653085937500e-03   7.53816793893870e-01
  4.67865171875000e-03   7.53816793893875e-01
  4.69077257812500e-03   7.53816793893881e-01
  4.70289343750000e-03   7.53816793893886e-01
  4.71501429687500e-03   7.53816793893892e-01
  4.72713515625000e-03   7.53816793893897e-01
  4.73925601562500e-03   7.53816793893903e-01
  4.75137687500000e-03   7.53816793893909e-01
  4.76349773437500e-03   7.53816793893914e-01
  4.77561859375000e-03   7.53816793893920e-01
  4.78773945312500e-03   7.53816793893925e-01
  4.79986031250000e-03   7.53816793893931e-01
  4.81198117187500e-03   7.53816793893936e-01
  4.82410203125000e-03   7.53816793893942e-01
  4.83622289062500e-03   7.53816793893948e-01
  4.84834375000000e-03   7.53816793893953e-01
  4.86046460937500e-03   7.53816793893959e-01
  4.87258546875000e-03   7.53816793893964e-01
  4.88470632812500e-03   7.53816793893970e-01
  4.89682718750000e-03   7.53816793893975e-01
  4.90894804687500e-03   7.53816793893981e-01
  4.92106890625000e-03   7.53816793893986e-01
  4.93318976562500e-03   7.53816793893992e-01
  4.94531062500000e-03   7.53816793893998e-01
  4.95743148437500e-03   7.53816793894003e-01
  4.96955234375000e-03   7.53816793894009e-01
  4.98167320312500e-03   7.53816793894014e-01
  4.99379406250000e-03   7.53816793894020e-01
  5.00591492187500e-03   7.53816793894025e-01
  5.01803578125000e-03   7.53816793894031e-01
  5.03015664062500e-03   7.53816793894037e-01
  5.04227750000000e-03   7.53816793894042e-01
  5.05439835937500e-03   7.53816793894048e-01
  5.06651921875000e-03   7.53816793894053e-01
  5.07864007812500e-03   7.53816793894059e-01
  5.09076093750000e-03   7.53816793894064e-01
  5.10288179687500e-03   7.53816793894070e-01
  5.11500265625000e-03   7.53816793894076e-01
  5.12712351562500e-03   7.53816793894081e-01
  5.13924437500000e-03   7.53816793894087e-01
  5.15136523437500e-03   7.53816793894092e-01
  5.16348609375000e-03   7.53816793894098e-01
  5.17560695312500e-03   7.53816793894103e-01
  5.18772781250000e-03   7.53816793894109e-01
  5.19984867187500e-03   7.53816793894114e-01
  5.21196953125000e-03   7.53816793894120e-01
  5.22409039062500e-03   7.53816793894126e-01
  5.23621125000000e-03   7.53816793894131e-01
  5.24833210937500e-03   7.53816793894137e-01
  5.26045296875000e-03   7.53816793894142e-01
  5.27257382812500e-03   7.53816793894148e-01
  5.28469468750000e-03   7.53816793894153e-01
  5.29681554687500e-03   7.53816793894159e-01
  5.30893640625000e-03   7.53816793894165e-01
  5.32105726562500e-03   7.53816793894170e-01
  5.33317812500000e-03   7.53816793894176e-01
  5.34529898437500e-03   7.53816793894181e-01
  5.35741984375000e-03   7.53816793894187e-01
  5.36954070312500e-03   7.53816793894192e-01
  5.38166156250000e-03   7.53816793894198e-01
  5.39378242187500e-03   7.53816793894203e-01
  5.40590328125000e-03   7.53816793894209e-01
  5.41802414062500e-03   7.53816793894215e-01
  5.43014500000000e-03   7.53816793894220e-01
  5.44226585937500e-03   7.53816793894226e-01
  5.45438671875000e-03   7.53816793894231e-01
  5.46650757812500e-03   7.53816793894237e-01
  5.47862843750000e-03   7.53816793894242e-01
  5.49074929687500e-03   7.53816793894248e-01
  5.50287015625000e-03   7.53816793894253e-01
  5.51499101562500e-03   7.53816793894259e-01
  5.52711187500000e-03   7.53816793894265e-01
  5.53923273437500e-03   7.53816793894270e-01
  5.55135359375000e-03   7.53816793894276e-01
  5.56347445312500e-03   7.53816793894281e-01
  5.57559531250000e-03   7.53816793894287e-01
  5.58771617187500e-03   7.53816793894292e-01
  5.59983703125000e-03   7.53816793894298e-01
  5.61195789062500e-03   7.53816793894304e-01
  5.62407875000000e-03   7.53816793894309e-01
  5.63619960937500e-03   7.53816793894315e-01
  5.64832046875000e-03   7.53816793894320e-01
  5.66044132812500e-03   7.53816793894326e-01
  5.67256218750000e-03   7.53816793894331e-01
  5.68468304687500e-03   7.53816793894337e-01
  5.69680390625000e-03   7.53816793894343e-01
  5.70892476562500e-03   7.53816793894348e-01
  5.72104562500000e-03   7.53816793894354e-01
  5.73316648437500e-03   7.53816793894359e-01
  5.74528734375000e-03   7.53816793894365e-01
  5.75740820312500e-03   7.53816793894370e-01
  5.76952906250000e-03   7.53816793894376e-01
  5.78164992187500e-03   7.53816793894381e-01
  5.79377078125000e-03   7.53816793894387e-01
  5.80589164062500e-03   7.53816793894393e-01
  5.81801250000000e-03   7.53816793894398e-01
  5.83013335937500e-03   7.53816793894404e-01
  5.84225421875000e-03   7.53816793894409e-01
  5.85437507812500e-03   7.53816793894415e-01
  5.86649593750000e-03   7.53816793894420e-01
  5.87861679687500e-03   7.53816793894426e-01
  5.89073765625000e-03   7.53816793894432e-01
  5.90285851562500e-03   7.53816793894437e-01
  5.91497937500000e-03   7.53816793894443e-01
  5.92710023437500e-03   7.53816793894448e-01
  5.93922109375000e-03   7.53816793894454e-01
  5.95134195312500e-03   7.53816793894459e-01
  5.96346281250000e-03   7.53816793894465e-01
  5.97558367187500e-03   7.53816793894471e-01
  5.98770453125000e-03   7.53816793894476e-01
  5.99982539062500e-03   7.53816793894482e-01
  6.01194625000000e-03   7.53816793894487e-01
  6.02406710937500e-03   7.53816793894493e-01
  6.03618796875000e-03   7.53816793894498e-01
  6.04830882812500e-03   7.53816793894504e-01
  6.06042968750000e-03   7.53816793894510e-01
  6.07255054687500e-03   7.53816793894515e-01
  6.08467140625000e-03   7.53816793894521e-01
  6.09679226562500e-03   7.53816793894526e-01
  6.10891312500000e-03   7.53816793894532e-01
  6.12103398437500e-03   7.53816793894537e-01
  6.13315484375000e-03   7.53816793894543e-01
  6.14527570312500e-03   7.53816793894548e-01
  6.15739656250000e-03   7.53816793894554e-01
  6.16951742187500e-03   7.53816793894560e-01
  6.18163828125000e-03   7.53816793894565e-01
  6.19375914062500e-03   7.53816793894571e-01
  6.20588000000000e-03   7.53816793894576e-01
  6.21800085937500e-03   7.53816793894854e-01
  6.23012171875000e-03   7.53816793895132e-01
  6.24224257812500e-03   7.53816793895410e-01
  6.25436343750000e-03   7.53816793895688e-01
  6.26648429687500e-03   7.53816793895966e-01
  6.27860515625000e-03   7.53816793896244e-01
  6.29072601562500e-03   7.53816793896521e-01
  6.30284687500000e-03   7.53816793896799e-01
  6.31496773437500e-03   7.53816793897077e-01
  6.32708859375000e-03   7.53816793897355e-01
  6.33920945312500e-03   7.53816793897633e-01
  6.35133031250000e-03   7.53816793897911e-01
  6.36345117187500e-03   7.53816793898189e-01
  6.37557203125000e-03   7.53816793898467e-01
  6.38769289062500e-03   7.53816793898745e-01
  6.39981375000000e-03   7.53816793899022e-01
  6.41193460937500e-03   7.53816793899300e-01
  6.42405546875000e-03   7.53816793899578e-01
  6.43617632812500e-03   7.53816793899856e-01
  6.44829718750000e-03   7.53816793900134e-01
  6.46041804687500e-03   7.53816793900412e-01
  6.47253890625000e-03   7.53816793900690e-01
  6.48465976562500e-03   7.53816793900968e-01
  6.49678062500000e-03   7.53816793901246e-01
  6.50890148437500e-03   7.53816793901523e-01
  6.52102234375000e-03   7.53816793901801e-01
  6.53314320312500e-03   7.53816793902079e-01
  6.54526406250000e-03   7.53816793902357e-01
  6.55738492187500e-03   7.53816793902635e-01
  6.56950578125000e-03   7.53816793902913e-01
  6.58162664062500e-03   7.53816793903191e-01
  6.59374750000000e-03   7.53816793903469e-01
  6.60586835937500e-03   7.53816793903746e-01
  6.61798921875000e-03   7.53816793904024e-01
  6.63011007812500e-03   7.53816793904302e-01
  6.64223093750000e-03   7.53816793904580e-01
  6.65435179687500e-03   7.53816793904858e-01
  6.66647265625000e-03   7.53816793905136e-01
  6.67859351562500e-03   7.53816793905414e-01
  6.69071437500000e-03   7.53816793905692e-01
  6.70283523437500e-03   7.53816793905970e-01
  6.71495609375000e-03   7.53816793906247e-01
  6.72707695312500e-03   7.53816793906525e-01
  6.73919781250000e-03   7.53816793906803e-01
  6.75131867187500e-03   7.53816793907081e-01
  6.76343953125000e-03   7.53816793907359e-01
  6.77556039062500e-03   7.53816793907637e-01
  6.78768125000000e-03   7.53816793907915e-01
  6.79980210937500e-03   7.53816793908193e-01
  6.81192296875000e-03   7.53816793908471e-01
  6.82404382812500e-03   7.53816793908748e-01
  6.83616468750000e-03   7.53816793909026e-01
  6.84828554687500e-03   7.53816793909304e-01
  6.86040640625000e-03   7.53816793909582e-01
  6.87252726562500e-03   7.53816793909860e-01
  6.88464812500000e-03   7.53816793910138e-01
  6.89676898437500e-03   7.53816793910416e-01
  6.90888984375000e-03   7.53816793910694e-01
  6.92101070312500e-03   7.53816793910972e-01
  6.93313156250000e-03   7.53816793911249e-01
  6.94525242187500e-03   7.53816793911527e-01
  6.95737328125000e-03   7.53816793911805e-01
  6.96949414062500e-03   7.53816793912083e-01
  6.98161500000000e-03   7.53816793912361e-01
  6.99373585937500e-03   7.53816793912639e-01
  7.00585671875000e-03   7.53816793912917e-01
  7.01797757812500e-03   7.53816793913195e-01
  7.03009843750000e-03   7.53816793913473e-01
  7.04221929687500e-03   7.53816793913750e-01
  7.05434015625000e-03   7.53816793914028e-01
  7.06646101562500e-03   7.53816793914306e-01
  7.07858187500000e-03   7.53816793914584e-01
  7.09070273437500e-03   7.53816793914862e-01
  7.10282359375000e-03   7.53816793915140e-01
  7.11494445312500e-03   7.53816793915418e-01
  7.12706531250000e-03   7.53816793915696e-01
  7.13918617187500e-03   7.53816793915974e-01
  7.15130703125000e-03   7.53816793916251e-01
  7.16342789062500e-03   7.53816793916529e-01
  7.17554875000000e-03   7.53816793916807e-01
  7.18766960937500e-03   7.53816793917085e-01
  7.19979046875000e-03   7.53816793917363e-01
  7.21191132812500e-03   7.53816793917641e-01
  7.22403218750000e-03   7.53816793917919e-01
  7.23615304687500e-03   7.53816793918197e-01
  7.24827390625000e-03   7.53816793918475e-01
  7.26039476562500e-03   7.53816793918752e-01
  7.27251562500000e-03   7.53816793919030e-01
  7.28463648437500e-03   7.53816793919308e-01
  7.29675734375000e-03   7.53816793919586e-01
  7.30887820312500e-03   7.53816793919864e-01
  7.32099906250000e-03   7.53816793920142e-01
  7.33311992187500e-03   7.53816793920420e-01
  7.34524078125000e-03   7.53816793920698e-01
  7.35736164062500e-03   7.53816793920976e-01
  7.36948250000000e-03   7.53816793921253e-01
  7.38160335937500e-03   7.53816793921531e-01
  7.39372421875000e-03   7.53816793921809e-01
  7.40584507812500e-03   7.53816793922087e-01
  7.41796593750000e-03   7.53816793922365e-01
  7.43008679687500e-03   7.53816793922643e-01
  7.44220765625000e-03   7.53816793922921e-01
  7.45432851562500e-03   7.53816793923199e-01
  7.46644937500000e-03   7.53816793923476e-01
  7.47857023437500e-03   7.53816793923754e-01
  7.49069109375000e-03   7.53816793924032e-01
  7.50281195312500e-03   7.53816793924310e-01
  7.51493281250000e-03   7.53816793924588e-01
  7.52705367187500e-03   7.53816793924866e-01
  7.53917453125000e-03   7.53816793925144e-01
  7.55129539062500e-03   7.53816793925422e-01
  7.56341625000000e-03   7.53816793925700e-01
  7.57553710937500e-03   7.53816793925977e-01
  7.58765796875000e-03   7.53816793926255e-01
  7.59977882812500e-03   7.53816793926533e-01
  7.61189968750000e-03   7.53816793926811e-01
  7.62402054687500e-03   7.53816793927089e-01
  7.63614140625000e-03   7.53816793927367e-01
  7.64826226562500e-03   7.53816793927645e-01
  7.66038312500000e-03   7.53816793927923e-01
  7.67250398437500e-03   7.53816793928201e-01
  7.68462484375000e-03   7.53816793928478e-01
  7.69674570312500e-03   7.53816793928756e-01
  7.70886656250000e-03   7.53816793929034e-01
  7.72098742187500e-03   7.53816793929312e-01
  7.73310828125000e-03   7.53816793929590e-01
  7.74522914062500e-03   7.53816793929868e-01
  7.75735000000000e-03   7.53816793930146e-01
  7.76947085937500e-03   7.53816793937225e-01
  7.78159171875000e-03   7.53816793944303e-01
  7.79371257812500e-03   7.53816793951382e-01
  7.80583343750000e-03   7.53816793958461e-01
  7.81795429687500e-03   7.53816793965540e-01
  7.83007515625000e-03   7.53816793972619e-01
  7.84219601562500e-03   7.53816793979697e-01
  7.85431687500000e-03   7.53816793986776e-01
  7.86643773437500e-03   7.53816793993855e-01
  7.87855859375000e-03   7.53816794000934e-01
  7.89067945312500e-03   7.53816794008013e-01
  7.90280031250000e-03   7.53816794015091e-01
  7.91492117187500e-03   7.53816794022170e-01
  7.92704203125000e-03   7.53816794029249e-01
  7.93916289062500e-03   7.53816794036328e-01
  7.95128375000000e-03   7.53816794043407e-01
  7.96340460937500e-03   7.53816794050485e-01
  7.97552546875000e-03   7.53816794057564e-01
  7.98764632812500e-03   7.53816794064643e-01
  7.99976718750000e-03   7.53816794071722e-01
  8.01188804687500e-03   7.53816794078801e-01
  8.02400890625000e-03   7.53816794085879e-01
  8.03612976562500e-03   7.53816794092958e-01
  8.04825062500000e-03   7.53816794100037e-01
  8.06037148437500e-03   7.53816794107116e-01
  8.07249234375000e-03   7.53816794114195e-01
  8.08461320312500e-03   7.53816794121273e-01
  8.09673406250000e-03   7.53816794128352e-01
  8.10885492187500e-03   7.53816794135431e-01
  8.12097578125000e-03   7.53816794142510e-01
  8.13309664062500e-03   7.53816794149588e-01
  8.14521750000000e-03   7.53816794156667e-01
  8.15733835937500e-03   7.53816794163746e-01
  8.16945921875000e-03   7.53816794170825e-01
  8.18158007812500e-03   7.53816794177904e-01
  8.19370093750000e-03   7.53816794184982e-01
  8.20582179687500e-03   7.53816794192061e-01
  8.21794265625000e-03   7.53816794199140e-01
  8.23006351562500e-03   7.53816794206219e-01
  8.24218437500000e-03   7.53816794213298e-01
  8.25430523437500e-03   7.53816794220377e-01
  8.26642609375000e-03   7.53816794227455e-01
  8.27854695312500e-03   7.53816794234534e-01
  8.29066781250000e-03   7.53816794241613e-01
  8.30278867187500e-03   7.53816794248692e-01
  8.31490953125000e-03   7.53816794255770e-01
  8.32703039062500e-03   7.53816794262849e-01
  8.33915125000000e-03   7.53816794269928e-01
  8.35127210937500e-03   7.53816794277007e-01
  8.36339296875000e-03   7.53816794284086e-01
  8.37551382812500e-03   7.53816794291164e-01
  8.38763468750000e-03   7.53816794298243e-01
  8.39975554687500e-03   7.53816794305322e-01
  8.41187640625000e-03   7.53816794312401e-01
  8.42399726562500e-03   7.53816794319480e-01
  8.43611812500000e-03   7.53816794326558e-01
  8.44823898437500e-03   7.53816794333637e-01
  8.46035984375000e-03   7.53816794340716e-01
  8.47248070312500e-03   7.53816794347795e-01
  8.48460156250000e-03   7.53816794354874e-01
  8.49672242187500e-03   7.53816794361952e-01
  8.50884328125000e-03   7.53816794369031e-01
  8.52096414062500e-03   7.53816794376110e-01
  8.53308500000000e-03   7.53816794383189e-01
  8.54520585937500e-03   7.53816794505762e-01
  8.55732671875000e-03   7.53816794628335e-01
  8.56944757812500e-03   7.53816794750908e-01
  8.58156843750000e-03   7.53816794873481e-01
  8.59368929687500e-03   7.53816794996054e-01
  8.60581015625000e-03   7.53816795118627e-01
  8.61793101562500e-03   7.53816795241200e-01
  8.63005187500000e-03   7.53816795363773e-01
  8.64217273437500e-03   7.53816795486346e-01
  8.65429359375000e-03   7.53816795608919e-01
  8.66641445312500e-03   7.53816795731492e-01
  8.67853531250000e-03   7.53816795854065e-01
  8.69065617187500e-03   7.53816795976638e-01
  8.70277703125000e-03   7.53816796099211e-01
  8.71489789062500e-03   7.53816796221784e-01
  8.72701875000000e-03   7.53816796344357e-01
  8.73913960937500e-03   7.53816796466930e-01
  8.75126046875000e-03   7.53816796589503e-01
  8.76338132812500e-03   7.53816796712076e-01
  8.77550218750000e-03   7.53816796834649e-01
  8.78762304687500e-03   7.53816796957222e-01
  8.79974390625000e-03   7.53816797079795e-01
  8.81186476562500e-03   7.53816797202368e-01
  8.82398562500000e-03   7.53816797324941e-01
  8.83610648437500e-03   7.53816797447514e-01
  8.84822734375000e-03   7.53816797570087e-01
  8.86034820312500e-03   7.53816797692660e-01
  8.87246906250000e-03   7.53816797815233e-01
  8.88458992187500e-03   7.53816797937806e-01
  8.89671078125000e-03   7.53816798060379e-01
  8.90883164062500e-03   7.53816798182952e-01
  8.92095250000000e-03   7.53816798305525e-01
  8.93307335937500e-03   7.53816798428098e-01
  8.94519421875000e-03   7.53816798550671e-01
  8.95731507812500e-03   7.53816798673244e-01
  8.96943593750000e-03   7.53816798795817e-01
  8.98155679687500e-03   7.53816798918390e-01
  8.99367765625000e-03   7.53816799040963e-01
  9.00579851562500e-03   7.53816799163536e-01
  9.01791937500000e-03   7.53816799286109e-01
  9.03004023437500e-03   7.53816799408682e-01
  9.04216109375000e-03   7.53816799531255e-01
  9.05428195312500e-03   7.53816799653828e-01
  9.06640281250000e-03   7.53816799776401e-01
  9.07852367187500e-03   7.53816799898974e-01
  9.09064453125000e-03   7.53816800021547e-01
  9.10276539062500e-03   7.53816800144120e-01
  9.11488625000000e-03   7.53816800266693e-01
  9.12700710937500e-03   7.53816800389266e-01
  9.13912796875000e-03   7.53816800511839e-01
  9.15124882812500e-03   7.53816800634412e-01
  9.16336968750000e-03   7.53816800756985e-01
  9.17549054687500e-03   7.53816800879558e-01
  9.18761140625000e-03   7.53816801002131e-01
  9.19973226562500e-03   7.53816801124704e-01
  9.21185312500000e-03   7.53816801247277e-01
  9.22397398437500e-03   7.53816801369850e-01
  9.23609484375000e-03   7.53816801492423e-01
  9.24821570312500e-03   7.53816801614996e-01
  9.26033656250000e-03   7.53816801737569e-01
  9.27245742187500e-03   7.53816801860142e-01
  9.28457828125000e-03   7.53816801982715e-01
  9.29669914062500e-03   7.53816802105288e-01
  9.30882000000000e-03   7.53816802227861e-01
  9.32094085937500e-03   7.53816803850286e-01
  9.33306171875000e-03   7.53816805472711e-01
  9.34518257812500e-03   7.53816807095136e-01
  9.35730343750000e-03   7.53816808717561e-01
  9.36942429687500e-03   7.53816810339986e-01
  9.38154515625000e-03   7.53816811962411e-01
  9.39366601562500e-03   7.53816813584836e-01
  9.40578687500000e-03   7.53816815207261e-01
  9.41790773437500e-03   7.53816816829686e-01
  9.43002859375000e-03   7.53816818452111e-01
  9.44214945312500e-03   7.53816820074537e-01
  9.45427031250000e-03   7.53816821696962e-01
  9.46639117187500e-03   7.53816823319387e-01
  9.47851203125000e-03   7.53816824941812e-01
  9.49063289062500e-03   7.53816826564237e-01
  9.50275375000000e-03   7.53816828186662e-01
  9.51487460937500e-03   7.53816829809087e-01
  9.52699546875000e-03   7.53816831431512e-01
  9.53911632812500e-03   7.53816833053937e-01
  9.55123718750000e-03   7.53816834676362e-01
  9.56335804687500e-03   7.53816836298787e-01
  9.57547890625000e-03   7.53816837921212e-01
  9.58759976562500e-03   7.53816839543637e-01
  9.59972062500000e-03   7.53816841166062e-01
  9.61184148437500e-03   7.53816842788487e-01
  9.62396234375000e-03   7.53816844410912e-01
  9.63608320312500e-03   7.53816846033337e-01
  9.64820406250000e-03   7.53816847655762e-01
  9.66032492187500e-03   7.53816849278187e-01
  9.67244578125000e-03   7.53816850900612e-01
  9.68456664062500e-03   7.53816852523037e-01
  9.69668750000000e-03   7.53816854145462e-01
  9.70880835937500e-03   7.53816865693912e-01
  9.72092921875000e-03   7.53816877242361e-01
  9.73305007812500e-03   7.53816888790810e-01
  9.74517093750000e-03   7.53816900339260e-01
  9.75729179687500e-03   7.53816911887709e-01
  9.76941265625000e-03   7.53816923436158e-01
  9.78153351562500e-03   7.53816934984607e-01
  9.79365437500000e-03   7.53816946533057e-01
  9.80577523437500e-03   7.53816958081506e-01
  9.81789609375000e-03   7.53816969629955e-01
  9.83001695312500e-03   7.53816981178405e-01
  9.84213781250000e-03   7.53816992726854e-01
  9.85425867187500e-03   7.53817004275303e-01
  9.86637953125000e-03   7.53817015823752e-01
  9.87850039062500e-03   7.53817027372202e-01
  9.89062125000000e-03   7.53817038920651e-01
  9.90274210937500e-03   7.53817097568549e-01
  9.91486296875000e-03   7.53817156216447e-01
  9.92698382812500e-03   7.53817214864345e-01
  9.93910468750000e-03   7.53817273512243e-01
  9.95122554687500e-03   7.53817332160140e-01
  9.96334640625000e-03   7.53817390808038e-01
  9.97546726562500e-03   7.53817449455936e-01
  9.98758812500000e-03   7.53817508103834e-01
  9.99970898437500e-03   7.53817566751732e-01
  1.00118298437500e-02   7.53817625399630e-01
  1.00239507031250e-02   7.53817684047528e-01
  1.00360715625000e-02   7.53817742695425e-01
  1.00481924218750e-02   7.53817801343323e-01
  1.00603132812500e-02   7.53817859991221e-01
  1.00724341406250e-02   7.53817918639119e-01
  1.00845550000000e-02   7.53817977287017e-01
  1.00966758593750e-02   7.53818275078022e-01
  1.01087967187500e-02   7.53818572869028e-01
  1.01209175781250e-02   7.53818870660033e-01
  1.01330384375000e-02   7.53819168451039e-01
  1.01451592968750e-02   7.53819466242045e-01
  1.01572801562500e-02   7.53819764033050e-01
  1.01694010156250e-02   7.53820061824056e-01
  1.01815218750000e-02   7.53820359615061e-01
  1.01936427343750e-02   7.53820657406067e-01
  1.02057635937500e-02   7.53820955197072e-01
  1.02178844531250e-02   7.53821252988078e-01
  1.02300053125000e-02   7.53821550779083e-01
  1.02421261718750e-02   7.53821848570089e-01
  1.02542470312500e-02   7.53822146361094e-01
  1.02663678906250e-02   7.53822444152100e-01
  1.02784887500000e-02   7.53822741943105e-01
  1.02906096093750e-02   7.53823949941027e-01
  1.03027304687500e-02   7.53825157938949e-01
  1.03148513281250e-02   7.53826365936870e-01
  1.03269721875000e-02   7.53827573934792e-01
  1.03390930468750e-02   7.53828781932713e-01
  1.03512139062500e-02   7.53829989930635e-01
  1.03633347656250e-02   7.53831197928556e-01
  1.03754556250000e-02   7.53832405926478e-01
  1.03875764843750e-02   7.53836071297752e-01
  1.03996973437500e-02   7.53839736669026e-01
  1.04118182031250e-02   7.53843402040300e-01
  1.04239390625000e-02   7.53847067411574e-01
  1.04360599218750e-02   7.53850732782848e-01
  1.04481807812500e-02   7.53854398154122e-01
  1.04603016406250e-02   7.53858063525396e-01
  1.04724225000000e-02   7.53861728896670e-01
  1.04845433593750e-02   7.53872812532601e-01
  1.04966642187500e-02   7.53883896168532e-01
  1.05087850781250e-02   7.53894979804464e-01
  1.05209059375000e-02   7.53906063440395e-01
  1.05330267968750e-02   7.53917147076326e-01
  1.05451476562500e-02   7.53928230712257e-01
  1.05572685156250e-02   7.53939314348188e-01
  1.05693893750000e-02   7.53950397984119e-01
  1.05815102343750e-02   7.53978100766956e-01
  1.05936310937500e-02   7.54005803549793e-01
  1.06057519531250e-02   7.54033506332629e-01
  1.06178728125000e-02   7.54061209115466e-01
  1.06299936718750e-02   7.54115788469702e-01
  1.06421145312500e-02   7.54170367823938e-01
  1.06542353906250e-02   7.54224947178174e-01
  1.06663562500000e-02   7.54279526532411e-01
  1.06784771093750e-02   7.54371630335803e-01
  1.06905979687500e-02   7.54463734139196e-01
  1.07027188281250e-02   7.54593481649152e-01
  1.07148396875000e-02   7.54723229159108e-01
  1.07269605468750e-02   7.54895751806766e-01
  1.07390814062500e-02   7.55068274454423e-01
  1.07512022656250e-02   7.55264952409480e-01
  1.07633231250000e-02   7.55456140190032e-01
  1.07754439843750e-02   7.55606454767608e-01
  1.07875648437500e-02   7.55657104332281e-01
  1.07996857031250e-02   7.55522095518719e-01
  1.08118065625000e-02   7.55057243259389e-01
  1.08239274218750e-02   7.54127084102991e-01
  1.08360482812500e-02   7.52684121520804e-01
  1.08481691406250e-02   7.50891389480896e-01
  1.08602900000000e-02   7.49109990355186e-01
  1.08724108593750e-02   7.47816338176547e-01
  1.08845317187500e-02   7.47419809730816e-01
  1.08966525781250e-02   7.48037716261208e-01
  1.09087734375000e-02   7.49359459190185e-01
  1.09208942968750e-02   7.50816278409752e-01
  1.09330151562500e-02   7.51976015078116e-01
  1.09451360156250e-02   7.52737896314297e-01
  1.09572568750000e-02   7.53184007904628e-01
  1.09693777343750e-02   7.53429376635173e-01
  1.09814985937500e-02   7.53559528666035e-01
  1.09936194531250e-02   7.53625910309712e-01
  1.10057403125000e-02   7.53660134996525e-01
  1.10178611718750e-02   7.53676820794122e-01
  1.10299820312500e-02   7.53683896261587e-01
  1.10421028906250e-02   7.53685474571562e-01
  1.10542237500000e-02   7.53684649384165e-01
  1.10663446093750e-02   7.53682567240280e-01
  1.10784654687500e-02   7.53679882300847e-01
  1.10905863281250e-02   7.53676968831683e-01
  1.11027071875000e-02   7.53674050635501e-01
  1.11148280468750e-02   7.53671389806058e-01
  1.11269489062500e-02   7.53668728976615e-01
  1.11390697656250e-02   7.53666451090930e-01
  1.11511906250000e-02   7.53664173205246e-01
  1.11633114843750e-02   7.53662263624308e-01
  1.11754323437500e-02   7.53660354043371e-01
  1.11875532031250e-02   7.53658773735228e-01
  1.11996740625000e-02   7.53657193427086e-01
  1.12117949218750e-02   7.53656098540424e-01
  1.12239157812500e-02   7.53655003653762e-01
  1.12360366406250e-02   7.53653908767100e-01
  1.12481575000000e-02   7.53652813880438e-01
  1.12602783593750e-02   7.53652037198461e-01
  1.12723992187500e-02   7.53651260516483e-01
  1.12845200781250e-02   7.53650483834505e-01
  1.12966409375000e-02   7.53649707152528e-01
  1.13087617968750e-02   7.53649149149970e-01
  1.13208826562500e-02   7.53648591147412e-01
  1.13330035156250e-02   7.53648033144854e-01
  1.13451243750000e-02   7.53647475142296e-01
  1.13572452343750e-02   7.53647177588073e-01
  1.13693660937500e-02   7.53646880033851e-01
  1.13814869531250e-02   7.53646582479628e-01
  1.13936078125000e-02   7.53646284925406e-01
  1.14057286718750e-02   7.53645987371183e-01
  1.14178495312500e-02   7.53645689816960e-01
  1.14299703906250e-02   7.53645392262738e-01
  1.14420912500000e-02   7.53645094708515e-01
  1.14542121093750e-02   7.53644919687207e-01
  1.14663329687500e-02   7.53644744665899e-01
  1.14784538281250e-02   7.53644569644590e-01
  1.14905746875000e-02   7.53644394623282e-01
  1.15026955468750e-02   7.53644219601973e-01
  1.15148164062500e-02   7.53644044580665e-01
  1.15269372656250e-02   7.53643869559356e-01
  1.15390581250000e-02   7.53643694538048e-01
  1.15511789843750e-02   7.53643591128397e-01
  1.15632998437500e-02   7.53643487718745e-01
  1.15754207031250e-02   7.53643384309094e-01
  1.15875415625000e-02   7.53643280899443e-01
  1.15996624218750e-02   7.53643177489792e-01
  1.16117832812500e-02   7.53643074080140e-01
  1.16239041406250e-02   7.53642970670489e-01
  1.16360250000000e-02   7.53642867260838e-01
  1.16481458593750e-02   7.53642828496994e-01
  1.16602667187500e-02   7.53642789733151e-01
  1.16723875781250e-02   7.53642750969308e-01
  1.16845084375000e-02   7.53642712205465e-01
  1.16966292968750e-02   7.53642673441621e-01
  1.17087501562500e-02   7.53642634677778e-01
  1.17208710156250e-02   7.53642595913934e-01
  1.17329918750000e-02   7.53642557150091e-01
  1.17451127343750e-02   7.53642518386248e-01
  1.17572335937500e-02   7.53642479622404e-01
  1.17693544531250e-02   7.53642440858561e-01
  1.17814753125000e-02   7.53642402094718e-01
  1.17935961718750e-02   7.53642363330874e-01
  1.18057170312500e-02   7.53642324567031e-01
  1.18178378906250e-02   7.53642285803188e-01
  1.18299587500000e-02   7.53642247039344e-01
  1.18420796093750e-02   7.53642231699043e-01
  1.18542004687500e-02   7.53642216358741e-01
  1.18663213281250e-02   7.53642201018439e-01
  1.18784421875000e-02   7.53642185678137e-01
  1.18905630468750e-02   7.53642170337835e-01
  1.19026839062500e-02   7.53642154997533e-01
  1.19148047656250e-02   7.53642139657231e-01
  1.19269256250000e-02   7.53642124316929e-01
  1.19390464843750e-02   7.53642108976627e-01
  1.19511673437500e-02   7.53642093636325e-01
  1.19632882031250e-02   7.53642078296023e-01
  1.19754090625000e-02   7.53642062955721e-01
  1.19875299218750e-02   7.53642047615419e-01
  1.19996507812500e-02   7.53642032275118e-01
  1.20117716406250e-02   7.53642016934816e-01
  1.20238925000000e-02   7.53642001594514e-01
  1.20360133593750e-02   7.53641998791863e-01
  1.20481342187500e-02   7.53641995989212e-01
  1.20602550781250e-02   7.53641993186562e-01
  1.20723759375000e-02   7.53641990383911e-01
  1.20844967968750e-02   7.53641987581260e-01
  1.20966176562500e-02   7.53641984778610e-01
  1.21087385156250e-02   7.53641981975959e-01
  1.21208593750000e-02   7.53641979173309e-01
  1.21329802343750e-02   7.53641976370658e-01
  1.21451010937500e-02   7.53641973568007e-01
  1.21572219531250e-02   7.53641970765357e-01
  1.21693428125000e-02   7.53641967962706e-01
  1.21814636718750e-02   7.53641965160055e-01
  1.21935845312500e-02   7.53641962357405e-01
  1.22057053906250e-02   7.53641959554754e-01
  1.22178262500000e-02   7.53641956752103e-01
  1.22299471093750e-02   7.53641953949453e-01
  1.22420679687500e-02   7.53641951146802e-01
  1.22541888281250e-02   7.53641948344152e-01
  1.22663096875000e-02   7.53641945541501e-01
  1.22784305468750e-02   7.53641942738850e-01
  1.22905514062500e-02   7.53641939936200e-01
  1.23026722656250e-02   7.53641937133549e-01
  1.23147931250000e-02   7.53641934330898e-01
  1.23269139843750e-02   7.53641931528248e-01
  1.23390348437500e-02   7.53641928725597e-01
  1.23511557031250e-02   7.53641925922946e-01
  1.23632765625000e-02   7.53641923120296e-01
  1.23753974218750e-02   7.53641920317645e-01
  1.23875182812500e-02   7.53641917514995e-01
  1.23996391406250e-02   7.53641914712344e-01
  1.24117600000000e-02   7.53641911909693e-01
  1.24238808593750e-02   7.53641911574153e-01
  1.24360017187500e-02   7.53641911238613e-01
  1.24481225781250e-02   7.53641910903073e-01
  1.24602434375000e-02   7.53641910567532e-01
  1.24723642968750e-02   7.53641910231992e-01
  1.24844851562500e-02   7.53641909896452e-01
  1.24966060156250e-02   7.53641909560911e-01
  1.25087268750000e-02   7.53641909225371e-01
  1.25208477343750e-02   7.53641908889831e-01
  1.25329685937500e-02   7.53641908554291e-01
  1.25450894531250e-02   7.53641908218751e-01
  1.25572103125000e-02   7.53641907883210e-01
  1.25693311718750e-02   7.53641907547670e-01
  1.25814520312500e-02   7.53641907212130e-01
  1.25935728906250e-02   7.53641906876590e-01
  1.26056937500000e-02   7.53641906541049e-01
  1.26178146093750e-02   7.53641906205509e-01
  1.26299354687500e-02   7.53641905869969e-01
  1.26420563281250e-02   7.53641905534429e-01
  1.26541771875000e-02   7.53641905198888e-01
  1.26662980468750e-02   7.53641904863348e-01
  1.26784189062500e-02   7.53641904527808e-01
  1.26905397656250e-02   7.53641904192268e-01
  1.27026606250000e-02   7.53641903856727e-01
  1.27147814843750e-02   7.53641903521187e-01
  1.27269023437500e-02   7.53641903185647e-01
  1.27390232031250e-02   7.53641902850107e-01
  1.27511440625000e-02   7.53641902514566e-01
  1.27632649218750e-02   7.53641902179026e-01
  1.27753857812500e-02   7.53641901843486e-01
  1.27875066406250e-02   7.53641901507946e-01
  1.27996275000000e-02   7.53641901172405e-01
  1.28117483593750e-02   7.53641900836865e-01
  1.28238692187500e-02   7.53641900501325e-01
  1.28359900781250e-02   7.53641900165785e-01
  1.28481109375000e-02   7.53641899830245e-01
  1.28602317968750e-02   7.53641899494704e-01
  1.28723526562500e-02   7.53641899159164e-01
  1.28844735156250e-02   7.53641898823624e-01
  1.28965943750000e-02   7.53641898488084e-01
  1.29087152343750e-02   7.53641898152543e-01
  1.29208360937500e-02   7.53641897817003e-01
  1.29329569531250e-02   7.53641897481463e-01
  1.29450778125000e-02   7.53641897145923e-01
  1.29571986718750e-02   7.53641896810382e-01
  1.29693195312500e-02   7.53641896474842e-01
  1.29814403906250e-02   7.53641896139302e-01
  1.29935612500000e-02   7.53641895803762e-01
  1.30056821093750e-02   7.53641895468221e-01
  1.30178029687500e-02   7.53641895132681e-01
  1.30299238281250e-02   7.53641894797141e-01
  1.30420446875000e-02   7.53641894461601e-01
  1.30541655468750e-02   7.53641894126060e-01
  1.30662864062500e-02   7.53641893790520e-01
  1.30784072656250e-02   7.53641893454980e-01
  1.30905281250000e-02   7.53641893119440e-01
  1.31026489843750e-02   7.53641892783899e-01
  1.31147698437500e-02   7.53641892448359e-01
  1.31268907031250e-02   7.53641892112819e-01
  1.31390115625000e-02   7.53641891777279e-01
  1.31511324218750e-02   7.53641891441738e-01
  1.31632532812500e-02   7.53641891106198e-01
  1.31753741406250e-02   7.53641890770658e-01
  1.31874950000000e-02   7.53641890435118e-01
  1.31996158593750e-02   7.53641890397618e-01
  1.32117367187500e-02   7.53641890360118e-01
  1.32238575781250e-02   7.53641890322618e-01
  1.32359784375000e-02   7.53641890285119e-01
  1.32480992968750e-02   7.53641890247619e-01
  1.32602201562500e-02   7.53641890210119e-01
  1.32723410156250e-02   7.53641890172619e-01
  1.32844618750000e-02   7.53641890135120e-01
  1.32965827343750e-02   7.53641890097620e-01
  1.33087035937500e-02   7.53641890060120e-01
  1.33208244531250e-02   7.53641890022620e-01
  1.33329453125000e-02   7.53641889985120e-01
  1.33450661718750e-02   7.53641889947621e-01
  1.33571870312500e-02   7.53641889910121e-01
  1.33693078906250e-02   7.53641889872621e-01
  1.33814287500000e-02   7.53641889835121e-01
  1.33935496093750e-02   7.53641889797621e-01
  1.34056704687500e-02   7.53641889760122e-01
  1.34177913281250e-02   7.53641889722622e-01
  1.34299121875000e-02   7.53641889685122e-01
  1.34420330468750e-02   7.53641889647622e-01
  1.34541539062500e-02   7.53641889610123e-01
  1.34662747656250e-02   7.53641889572623e-01
  1.34783956250000e-02   7.53641889535123e-01
  1.34905164843750e-02   7.53641889497623e-01
  1.35026373437500e-02   7.53641889460123e-01
  1.35147582031250e-02   7.53641889422624e-01
  1.35268790625000e-02   7.53641889385124e-01
  1.35389999218750e-02   7.53641889347624e-01
  1.35511207812500e-02   7.53641889310124e-01
  1.35632416406250e-02   7.53641889272625e-01
  1.35753625000000e-02   7.53641889235125e-01
  1.35874833593750e-02   7.53641889197625e-01
  1.35996042187500e-02   7.53641889160125e-01
  1.36117250781250e-02   7.53641889122625e-01
  1.36238459375000e-02   7.53641889085126e-01
  1.36359667968750e-02   7.53641889047626e-01
  1.36480876562500e-02   7.53641889010126e-01
  1.36602085156250e-02   7.53641888972626e-01
  1.36723293750000e-02   7.53641888935126e-01
  1.36844502343750e-02   7.53641888897627e-01
  1.36965710937500e-02   7.53641888860127e-01
  1.37086919531250e-02   7.53641888822627e-01
  1.37208128125000e-02   7.53641888785127e-01
  1.37329336718750e-02   7.53641888747627e-01
  1.37450545312500e-02   7.53641888710128e-01
  1.37571753906250e-02   7.53641888672628e-01
  1.37692962500000e-02   7.53641888635128e-01
  1.37814171093750e-02   7.53641888597628e-01
  1.37935379687500e-02   7.53641888560129e-01
  1.38056588281250e-02   7.53641888522629e-01
  1.38177796875000e-02   7.53641888485129e-01
  1.38299005468750e-02   7.53641888447629e-01
  1.38420214062500e-02   7.53641888410129e-01
  1.38541422656250e-02   7.53641888372630e-01
  1.38662631250000e-02   7.53641888335130e-01
  1.38783839843750e-02   7.53641888297630e-01
  1.38905048437500e-02   7.53641888260130e-01
  1.39026257031250e-02   7.53641888222631e-01
  1.39147465625000e-02   7.53641888185131e-01
  1.39268674218750e-02   7.53641888147631e-01
  1.39389882812500e-02   7.53641888110131e-01
  1.39511091406250e-02   7.53641888072631e-01
  1.39632300000000e-02   7.53641888035132e-01
  1.39753508593750e-02   7.53641888032853e-01
  1.39874717187500e-02   7.53641888030575e-01
  1.39995925781250e-02   7.53641888028296e-01
  1.40117134375000e-02   7.53641888026018e-01
  1.40238342968750e-02   7.53641888023739e-01
  1.40359551562500e-02   7.53641888021460e-01
  1.40480760156250e-02   7.53641888019182e-01
  1.40601968750000e-02   7.53641888016903e-01
  1.40723177343750e-02   7.53641888014625e-01
  1.40844385937500e-02   7.53641888012346e-01
  1.40965594531250e-02   7.53641888010068e-01
  1.41086803125000e-02   7.53641888007789e-01
  1.41208011718750e-02   7.53641888005511e-01
  1.41329220312500e-02   7.53641888003232e-01
  1.41450428906250e-02   7.53641888000954e-01
  1.41571637500000e-02   7.53641887998675e-01
  1.41692846093750e-02   7.53641887996397e-01
  1.41814054687500e-02   7.53641887994118e-01
  1.41935263281250e-02   7.53641887991840e-01
  1.42056471875000e-02   7.53641887989561e-01
  1.42177680468750e-02   7.53641887987283e-01
  1.42298889062500e-02   7.53641887985004e-01
  1.42420097656250e-02   7.53641887982726e-01
  1.42541306250000e-02   7.53641887980447e-01
  1.42662514843750e-02   7.53641887978169e-01
  1.42783723437500e-02   7.53641887975890e-01
  1.42904932031250e-02   7.53641887973612e-01
  1.43026140625000e-02   7.53641887971333e-01
  1.43147349218750e-02   7.53641887969054e-01
  1.43268557812500e-02   7.53641887966776e-01
  1.43389766406250e-02   7.53641887964497e-01
  1.43510975000000e-02   7.53641887962219e-01
  1.43632183593750e-02   7.53641887959940e-01
  1.43753392187500e-02   7.53641887957662e-01
  1.43874600781250e-02   7.53641887955383e-01
  1.43995809375000e-02   7.53641887953105e-01
  1.44117017968750e-02   7.53641887950826e-01
  1.44238226562500e-02   7.53641887948548e-01
  1.44359435156250e-02   7.53641887946269e-01
  1.44480643750000e-02   7.53641887943991e-01
  1.44601852343750e-02   7.53641887941712e-01
  1.44723060937500e-02   7.53641887939434e-01
  1.44844269531250e-02   7.53641887937155e-01
  1.44965478125000e-02   7.53641887934877e-01
  1.45086686718750e-02   7.53641887932598e-01
  1.45207895312500e-02   7.53641887930319e-01
  1.45329103906250e-02   7.53641887928041e-01
  1.45450312500000e-02   7.53641887925762e-01
  1.45571521093750e-02   7.53641887923484e-01
  1.45692729687500e-02   7.53641887921205e-01
  1.45813938281250e-02   7.53641887918927e-01
  1.45935146875000e-02   7.53641887916648e-01
  1.46056355468750e-02   7.53641887914370e-01
  1.46177564062500e-02   7.53641887912091e-01
  1.46298772656250e-02   7.53641887909813e-01
  1.46419981250000e-02   7.53641887907534e-01
  1.46541189843750e-02   7.53641887905256e-01
  1.46662398437500e-02   7.53641887902977e-01
  1.46783607031250e-02   7.53641887900699e-01
  1.46904815625000e-02   7.53641887898420e-01
  1.47026024218750e-02   7.53641887896142e-01
  1.47147232812500e-02   7.53641887893863e-01
  1.47268441406250e-02   7.53641887891585e-01
  1.47389650000000e-02   7.53641887889306e-01
  1.47510858593750e-02   7.53641887887028e-01
  1.47632067187500e-02   7.53641887884749e-01
  1.47753275781250e-02   7.53641887882471e-01
  1.47874484375000e-02   7.53641887880192e-01
  1.47995692968750e-02   7.53641887877913e-01
  1.48116901562500e-02   7.53641887875635e-01
  1.48238110156250e-02   7.53641887873356e-01
  1.48359318750000e-02   7.53641887871078e-01
  1.48480527343750e-02   7.53641887868799e-01
  1.48601735937500e-02   7.53641887866521e-01
  1.48722944531250e-02   7.53641887864242e-01
  1.48844153125000e-02   7.53641887861964e-01
  1.48965361718750e-02   7.53641887859685e-01
  1.49086570312500e-02   7.53641887857407e-01
  1.49207778906250e-02   7.53641887855128e-01
  1.49328987500000e-02   7.53641887852850e-01
  1.49450196093750e-02   7.53641887850571e-01
  1.49571404687500e-02   7.53641887848293e-01
  1.49692613281250e-02   7.53641887846014e-01
  1.49813821875000e-02   7.53641887843736e-01
  1.49935030468750e-02   7.53641887841457e-01
  1.50056239062500e-02   7.53641887839179e-01
  1.50177447656250e-02   7.53641887836900e-01
  1.50298656250000e-02   7.53641887834621e-01
  1.50419864843750e-02   7.53641887832343e-01
  1.50541073437500e-02   7.53641887830064e-01
  1.50662282031250e-02   7.53641887827786e-01
  1.50783490625000e-02   7.53641887825507e-01
  1.50904699218750e-02   7.53641887823229e-01
  1.51025907812500e-02   7.53641887820950e-01
  1.51147116406250e-02   7.53641887818672e-01
  1.51268325000000e-02   7.53641887816393e-01
  1.51389533593750e-02   7.53641887814115e-01
  1.51510742187500e-02   7.53641887811836e-01
  1.51631950781250e-02   7.53641887809558e-01
  1.51753159375000e-02   7.53641887807279e-01
  1.51874367968750e-02   7.53641887805001e-01
  1.51995576562500e-02   7.53641887802722e-01
  1.52116785156250e-02   7.53641887800444e-01
  1.52237993750000e-02   7.53641887798165e-01
  1.52359202343750e-02   7.53641887795887e-01
  1.52480410937500e-02   7.53641887793608e-01
  1.52601619531250e-02   7.53641887791330e-01
  1.52722828125000e-02   7.53641887789051e-01
  1.52844036718750e-02   7.53641887786772e-01
  1.52965245312500e-02   7.53641887784494e-01
  1.53086453906250e-02   7.53641887782215e-01
  1.53207662500000e-02   7.53641887779937e-01
  1.53328871093750e-02   7.53641887777658e-01
  1.53450079687500e-02   7.53641887775380e-01
  1.53571288281250e-02   7.53641887773101e-01
  1.53692496875000e-02   7.53641887770823e-01
  1.53813705468750e-02   7.53641887768544e-01
  1.53934914062500e-02   7.53641887766266e-01
  1.54056122656250e-02   7.53641887763987e-01
  1.54177331250000e-02   7.53641887761709e-01
  1.54298539843750e-02   7.53641887759430e-01
  1.54419748437500e-02   7.53641887757152e-01
  1.54540957031250e-02   7.53641887754873e-01
  1.54662165625000e-02   7.53641887752595e-01
  1.54783374218750e-02   7.53641887750316e-01
  1.54904582812500e-02   7.53641887748038e-01
  1.55025791406250e-02   7.53641887745759e-01
  1.55147000000000e-02   7.53641887743481e-01
