  1.21208593750000e-05   3.40163000276129e-01
  2.42417187500000e-05   3.40163000276129e-01
  3.63625781250000e-05   3.40163000276128e-01
  4.84834375000000e-05   3.40163000276128e-01
  6.06042968750000e-05   3.40163000276128e-01
  7.27251562500000e-05   3.40163000276127e-01
  8.48460156250000e-05   3.40163000276127e-01
  9.69668750000000e-05   3.40163000276126e-01
  1.09087734375000e-04   3.40163000276126e-01
  1.21208593750000e-04   3.40163000276126e-01
  1.33329453125000e-04   3.40163000276125e-01
  1.45450312500000e-04   3.40163000276125e-01
  1.57571171875000e-04   3.40163000276124e-01
  1.69692031250000e-04   3.40163000276124e-01
  1.81812890625000e-04   3.40163000276124e-01
  1.93933750000000e-04   3.40163000276123e-01
  2.06054609375000e-04   3.40163000276123e-01
  2.18175468750000e-04   3.40163000276122e-01
  2.30296328125000e-04   3.40163000276122e-01
  2.42417187500000e-04   3.40163000276122e-01
  2.54538046875000e-04   3.40163000276121e-01
  2.66658906250000e-04   3.40163000276121e-01
  2.78779765625000e-04   3.40163000276120e-01
  2.90900625000000e-04   3.40163000276120e-01
  3.03021484375000e-04   3.40163000276120e-01
  3.15142343750000e-04   3.40163000276119e-01
  3.27263203125000e-04   3.40163000276119e-01
  3.39384062500000e-04   3.40163000276119e-01
  3.51504921875000e-04   3.40163000276118e-01
  3.63625781250000e-04   3.40163000276118e-01
  3.75746640625000e-04   3.40163000276117e-01
  3.87867500000000e-04   3.40163000276117e-01
  3.99988359375000e-04   3.40163000276117e-01
  4.12109218750000e-04   3.40163000276116e-01
  4.24230078125000e-04   3.40163000276116e-01
  4.36350937500000e-04   3.40163000276115e-01
  4.48471796875000e-04   3.40163000276115e-01
  4.60592656250000e-04   3.40163000276115e-01
  4.72713515625000e-04   3.40163000276114e-01
  4.84834375000000e-04   3.40163000276114e-01
  4.96955234375000e-04   3.40163000276113e-01
  5.09076093750000e-04   3.40163000276113e-01
  5.21196953125000e-04   3.40163000276113e-01
  5.33317812500000e-04   3.40163000276112e-01
  5.45438671875000e-04   3.40163000276112e-01
  5.57559531250000e-04   3.40163000276111e-01
  5.69680390625000e-04   3.40163000276111e-01
  5.81801250000000e-04   3.40163000276111e-01
  5.93922109375000e-04   3.40163000276110e-01
  6.06042968750000e-04   3.40163000276110e-01
  6.18163828125000e-04   3.40163000276109e-01
  6.30284687500000e-04   3.40163000276109e-01
  6.42405546875000e-04   3.40163000276109e-01
  6.54526406250000e-04   3.40163000276108e-01
  6.66647265625000e-04   3.40163000276108e-01
  6.78768125000000e-04   3.40163000276108e-01
  6.90888984375000e-04   3.40163000276107e-01
  7.03009843750000e-04   3.40163000276107e-01
  7.15130703125000e-04   3.40163000276106e-01
  7.27251562500000e-04   3.40163000276106e-01
  7.39372421875000e-04   3.40163000276106e-01
  7.51493281250000e-04   3.40163000276105e-01
  7.63614140625000e-04   3.40163000276105e-01
  7.75735000000000e-04   3.40163000276104e-01
  7.87855859375000e-04   3.40163000276104e-01
  7.99976718750000e-04   3.40163000276104e-01
  8.12097578125000e-04   3.40163000276103e-01
  8.24218437500000e-04   3.40163000276103e-01
  8.36339296875000e-04   3.40163000276102e-01
  8.48460156250000e-04   3.40163000276102e-01
  8.60581015625000e-04   3.40163000276102e-01
  8.72701875000000e-04   3.40163000276101e-01
  8.84822734375000e-04   3.40163000276101e-01
  8.96943593750000e-04   3.40163000276100e-01
  9.09064453125000e-04   3.40163000276100e-01
  9.21185312500000e-04   3.40163000276100e-01
  9.33306171875000e-04   3.40163000276099e-01
  9.45427031250000e-04   3.40163000276099e-01
  9.57547890625000e-04   3.40163000276098e-01
  9.69668750000000e-04   3.40163000276098e-01
  9.81789609375000e-04   3.40163000276098e-01
  9.93910468750000e-04   3.40163000276097e-01
  1.00603132812500e-03   3.40163000276097e-01
  1.01815218750000e-03   3.40163000276097e-01
  1.03027304687500e-03   3.40163000276096e-01
  1.04239390625000e-03   3.40163000276096e-01
  1.05451476562500e-03   3.40163000276095e-01
  1.06663562500000e-03   3.40163000276095e-01
  1.07875648437500e-03   3.40163000276095e-01
  1.09087734375000e-03   3.40163000276094e-01
  1.10299820312500e-03   3.40163000276094e-01
  1.11511906250000e-03   3.40163000276093e-01
  1.12723992187500e-03   3.40163000276093e-01
  1.13936078125000e-03   3.40163000276093e-01
  1.15148164062500e-03   3.40163000276092e-01
  1.16360250000000e-03   3.40163000276092e-01
  1.17572335937500e-03   3.40163000276091e-01
  1.18784421875000e-03   3.40163000276091e-01
  1.19996507812500e-03   3.40163000276091e-01
  1.21208593750000e-03   3.40163000276090e-01
  1.22420679687500e-03   3.40163000276090e-01
  1.23632765625000e-03   3.40163000276089e-01
  1.24844851562500e-03   3.40163000276089e-01
  1.26056937500000e-03   3.40163000276089e-01
  1.27269023437500e-03   3.40163000276088e-01
  1.28481109375000e-03   3.40163000276088e-01
  1.29693195312500e-03   3.40163000276087e-01
  1.30905281250000e-03   3.40163000276087e-01
  1.32117367187500e-03   3.40163000276087e-01
  1.33329453125000e-03   3.40163000276086e-01
  1.34541539062500e-03   3.40163000276086e-01
  1.35753625000000e-03   3.40163000276086e-01
  1.36965710937500e-03   3.40163000276085e-01
  1.38177796875000e-03   3.40163000276085e-01
  1.39389882812500e-03   3.40163000276084e-01
  1.40601968750000e-03   3.40163000276084e-01
  1.41814054687500e-03   3.40163000276084e-01
  1.43026140625000e-03   3.40163000276083e-01
  1.44238226562500e-03   3.40163000276083e-01
  1.45450312500000e-03   3.40163000276082e-01
  1.46662398437500e-03   3.40163000276082e-01
  1.47874484375000e-03   3.40163000276082e-01
  1.49086570312500e-03   3.40163000276081e-01
  1.50298656250000e-03   3.40163000276081e-01
  1.51510742187500e-03   3.40163000276080e-01
  1.52722828125000e-03   3.40163000276080e-01
  1.53934914062500e-03   3.40163000276080e-01
  1.55147000000000e-03   3.40163000276079e-01
  1.56359085937500e-03   3.40163000276079e-01
  1.57571171875000e-03   3.40163000276078e-01
  1.58783257812500e-03   3.40163000276078e-01
  1.59995343750000e-03   3.40163000276078e-01
  1.61207429687500e-03   3.40163000276077e-01
  1.62419515625000e-03   3.40163000276077e-01
  1.63631601562500e-03   3.40163000276076e-01
  1.64843687500000e-03   3.40163000276076e-01
  1.66055773437500e-03   3.40163000276076e-01
  1.67267859375000e-03   3.40163000276075e-01
  1.68479945312500e-03   3.40163000276075e-01
  1.69692031250000e-03   3.40163000276075e-01
  1.70904117187500e-03   3.40163000276074e-01
  1.72116203125000e-03   3.40163000276074e-01
  1.73328289062500e-03   3.40163000276073e-01
  1.74540375000000e-03   3.40163000276073e-01
  1.75752460937500e-03   3.40163000276073e-01
  1.76964546875000e-03   3.40163000276072e-01
  1.78176632812500e-03   3.40163000276072e-01
  1.79388718750000e-03   3.40163000276071e-01
  1.80600804687500e-03   3.40163000276071e-01
  1.81812890625000e-03   3.40163000276071e-01
  1.83024976562500e-03   3.40163000276070e-01
  1.84237062500000e-03   3.40163000276070e-01
  1.85449148437500e-03   3.40163000276069e-01
  1.86661234375000e-03   3.40163000276069e-01
  1.87873320312500e-03   3.40163000276069e-01
  1.89085406250000e-03   3.40163000276068e-01
  1.90297492187500e-03   3.40163000276068e-01
  1.91509578125000e-03   3.40163000276067e-01
  1.92721664062500e-03   3.40163000276067e-01
  1.93933750000000e-03   3.40163000276067e-01
  1.95145835937500e-03   3.40163000276066e-01
  1.96357921875000e-03   3.40163000276066e-01
  1.97570007812500e-03   3.40163000276065e-01
  1.98782093750000e-03   3.40163000276065e-01
  1.99994179687500e-03   3.40163000276065e-01
  2.01206265625000e-03   3.40163000276064e-01
  2.02418351562500e-03   3.40163000276064e-01
  2.03630437500000e-03   3.40163000276064e-01
  2.04842523437500e-03   3.40163000276063e-01
  2.06054609375000e-03   3.40163000276063e-01
  2.07266695312500e-03   3.40163000276062e-01
  2.08478781250000e-03   3.40163000276062e-01
  2.09690867187500e-03   3.40163000276062e-01
  2.10902953125000e-03   3.40163000276061e-01
  2.12115039062500e-03   3.40163000276061e-01
  2.13327125000000e-03   3.40163000276060e-01
  2.14539210937500e-03   3.40163000276060e-01
  2.15751296875000e-03   3.40163000276060e-01
  2.16963382812500e-03   3.40163000276059e-01
  2.18175468750000e-03   3.40163000276059e-01
  2.19387554687500e-03   3.40163000276058e-01
  2.20599640625000e-03   3.40163000276058e-01
  2.21811726562500e-03   3.40163000276058e-01
  2.23023812500000e-03   3.40163000276057e-01
  2.24235898437500e-03   3.40163000276057e-01
  2.25447984375000e-03   3.40163000276056e-01
  2.26660070312500e-03   3.40163000276056e-01
  2.27872156250000e-03   3.40163000276056e-01
  2.29084242187500e-03   3.40163000276055e-01
  2.30296328125000e-03   3.40163000276055e-01
  2.31508414062500e-03   3.40163000276055e-01
  2.32720500000000e-03   3.40163000276054e-01
  2.33932585937500e-03   3.40163000276054e-01
  2.35144671875000e-03   3.40163000276053e-01
  2.36356757812500e-03   3.40163000276053e-01
  2.37568843750000e-03   3.40163000276053e-01
  2.38780929687500e-03   3.40163000276052e-01
  2.39993015625000e-03   3.40163000276052e-01
  2.41205101562500e-03   3.40163000276051e-01
  2.42417187500000e-03   3.40163000276051e-01
  2.43629273437500e-03   3.40163000276051e-01
  2.44841359375000e-03   3.40163000276050e-01
  2.46053445312500e-03   3.40163000276050e-01
  2.47265531250000e-03   3.40163000276049e-01
  2.48477617187500e-03   3.40163000276049e-01
  2.49689703125000e-03   3.40163000276049e-01
  2.50901789062500e-03   3.40163000276048e-01
  2.52113875000000e-03   3.40163000276048e-01
  2.53325960937500e-03   3.40163000276047e-01
  2.54538046875000e-03   3.40163000276047e-01
  2.55750132812500e-03   3.40163000276047e-01
  2.56962218750000e-03   3.40163000276046e-01
  2.58174304687500e-03   3.40163000276046e-01
  2.59386390625000e-03   3.40163000276045e-01
  2.60598476562500e-03   3.40163000276045e-01
  2.61810562500000e-03   3.40163000276045e-01
  2.63022648437500e-03   3.40163000276044e-01
  2.64234734375000e-03   3.40163000276044e-01
  2.65446820312500e-03   3.40163000276044e-01
  2.66658906250000e-03   3.40163000276043e-01
  2.67870992187500e-03   3.40163000276043e-01
  2.69083078125000e-03   3.40163000276042e-01
  2.70295164062500e-03   3.40163000276042e-01
  2.71507250000000e-03   3.40163000276042e-01
  2.72719335937500e-03   3.40163000276041e-01
  2.73931421875000e-03   3.40163000276041e-01
  2.75143507812500e-03   3.40163000276040e-01
  2.76355593750000e-03   3.40163000276040e-01
  2.77567679687500e-03   3.40163000276040e-01
  2.78779765625000e-03   3.40163000276039e-01
  2.79991851562500e-03   3.40163000276039e-01
  2.81203937500000e-03   3.40163000276038e-01
  2.82416023437500e-03   3.40163000276038e-01
  2.83628109375000e-03   3.40163000276038e-01
  2.84840195312500e-03   3.40163000276037e-01
  2.86052281250000e-03   3.40163000276037e-01
  2.87264367187500e-03   3.40163000276036e-01
  2.88476453125000e-03   3.40163000276036e-01
  2.89688539062500e-03   3.40163000276036e-01
  2.90900625000000e-03   3.40163000276035e-01
  2.92112710937500e-03   3.40163000276035e-01
  2.93324796875000e-03   3.40163000276034e-01
  2.94536882812500e-03   3.40163000276034e-01
  2.95748968750000e-03   3.40163000276034e-01
  2.96961054687500e-03   3.40163000276033e-01
  2.98173140625000e-03   3.40163000276033e-01
  2.99385226562500e-03   3.40163000276033e-01
  3.00597312500000e-03   3.40163000276032e-01
  3.01809398437500e-03   3.40163000276032e-01
  3.03021484375000e-03   3.40163000276031e-01
  3.04233570312500e-03   3.40163000276031e-01
  3.05445656250000e-03   3.40163000276031e-01
  3.06657742187500e-03   3.40163000276030e-01
  3.07869828125000e-03   3.40163000276030e-01
  3.09081914062500e-03   3.40163000276029e-01
  3.10294000000000e-03   3.40163000276029e-01
  3.11506085937500e-03   3.40163000276002e-01
  3.12718171875000e-03   3.40163000275975e-01
  3.13930257812500e-03   3.40163000275947e-01
  3.15142343750000e-03   3.40163000275920e-01
  3.16354429687500e-03   3.40163000275893e-01
  3.17566515625000e-03   3.40163000275866e-01
  3.18778601562500e-03   3.40163000275839e-01
  3.19990687500000e-03   3.40163000275812e-01
  3.21202773437500e-03   3.40163000275784e-01
  3.22414859375000e-03   3.40163000275757e-01
  3.23626945312500e-03   3.40163000275730e-01
  3.24839031250000e-03   3.40163000275703e-01
  3.26051117187500e-03   3.40163000275676e-01
  3.27263203125000e-03   3.40163000275649e-01
  3.28475289062500e-03   3.40163000275622e-01
  3.29687375000000e-03   3.40163000275594e-01
  3.30899460937500e-03   3.40163000275567e-01
  3.32111546875000e-03   3.40163000275540e-01
  3.33323632812500e-03   3.40163000275513e-01
  3.34535718750000e-03   3.40163000275486e-01
  3.35747804687500e-03   3.40163000275459e-01
  3.36959890625000e-03   3.40163000275431e-01
  3.38171976562500e-03   3.40163000275404e-01
  3.39384062500000e-03   3.40163000275377e-01
  3.40596148437500e-03   3.40163000275350e-01
  3.41808234375000e-03   3.40163000275323e-01
  3.43020320312500e-03   3.40163000275296e-01
  3.44232406250000e-03   3.40163000275268e-01
  3.45444492187500e-03   3.40163000275241e-01
  3.46656578125000e-03   3.40163000275214e-01
  3.47868664062500e-03   3.40163000275187e-01
  3.49080750000000e-03   3.40163000275160e-01
  3.50292835937500e-03   3.40163000275133e-01
  3.51504921875000e-03   3.40163000275105e-01
  3.52717007812500e-03   3.40163000275078e-01
  3.53929093750000e-03   3.40163000275051e-01
  3.55141179687500e-03   3.40163000275024e-01
  3.56353265625000e-03   3.40163000274997e-01
  3.57565351562500e-03   3.40163000274970e-01
  3.58777437500000e-03   3.40163000274942e-01
  3.59989523437500e-03   3.40163000274915e-01
  3.61201609375000e-03   3.40163000274888e-01
  3.62413695312500e-03   3.40163000274861e-01
  3.63625781250000e-03   3.40163000274834e-01
  3.64837867187500e-03   3.40163000274807e-01
  3.66049953125000e-03   3.40163000274779e-01
  3.67262039062500e-03   3.40163000274752e-01
  3.68474125000000e-03   3.40163000274725e-01
  3.69686210937500e-03   3.40163000274698e-01
  3.70898296875000e-03   3.40163000274671e-01
  3.72110382812500e-03   3.40163000274644e-01
  3.73322468750000e-03   3.40163000274616e-01
  3.74534554687500e-03   3.40163000274589e-01
  3.75746640625000e-03   3.40163000274562e-01
  3.76958726562500e-03   3.40163000274535e-01
  3.78170812500000e-03   3.40163000274508e-01
  3.79382898437500e-03   3.40163000274481e-01
  3.80594984375000e-03   3.40163000274454e-01
  3.81807070312500e-03   3.40163000274426e-01
  3.83019156250000e-03   3.40163000274399e-01
  3.84231242187500e-03   3.40163000274372e-01
  3.85443328125000e-03   3.40163000274345e-01
  3.86655414062500e-03   3.40163000274318e-01
  3.87867500000000e-03   3.40163000274291e-01
  3.89079585937500e-03   3.40163000274263e-01
  3.90291671875000e-03   3.40163000274236e-01
  3.91503757812500e-03   3.40163000274209e-01
  3.92715843750000e-03   3.40163000274182e-01
  3.93927929687500e-03   3.40163000274155e-01
  3.95140015625000e-03   3.40163000274128e-01
  3.96352101562500e-03   3.40163000274100e-01
  3.97564187500000e-03   3.40163000274073e-01
  3.98776273437500e-03   3.40163000274046e-01
  3.99988359375000e-03   3.40163000274019e-01
  4.01200445312500e-03   3.40163000273992e-01
  4.02412531250000e-03   3.40163000273965e-01
  4.03624617187500e-03   3.40163000273937e-01
  4.04836703125000e-03   3.40163000273910e-01
  4.06048789062500e-03   3.40163000273883e-01
  4.07260875000000e-03   3.40163000273856e-01
  4.08472960937500e-03   3.40163000273829e-01
  4.09685046875000e-03   3.40163000273802e-01
  4.10897132812500e-03   3.40163000273774e-01
  4.12109218750000e-03   3.40163000273747e-01
  4.13321304687500e-03   3.40163000273720e-01
  4.14533390625000e-03   3.40163000273693e-01
  4.15745476562500e-03   3.40163000273666e-01
  4.16957562500000e-03   3.40163000273639e-01
  4.18169648437500e-03   3.40163000273611e-01
  4.19381734375000e-03   3.40163000273584e-01
  4.20593820312500e-03   3.40163000273557e-01
  4.21805906250000e-03   3.40163000273530e-01
  4.23017992187500e-03   3.40163000273503e-01
  4.24230078125000e-03   3.40163000273476e-01
  4.25442164062500e-03   3.40163000273448e-01
  4.26654250000000e-03   3.40163000273421e-01
  4.27866335937500e-03   3.40163000273394e-01
  4.29078421875000e-03   3.40163000273367e-01
  4.30290507812500e-03   3.40163000273340e-01
  4.31502593750000e-03   3.40163000273313e-01
  4.32714679687500e-03   3.40163000273285e-01
  4.33926765625000e-03   3.40163000273258e-01
  4.35138851562500e-03   3.40163000273231e-01
  4.36350937500000e-03   3.40163000273204e-01
  4.37563023437500e-03   3.40163000273177e-01
  4.38775109375000e-03   3.40163000273150e-01
  4.39987195312500e-03   3.40163000273123e-01
  4.41199281250000e-03   3.40163000273095e-01
  4.42411367187500e-03   3.40163000273068e-01
  4.43623453125000e-03   3.40163000273041e-01
  4.44835539062500e-03   3.40163000273014e-01
  4.46047625000000e-03   3.40163000272987e-01
  4.47259710937500e-03   3.40163000272960e-01
  4.48471796875000e-03   3.40163000272932e-01
  4.49683882812500e-03   3.40163000272905e-01
  4.50895968750000e-03   3.40163000272878e-01
  4.52108054687500e-03   3.40163000272851e-01
  4.53320140625000e-03   3.40163000272824e-01
  4.54532226562500e-03   3.40163000272797e-01
  4.55744312500000e-03   3.40163000272769e-01
  4.56956398437500e-03   3.40163000272742e-01
  4.58168484375000e-03   3.40163000272715e-01
  4.59380570312500e-03   3.40163000272688e-01
  4.60592656250000e-03   3.40163000272661e-01
  4.61804742187500e-03   3.40163000272634e-01
  4.63016828125000e-03   3.40163000272606e-01
  4.64228914062500e-03   3.40163000272579e-01
  4.65441000000000e-03   3.40163000272552e-01
  4.66653085937500e-03   3.40163000272525e-01
  4.67865171875000e-03   3.40163000272498e-01
  4.69077257812500e-03   3.40163000272471e-01
  4.70289343750000e-03   3.40163000272443e-01
  4.71501429687500e-03   3.40163000272416e-01
  4.72713515625000e-03   3.40163000272389e-01
  4.73925601562500e-03   3.40163000272362e-01
  4.75137687500000e-03   3.40163000272335e-01
  4.76349773437500e-03   3.40163000272308e-01
  4.77561859375000e-03   3.40163000272280e-01
  4.78773945312500e-03   3.40163000272253e-01
  4.79986031250000e-03   3.40163000272226e-01
  4.81198117187500e-03   3.40163000272199e-01
  4.82410203125000e-03   3.40163000272172e-01
  4.83622289062500e-03   3.40163000272145e-01
  4.84834375000000e-03   3.40163000272117e-01
  4.86046460937500e-03   3.40163000272090e-01
  4.87258546875000e-03   3.40163000272063e-01
  4.88470632812500e-03   3.40163000272036e-01
  4.89682718750000e-03   3.40163000272009e-01
  4.90894804687500e-03   3.40163000271982e-01
  4.92106890625000e-03   3.40163000271955e-01
  4.93318976562500e-03   3.40163000271927e-01
  4.94531062500000e-03   3.40163000271900e-01
  4.95743148437500e-03   3.40163000271873e-01
  4.96955234375000e-03   3.40163000271846e-01
  4.98167320312500e-03   3.40163000271819e-01
  4.99379406250000e-03   3.40163000271792e-01
  5.00591492187500e-03   3.40163000271764e-01
  5.01803578125000e-03   3.40163000271737e-01
  5.03015664062500e-03   3.40163000271710e-01
  5.04227750000000e-03   3.40163000271683e-01
  5.05439835937500e-03   3.40163000271656e-01
  5.06651921875000e-03   3.40163000271629e-01
  5.07864007812500e-03   3.40163000271601e-01
  5.09076093750000e-03   3.40163000271574e-01
  5.10288179687500e-03   3.40163000271547e-01
  5.11500265625000e-03   3.40163000271520e-01
  5.12712351562500e-03   3.40163000271493e-01
  5.13924437500000e-03   3.40163000271466e-01
  5.15136523437500e-03   3.40163000271438e-01
  5.16348609375000e-03   3.40163000271411e-01
  5.17560695312500e-03   3.40163000271384e-01
  5.18772781250000e-03   3.40163000271357e-01
  5.19984867187500e-03   3.40163000271330e-01
  5.21196953125000e-03   3.40163000271303e-01
  5.22409039062500e-03   3.40163000271275e-01
  5.23621125000000e-03   3.40163000271248e-01
  5.24833210937500e-03   3.40163000271221e-01
  5.26045296875000e-03   3.40163000271194e-01
  5.27257382812500e-03   3.40163000271167e-01
  5.28469468750000e-03   3.40163000271140e-01
  5.29681554687500e-03   3.40163000271112e-01
  5.30893640625000e-03   3.40163000271085e-01
  5.32105726562500e-03   3.40163000271058e-01
  5.33317812500000e-03   3.40163000271031e-01
  5.34529898437500e-03   3.40163000271004e-01
  5.35741984375000e-03   3.40163000270977e-01
  5.36954070312500e-03   3.40163000270949e-01
  5.38166156250000e-03   3.40163000270922e-01
  5.39378242187500e-03   3.40163000270895e-01
  5.40590328125000e-03   3.40163000270868e-01
  5.41802414062500e-03   3.40163000270841e-01
  5.43014500000000e-03   3.40163000270814e-01
  5.44226585937500e-03   3.40163000270786e-01
  5.45438671875000e-03   3.40163000270759e-01
  5.46650757812500e-03   3.40163000270732e-01
  5.47862843750000e-03   3.40163000270705e-01
  5.49074929687500e-03   3.40163000270678e-01
  5.50287015625000e-03   3.40163000270651e-01
  5.51499101562500e-03   3.40163000270624e-01
  5.52711187500000e-03   3.40163000270596e-01
  5.53923273437500e-03   3.40163000270569e-01
  5.55135359375000e-03   3.40163000270542e-01
  5.56347445312500e-03   3.40163000270515e-01
  5.57559531250000e-03   3.40163000270488e-01
  5.58771617187500e-03   3.40163000270461e-01
  5.59983703125000e-03   3.40163000270433e-01
  5.61195789062500e-03   3.40163000270406e-01
  5.62407875000000e-03   3.40163000270379e-01
  5.63619960937500e-03   3.40163000270352e-01
  5.64832046875000e-03   3.40163000270325e-01
  5.66044132812500e-03   3.40163000270298e-01
  5.67256218750000e-03   3.40163000270270e-01
  5.68468304687500e-03   3.40163000270243e-01
  5.69680390625000e-03   3.40163000270216e-01
  5.70892476562500e-03   3.40163000270189e-01
  5.72104562500000e-03   3.40163000270162e-01
  5.73316648437500e-03   3.40163000270135e-01
  5.74528734375000e-03   3.40163000270107e-01
  5.75740820312500e-03   3.40163000270080e-01
  5.76952906250000e-03   3.40163000270053e-01
  5.78164992187500e-03   3.40163000270026e-01
  5.79377078125000e-03   3.40163000269999e-01
  5.80589164062500e-03   3.40163000269972e-01
  5.81801250000000e-03   3.40163000269944e-01
  5.83013335937500e-03   3.40163000269917e-01
  5.84225421875000e-03   3.40163000269890e-01
  5.85437507812500e-03   3.40163000269863e-01
  5.86649593750000e-03   3.40163000269836e-01
  5.87861679687500e-03   3.40163000269809e-01
  5.89073765625000e-03   3.40163000269781e-01
  5.90285851562500e-03   3.40163000269754e-01
  5.91497937500000e-03   3.40163000269727e-01
  5.92710023437500e-03   3.40163000269700e-01
  5.93922109375000e-03   3.40163000269673e-01
  5.95134195312500e-03   3.40163000269646e-01
  5.96346281250000e-03   3.40163000269618e-01
  5.97558367187500e-03   3.40163000269591e-01
  5.98770453125000e-03   3.40163000269564e-01
  5.99982539062500e-03   3.40163000269537e-01
  6.01194625000000e-03   3.40163000269510e-01
  6.02406710937500e-03   3.40163000269483e-01
  6.03618796875000e-03   3.40163000269456e-01
  6.04830882812500e-03   3.40163000269428e-01
  6.06042968750000e-03   3.40163000269401e-01
  6.07255054687500e-03   3.40163000269374e-01
  6.08467140625000e-03   3.40163000269347e-01
  6.09679226562500e-03   3.40163000269320e-01
  6.10891312500000e-03   3.40163000269293e-01
  6.12103398437500e-03   3.40163000269265e-01
  6.13315484375000e-03   3.40163000269238e-01
  6.14527570312500e-03   3.40163000269211e-01
  6.15739656250000e-03   3.40163000269184e-01
  6.16951742187500e-03   3.40163000269157e-01
  6.18163828125000e-03   3.40163000269130e-01
  6.19375914062500e-03   3.40163000269102e-01
  6.20588000000000e-03   3.40163000269075e-01
  6.21800085937500e-03   3.40163000267719e-01
  6.23012171875000e-03   3.40163000266362e-01
  6.24224257812500e-03   3.40163000265005e-01
  6.25436343750000e-03   3.40163000263649e-01
  6.26648429687500e-03   3.40163000262292e-01
  6.27860515625000e-03   3.40163000260935e-01
  6.29072601562500e-03   3.40163000259579e-01
  6.30284687500000e-03   3.40163000258222e-01
  6.31496773437500e-03   3.40163000256865e-01
  6.32708859375000e-03   3.40163000255509e-01
  6.33920945312500e-03   3.40163000254152e-01
  6.35133031250000e-03   3.40163000252795e-01
  6.36345117187500e-03   3.40163000251439e-01
  6.37557203125000e-03   3.40163000250082e-01
  6.38769289062500e-03   3.40163000248725e-01
  6.39981375000000e-03   3.40163000247369e-01
  6.41193460937500e-03   3.40163000246012e-01
  6.42405546875000e-03   3.40163000244655e-01
  6.43617632812500e-03   3.40163000243299e-01
  6.44829718750000e-03   3.40163000241942e-01
  6.46041804687500e-03   3.40163000240585e-01
  6.47253890625000e-03   3.40163000239229e-01
  6.48465976562500e-03   3.40163000237872e-01
  6.49678062500000e-03   3.40163000236515e-01
  6.50890148437500e-03   3.40163000235159e-01
  6.52102234375000e-03   3.40163000233802e-01
  6.53314320312500e-03   3.40163000232446e-01
  6.54526406250000e-03   3.40163000231089e-01
  6.55738492187500e-03   3.40163000229732e-01
  6.56950578125000e-03   3.40163000228376e-01
  6.58162664062500e-03   3.40163000227019e-01
  6.59374750000000e-03   3.40163000225662e-01
  6.60586835937500e-03   3.40163000224306e-01
  6.61798921875000e-03   3.40163000222949e-01
  6.63011007812500e-03   3.40163000221592e-01
  6.64223093750000e-03   3.40163000220236e-01
  6.65435179687500e-03   3.40163000218879e-01
  6.66647265625000e-03   3.40163000217522e-01
  6.67859351562500e-03   3.40163000216166e-01
  6.69071437500000e-03   3.40163000214809e-01
  6.70283523437500e-03   3.40163000213452e-01
  6.71495609375000e-03   3.40163000212096e-01
  6.72707695312500e-03   3.40163000210739e-01
  6.73919781250000e-03   3.40163000209382e-01
  6.75131867187500e-03   3.40163000208026e-01
  6.76343953125000e-03   3.40163000206669e-01
  6.77556039062500e-03   3.40163000205312e-01
  6.78768125000000e-03   3.40163000203956e-01
  6.79980210937500e-03   3.40163000202599e-01
  6.81192296875000e-03   3.40163000201242e-01
  6.82404382812500e-03   3.40163000199886e-01
  6.83616468750000e-03   3.40163000198529e-01
  6.84828554687500e-03   3.40163000197172e-01
  6.86040640625000e-03   3.40163000195816e-01
  6.87252726562500e-03   3.40163000194459e-01
  6.88464812500000e-03   3.40163000193102e-01
  6.89676898437500e-03   3.40163000191746e-01
  6.90888984375000e-03   3.40163000190389e-01
  6.92101070312500e-03   3.40163000189033e-01
  6.93313156250000e-03   3.40163000187676e-01
  6.94525242187500e-03   3.40163000186319e-01
  6.95737328125000e-03   3.40163000184963e-01
  6.96949414062500e-03   3.40163000183606e-01
  6.98161500000000e-03   3.40163000182249e-01
  6.99373585937500e-03   3.40163000180893e-01
  7.00585671875000e-03   3.40163000179536e-01
  7.01797757812500e-03   3.40163000178179e-01
  7.03009843750000e-03   3.40163000176823e-01
  7.04221929687500e-03   3.40163000175466e-01
  7.05434015625000e-03   3.40163000174109e-01
  7.06646101562500e-03   3.40163000172753e-01
  7.07858187500000e-03   3.40163000171396e-01
  7.09070273437500e-03   3.40163000170039e-01
  7.10282359375000e-03   3.40163000168683e-01
  7.11494445312500e-03   3.40163000167326e-01
  7.12706531250000e-03   3.40163000165969e-01
  7.13918617187500e-03   3.40163000164613e-01
  7.15130703125000e-03   3.40163000163256e-01
  7.16342789062500e-03   3.40163000161899e-01
  7.17554875000000e-03   3.40163000160543e-01
  7.18766960937500e-03   3.40163000159186e-01
  7.19979046875000e-03   3.40163000157829e-01
  7.21191132812500e-03   3.40163000156473e-01
  7.22403218750000e-03   3.40163000155116e-01
  7.23615304687500e-03   3.40163000153759e-01
  7.24827390625000e-03   3.40163000152403e-01
  7.26039476562500e-03   3.40163000151046e-01
  7.27251562500000e-03   3.40163000149689e-01
  7.28463648437500e-03   3.40163000148333e-01
  7.29675734375000e-03   3.40163000146976e-01
  7.30887820312500e-03   3.40163000145619e-01
  7.32099906250000e-03   3.40163000144263e-01
  7.33311992187500e-03   3.40163000142906e-01
  7.34524078125000e-03   3.40163000141549e-01
  7.35736164062500e-03   3.40163000140193e-01
  7.36948250000000e-03   3.40163000138836e-01
  7.38160335937500e-03   3.40163000137480e-01
  7.39372421875000e-03   3.40163000136123e-01
  7.40584507812500e-03   3.40163000134766e-01
  7.41796593750000e-03   3.40163000133410e-01
  7.43008679687500e-03   3.40163000132053e-01
  7.44220765625000e-03   3.40163000130696e-01
  7.45432851562500e-03   3.40163000129340e-01
  7.46644937500000e-03   3.40163000127983e-01
  7.47857023437500e-03   3.40163000126626e-01
  7.49069109375000e-03   3.40163000125270e-01
  7.50281195312500e-03   3.40163000123913e-01
  7.51493281250000e-03   3.40163000122556e-01
  7.52705367187500e-03   3.40163000121200e-01
  7.53917453125000e-03   3.40163000119843e-01
  7.55129539062500e-03   3.40163000118486e-01
  7.56341625000000e-03   3.40163000117130e-01
  7.57553710937500e-03   3.40163000115773e-01
  7.58765796875000e-03   3.40163000114416e-01
  7.59977882812500e-03   3.40163000113060e-01
  7.61189968750000e-03   3.40163000111703e-01
  7.62402054687500e-03   3.40163000110346e-01
  7.63614140625000e-03   3.40163000108990e-01
  7.64826226562500e-03   3.40163000107633e-01
  7.66038312500000e-03   3.40163000106276e-01
  7.67250398437500e-03   3.40163000104920e-01
  7.68462484375000e-03   3.40163000103563e-01
  7.69674570312500e-03   3.40163000102206e-01
  7.70886656250000e-03   3.40163000100850e-01
  7.72098742187500e-03   3.40163000099493e-01
  7.73310828125000e-03   3.40163000098136e-01
  7.74522914062500e-03   3.40163000096780e-01
  7.75735000000000e-03   3.40163000095423e-01
  7.76947085937500e-03   3.40163000060886e-01
  7.78159171875000e-03   3.40163000026349e-01
  7.79371257812500e-03   3.40162999991813e-01
  7.80583343750000e-03   3.40162999957276e-01
  7.81795429687500e-03   3.40162999922739e-01
  7.83007515625000e-03   3.40162999888202e-01
  7.84219601562500e-03   3.40162999853665e-01
  7.85431687500000e-03   3.40162999819128e-01
  7.86643773437500e-03   3.40162999784592e-01
  7.87855859375000e-03   3.40162999750055e-01
  7.89067945312500e-03   3.40162999715518e-01
  7.90280031250000e-03   3.40162999680981e-01
  7.91492117187500e-03   3.40162999646444e-01
  7.92704203125000e-03   3.40162999611907e-01
  7.93916289062500e-03   3.40162999577371e-01
  7.95128375000000e-03   3.40162999542834e-01
  7.96340460937500e-03   3.40162999508297e-01
  7.97552546875000e-03   3.40162999473760e-01
  7.98764632812500e-03   3.40162999439223e-01
  7.99976718750000e-03   3.40162999404686e-01
  8.01188804687500e-03   3.40162999370150e-01
  8.02400890625000e-03   3.40162999335613e-01
  8.03612976562500e-03   3.40162999301076e-01
  8.04825062500000e-03   3.40162999266539e-01
  8.06037148437500e-03   3.40162999232002e-01
  8.07249234375000e-03   3.40162999197465e-01
  8.08461320312500e-03   3.40162999162928e-01
  8.09673406250000e-03   3.40162999128392e-01
  8.10885492187500e-03   3.40162999093855e-01
  8.12097578125000e-03   3.40162999059318e-01
  8.13309664062500e-03   3.40162999024781e-01
  8.14521750000000e-03   3.40162998990244e-01
  8.15733835937500e-03   3.40162998955707e-01
  8.16945921875000e-03   3.40162998921171e-01
  8.18158007812500e-03   3.40162998886634e-01
  8.19370093750000e-03   3.40162998852097e-01
  8.20582179687500e-03   3.40162998817560e-01
  8.21794265625000e-03   3.40162998783023e-01
  8.23006351562500e-03   3.40162998748486e-01
  8.24218437500000e-03   3.40162998713950e-01
  8.25430523437500e-03   3.40162998679413e-01
  8.26642609375000e-03   3.40162998644876e-01
  8.27854695312500e-03   3.40162998610339e-01
  8.29066781250000e-03   3.40162998575802e-01
  8.30278867187500e-03   3.40162998541265e-01
  8.31490953125000e-03   3.40162998506729e-01
  8.32703039062500e-03   3.40162998472192e-01
  8.33915125000000e-03   3.40162998437655e-01
  8.35127210937500e-03   3.40162998403118e-01
  8.36339296875000e-03   3.40162998368581e-01
  8.37551382812500e-03   3.40162998334044e-01
  8.38763468750000e-03   3.40162998299508e-01
  8.39975554687500e-03   3.40162998264971e-01
  8.41187640625000e-03   3.40162998230434e-01
  8.42399726562500e-03   3.40162998195897e-01
  8.43611812500000e-03   3.40162998161360e-01
  8.44823898437500e-03   3.40162998126823e-01
  8.46035984375000e-03   3.40162998092286e-01
  8.47248070312500e-03   3.40162998057750e-01
  8.48460156250000e-03   3.40162998023213e-01
  8.49672242187500e-03   3.40162997988676e-01
  8.50884328125000e-03   3.40162997954139e-01
  8.52096414062500e-03   3.40162997919602e-01
  8.53308500000000e-03   3.40162997885065e-01
  8.54520585937500e-03   3.40162997287823e-01
  8.55732671875000e-03   3.40162996690580e-01
  8.56944757812500e-03   3.40162996093337e-01
  8.58156843750000e-03   3.40162995496094e-01
  8.59368929687500e-03   3.40162994898851e-01
  8.60581015625000e-03   3.40162994301609e-01
  8.61793101562500e-03   3.40162993704366e-01
  8.63005187500000e-03   3.40162993107123e-01
  8.64217273437500e-03   3.40162992509880e-01
  8.65429359375000e-03   3.40162991912637e-01
  8.66641445312500e-03   3.40162991315395e-01
  8.67853531250000e-03   3.40162990718152e-01
  8.69065617187500e-03   3.40162990120909e-01
  8.70277703125000e-03   3.40162989523666e-01
  8.71489789062500e-03   3.40162988926423e-01
  8.72701875000000e-03   3.40162988329180e-01
  8.73913960937500e-03   3.40162987731938e-01
  8.75126046875000e-03   3.40162987134695e-01
  8.76338132812500e-03   3.40162986537452e-01
  8.77550218750000e-03   3.40162985940209e-01
  8.78762304687500e-03   3.40162985342966e-01
  8.79974390625000e-03   3.40162984745724e-01
  8.81186476562500e-03   3.40162984148481e-01
  8.82398562500000e-03   3.40162983551238e-01
  8.83610648437500e-03   3.40162982953995e-01
  8.84822734375000e-03   3.40162982356752e-01
  8.86034820312500e-03   3.40162981759510e-01
  8.87246906250000e-03   3.40162981162267e-01
  8.88458992187500e-03   3.40162980565024e-01
  8.89671078125000e-03   3.40162979967781e-01
  8.90883164062500e-03   3.40162979370538e-01
  8.92095250000000e-03   3.40162978773295e-01
  8.93307335937500e-03   3.40162978176053e-01
  8.94519421875000e-03   3.40162977578810e-01
  8.95731507812500e-03   3.40162976981567e-01
  8.96943593750000e-03   3.40162976384324e-01
  8.98155679687500e-03   3.40162975787081e-01
  8.99367765625000e-03   3.40162975189839e-01
  9.00579851562500e-03   3.40162974592596e-01
  9.01791937500000e-03   3.40162973995353e-01
  9.03004023437500e-03   3.40162973398110e-01
  9.04216109375000e-03   3.40162972800867e-01
  9.05428195312500e-03   3.40162972203625e-01
  9.06640281250000e-03   3.40162971606382e-01
  9.07852367187500e-03   3.40162971009139e-01
  9.09064453125000e-03   3.40162970411896e-01
  9.10276539062500e-03   3.40162969814653e-01
  9.11488625000000e-03   3.40162969217411e-01
  9.12700710937500e-03   3.40162968620168e-01
  9.13912796875000e-03   3.40162968022925e-01
  9.15124882812500e-03   3.40162967425682e-01
  9.16336968750000e-03   3.40162966828439e-01
  9.17549054687500e-03   3.40162966231197e-01
  9.18761140625000e-03   3.40162965633954e-01
  9.19973226562500e-03   3.40162965036711e-01
  9.21185312500000e-03   3.40162964439468e-01
  9.22397398437500e-03   3.40162963842225e-01
  9.23609484375000e-03   3.40162963244982e-01
  9.24821570312500e-03   3.40162962647740e-01
  9.26033656250000e-03   3.40162962050497e-01
  9.27245742187500e-03   3.40162961453254e-01
  9.28457828125000e-03   3.40162960856011e-01
  9.29669914062500e-03   3.40162960258768e-01
  9.30882000000000e-03   3.40162959661526e-01
  9.32094085937500e-03   3.40162951776983e-01
  9.33306171875000e-03   3.40162943892441e-01
  9.34518257812500e-03   3.40162936007898e-01
  9.35730343750000e-03   3.40162928123356e-01
  9.36942429687500e-03   3.40162920238814e-01
  9.38154515625000e-03   3.40162912354271e-01
  9.39366601562500e-03   3.40162904469729e-01
  9.40578687500000e-03   3.40162896585186e-01
  9.41790773437500e-03   3.40162888700644e-01
  9.43002859375000e-03   3.40162880816101e-01
  9.44214945312500e-03   3.40162872931559e-01
  9.45427031250000e-03   3.40162865047017e-01
  9.46639117187500e-03   3.40162857162474e-01
  9.47851203125000e-03   3.40162849277932e-01
  9.49063289062500e-03   3.40162841393389e-01
  9.50275375000000e-03   3.40162833508847e-01
  9.51487460937500e-03   3.40162825624304e-01
  9.52699546875000e-03   3.40162817739762e-01
  9.53911632812500e-03   3.40162809855220e-01
  9.55123718750000e-03   3.40162801970677e-01
  9.56335804687500e-03   3.40162794086135e-01
  9.57547890625000e-03   3.40162786201592e-01
  9.58759976562500e-03   3.40162778317050e-01
  9.59972062500000e-03   3.40162770432507e-01
  9.61184148437500e-03   3.40162762547965e-01
  9.62396234375000e-03   3.40162754663423e-01
  9.63608320312500e-03   3.40162746778880e-01
  9.64820406250000e-03   3.40162738894338e-01
  9.66032492187500e-03   3.40162731009795e-01
  9.67244578125000e-03   3.40162723125253e-01
  9.68456664062500e-03   3.40162715240711e-01
  9.69668750000000e-03   3.40162707356168e-01
  9.70880835937500e-03   3.40162651514369e-01
  9.72092921875000e-03   3.40162595672571e-01
  9.73305007812500e-03   3.40162539830772e-01
  9.74517093750000e-03   3.40162483988973e-01
  9.75729179687500e-03   3.40162428147174e-01
  9.76941265625000e-03   3.40162372305375e-01
  9.78153351562500e-03   3.40162316463577e-01
  9.79365437500000e-03   3.40162260621778e-01
  9.80577523437500e-03   3.40162204779979e-01
  9.81789609375000e-03   3.40162148938180e-01
  9.83001695312500e-03   3.40162093096381e-01
  9.84213781250000e-03   3.40162037254583e-01
  9.85425867187500e-03   3.40161981412784e-01
  9.86637953125000e-03   3.40161925570985e-01
  9.87850039062500e-03   3.40161869729186e-01
  9.89062125000000e-03   3.40161813887387e-01
  9.90274210937500e-03   3.40161532916530e-01
  9.91486296875000e-03   3.40161251945673e-01
  9.92698382812500e-03   3.40160970974816e-01
  9.93910468750000e-03   3.40160690003959e-01
  9.95122554687500e-03   3.40160409033102e-01
  9.96334640625000e-03   3.40160128062244e-01
  9.97546726562500e-03   3.40159847091387e-01
  9.98758812500000e-03   3.40159566120530e-01
  9.99970898437500e-03   3.40159285149673e-01
  1.00118298437500e-02   3.40159004178816e-01
  1.00239507031250e-02   3.40158723207959e-01
  1.00360715625000e-02   3.40158442237101e-01
  1.00481924218750e-02   3.40158161266244e-01
  1.00603132812500e-02   3.40157880295387e-01
  1.00724341406250e-02   3.40157599324530e-01
  1.00845550000000e-02   3.40157318353673e-01
  1.00966758593750e-02   3.40155916953643e-01
  1.01087967187500e-02   3.40154515553613e-01
  1.01209175781250e-02   3.40153114153583e-01
  1.01330384375000e-02   3.40151712753553e-01
  1.01451592968750e-02   3.40150311353523e-01
  1.01572801562500e-02   3.40148909953493e-01
  1.01694010156250e-02   3.40147508553463e-01
  1.01815218750000e-02   3.40146107153433e-01
  1.01936427343750e-02   3.40144705753403e-01
  1.02057635937500e-02   3.40143304353373e-01
  1.02178844531250e-02   3.40141902953343e-01
  1.02300053125000e-02   3.40140501553313e-01
  1.02421261718750e-02   3.40139100153283e-01
  1.02542470312500e-02   3.40137698753253e-01
  1.02663678906250e-02   3.40136297353223e-01
  1.02784887500000e-02   3.40134895953193e-01
  1.02906096093750e-02   3.40129393773968e-01
  1.03027304687500e-02   3.40123891594744e-01
  1.03148513281250e-02   3.40118389415520e-01
  1.03269721875000e-02   3.40112887236296e-01
  1.03390930468750e-02   3.40107385057072e-01
  1.03512139062500e-02   3.40101882877847e-01
  1.03633347656250e-02   3.40096380698623e-01
  1.03754556250000e-02   3.40090878519399e-01
  1.03875764843750e-02   3.40075091767944e-01
  1.03996973437500e-02   3.40059305016489e-01
  1.04118182031250e-02   3.40043518265034e-01
  1.04239390625000e-02   3.40027731513579e-01
  1.04360599218750e-02   3.40011944762124e-01
  1.04481807812500e-02   3.39996158010669e-01
  1.04603016406250e-02   3.39980371259214e-01
  1.04724225000000e-02   3.39964584507759e-01
  1.04845433593750e-02   3.39921643055796e-01
  1.04966642187500e-02   3.39878701603832e-01
  1.05087850781250e-02   3.39835760151868e-01
  1.05209059375000e-02   3.39792818699905e-01
  1.05330267968750e-02   3.39749877247941e-01
  1.05451476562500e-02   3.39706935795977e-01
  1.05572685156250e-02   3.39663994344014e-01
  1.05693893750000e-02   3.39621052892050e-01
  1.05815102343750e-02   3.39532767108053e-01
  1.05936310937500e-02   3.39444481324057e-01
  1.06057519531250e-02   3.39356195540060e-01
  1.06178728125000e-02   3.39267909756063e-01
  1.06299936718750e-02   3.39147988261990e-01
  1.06421145312500e-02   3.39028066767916e-01
  1.06542353906250e-02   3.38908145273843e-01
  1.06663562500000e-02   3.38788223779769e-01
  1.06784771093750e-02   3.38716940590396e-01
  1.06905979687500e-02   3.38645657401024e-01
  1.07027188281250e-02   3.38787395686104e-01
  1.07148396875000e-02   3.38929133971184e-01
  1.07269605468750e-02   3.39668848207806e-01
  1.07390814062500e-02   3.40408562444429e-01
  1.07512022656250e-02   3.42260332104398e-01
  1.07633231250000e-02   3.45589828859597e-01
  1.07754439843750e-02   3.51302653251589e-01
  1.07875648437500e-02   3.60773276217880e-01
  1.07996857031250e-02   3.76014401055491e-01
  1.08118065625000e-02   4.00758998834207e-01
  1.08239274218750e-02   4.40048795442187e-01
  1.08360482812500e-02   5.00504095807301e-01
  1.08481691406250e-02   5.88198770256269e-01
  1.08602900000000e-02   7.08048493725114e-01
  1.08724108593750e-02   8.62365006804520e-01
  1.08845317187500e-02   1.04465476242228e+00
  1.08966525781250e-02   1.23284967368799e+00
  1.09087734375000e-02   1.39944588967576e+00
  1.09208942968750e-02   1.52924864159908e+00
  1.09330151562500e-02   1.62224362342308e+00
  1.09451360156250e-02   1.68629842889526e+00
  1.09572568750000e-02   1.72990490109506e+00
  1.09693777343750e-02   1.75976212998494e+00
  1.09814985937500e-02   1.78048945227909e+00
  1.09936194531250e-02   1.79508188209613e+00
  1.10057403125000e-02   1.80565826223415e+00
  1.10178611718750e-02   1.81346398662143e+00
  1.10299820312500e-02   1.81932097892559e+00
  1.10421028906250e-02   1.82372958399910e+00
  1.10542237500000e-02   1.82717315222739e+00
  1.10663446093750e-02   1.82990011487228e+00
  1.10784654687500e-02   1.83208663218036e+00
  1.10905863281250e-02   1.83385948731390e+00
  1.11027071875000e-02   1.83531111841388e+00
  1.11148280468750e-02   1.83638305022880e+00
  1.11269489062500e-02   1.83745498204373e+00
  1.11390697656250e-02   1.83822756700033e+00
  1.11511906250000e-02   1.83900015195694e+00
  1.11633114843750e-02   1.83957257125451e+00
  1.11754323437500e-02   1.84014499055209e+00
  1.11875532031250e-02   1.84057887623049e+00
  1.11996740625000e-02   1.84101276190889e+00
  1.12117949218750e-02   1.84129793496272e+00
  1.12239157812500e-02   1.84158310801656e+00
  1.12360366406250e-02   1.84186828107039e+00
  1.12481575000000e-02   1.84215345412422e+00
  1.12602783593750e-02   1.84234099369210e+00
  1.12723992187500e-02   1.84252853325998e+00
  1.12845200781250e-02   1.84271607282785e+00
  1.12966409375000e-02   1.84290361239573e+00
  1.13087617968750e-02   1.84303226208966e+00
  1.13208826562500e-02   1.84316091178359e+00
  1.13330035156250e-02   1.84328956147753e+00
  1.13451243750000e-02   1.84341821117146e+00
  1.13572452343750e-02   1.84349061215126e+00
  1.13693660937500e-02   1.84356301313106e+00
  1.13814869531250e-02   1.84363541411086e+00
  1.13936078125000e-02   1.84370781509066e+00
  1.14057286718750e-02   1.84378021607046e+00
  1.14178495312500e-02   1.84385261705026e+00
  1.14299703906250e-02   1.84392501803005e+00
  1.14420912500000e-02   1.84399741900985e+00
  1.14542121093750e-02   1.84403886348058e+00
  1.14663329687500e-02   1.84408030795130e+00
  1.14784538281250e-02   1.84412175242202e+00
  1.14905746875000e-02   1.84416319689275e+00
  1.15026955468750e-02   1.84420464136347e+00
  1.15148164062500e-02   1.84424608583419e+00
  1.15269372656250e-02   1.84428753030492e+00
  1.15390581250000e-02   1.84432897477564e+00
  1.15511789843750e-02   1.84435368442008e+00
  1.15632998437500e-02   1.84437839406452e+00
  1.15754207031250e-02   1.84440310370895e+00
  1.15875415625000e-02   1.84442781335339e+00
  1.15996624218750e-02   1.84445252299783e+00
  1.16117832812500e-02   1.84447723264226e+00
  1.16239041406250e-02   1.84450194228670e+00
  1.16360250000000e-02   1.84452665193114e+00
  1.16481458593750e-02   1.84453751682415e+00
  1.16602667187500e-02   1.84454838171717e+00
  1.16723875781250e-02   1.84455924661018e+00
  1.16845084375000e-02   1.84457011150320e+00
  1.16966292968750e-02   1.84458097639622e+00
  1.17087501562500e-02   1.84459184128923e+00
  1.17208710156250e-02   1.84460270618225e+00
  1.17329918750000e-02   1.84461357107527e+00
  1.17451127343750e-02   1.84462443596828e+00
  1.17572335937500e-02   1.84463530086130e+00
  1.17693544531250e-02   1.84464616575431e+00
  1.17814753125000e-02   1.84465703064733e+00
  1.17935961718750e-02   1.84466789554035e+00
  1.18057170312500e-02   1.84467876043336e+00
  1.18178378906250e-02   1.84468962532638e+00
  1.18299587500000e-02   1.84470049021940e+00
  1.18420796093750e-02   1.84470524453605e+00
  1.18542004687500e-02   1.84470999885271e+00
  1.18663213281250e-02   1.84471475316937e+00
  1.18784421875000e-02   1.84471950748603e+00
  1.18905630468750e-02   1.84472426180269e+00
  1.19026839062500e-02   1.84472901611935e+00
  1.19148047656250e-02   1.84473377043601e+00
  1.19269256250000e-02   1.84473852475267e+00
  1.19390464843750e-02   1.84474327906933e+00
  1.19511673437500e-02   1.84474803338599e+00
  1.19632882031250e-02   1.84475278770265e+00
  1.19754090625000e-02   1.84475754201931e+00
  1.19875299218750e-02   1.84476229633597e+00
  1.19996507812500e-02   1.84476705065263e+00
  1.20117716406250e-02   1.84477180496928e+00
  1.20238925000000e-02   1.84477655928594e+00
  1.20360133593750e-02   1.84477787734769e+00
  1.20481342187500e-02   1.84477919540943e+00
  1.20602550781250e-02   1.84478051347117e+00
  1.20723759375000e-02   1.84478183153291e+00
  1.20844967968750e-02   1.84478314959465e+00
  1.20966176562500e-02   1.84478446765639e+00
  1.21087385156250e-02   1.84478578571813e+00
  1.21208593750000e-02   1.84478710377987e+00
  1.21329802343750e-02   1.84478842184162e+00
  1.21451010937500e-02   1.84478973990336e+00
  1.21572219531250e-02   1.84479105796510e+00
  1.21693428125000e-02   1.84479237602684e+00
  1.21814636718750e-02   1.84479369408858e+00
  1.21935845312500e-02   1.84479501215032e+00
  1.22057053906250e-02   1.84479633021206e+00
  1.22178262500000e-02   1.84479764827381e+00
  1.22299471093750e-02   1.84479896633555e+00
  1.22420679687500e-02   1.84480028439729e+00
  1.22541888281250e-02   1.84480160245903e+00
  1.22663096875000e-02   1.84480292052077e+00
  1.22784305468750e-02   1.84480423858251e+00
  1.22905514062500e-02   1.84480555664425e+00
  1.23026722656250e-02   1.84480687470599e+00
  1.23147931250000e-02   1.84480819276774e+00
  1.23269139843750e-02   1.84480951082948e+00
  1.23390348437500e-02   1.84481082889122e+00
  1.23511557031250e-02   1.84481214695296e+00
  1.23632765625000e-02   1.84481346501470e+00
  1.23753974218750e-02   1.84481478307644e+00
  1.23875182812500e-02   1.84481610113818e+00
  1.23996391406250e-02   1.84481741919993e+00
  1.24117600000000e-02   1.84481873726167e+00
  1.24238808593750e-02   1.84481893889060e+00
  1.24360017187500e-02   1.84481914051954e+00
  1.24481225781250e-02   1.84481934214847e+00
  1.24602434375000e-02   1.84481954377741e+00
  1.24723642968750e-02   1.84481974540634e+00
  1.24844851562500e-02   1.84481994703528e+00
  1.24966060156250e-02   1.84482014866421e+00
  1.25087268750000e-02   1.84482035029315e+00
  1.25208477343750e-02   1.84482055192208e+00
  1.25329685937500e-02   1.84482075355102e+00
  1.25450894531250e-02   1.84482095517996e+00
  1.25572103125000e-02   1.84482115680889e+00
  1.25693311718750e-02   1.84482135843783e+00
  1.25814520312500e-02   1.84482156006676e+00
  1.25935728906250e-02   1.84482176169570e+00
  1.26056937500000e-02   1.84482196332463e+00
  1.26178146093750e-02   1.84482216495357e+00
  1.26299354687500e-02   1.84482236658250e+00
  1.26420563281250e-02   1.84482256821144e+00
  1.26541771875000e-02   1.84482276984037e+00
  1.26662980468750e-02   1.84482297146931e+00
  1.26784189062500e-02   1.84482317309824e+00
  1.26905397656250e-02   1.84482337472718e+00
  1.27026606250000e-02   1.84482357635611e+00
  1.27147814843750e-02   1.84482377798505e+00
  1.27269023437500e-02   1.84482397961399e+00
  1.27390232031250e-02   1.84482418124292e+00
  1.27511440625000e-02   1.84482438287186e+00
  1.27632649218750e-02   1.84482458450079e+00
  1.27753857812500e-02   1.84482478612973e+00
  1.27875066406250e-02   1.84482498775866e+00
  1.27996275000000e-02   1.84482518938760e+00
  1.28117483593750e-02   1.84482539101653e+00
  1.28238692187500e-02   1.84482559264547e+00
  1.28359900781250e-02   1.84482579427440e+00
  1.28481109375000e-02   1.84482599590334e+00
  1.28602317968750e-02   1.84482619753227e+00
  1.28723526562500e-02   1.84482639916121e+00
  1.28844735156250e-02   1.84482660079014e+00
  1.28965943750000e-02   1.84482680241908e+00
  1.29087152343750e-02   1.84482700404802e+00
  1.29208360937500e-02   1.84482720567695e+00
  1.29329569531250e-02   1.84482740730589e+00
  1.29450778125000e-02   1.84482760893482e+00
  1.29571986718750e-02   1.84482781056376e+00
  1.29693195312500e-02   1.84482801219269e+00
  1.29814403906250e-02   1.84482821382163e+00
  1.29935612500000e-02   1.84482841545056e+00
  1.30056821093750e-02   1.84482861707950e+00
  1.30178029687500e-02   1.84482881870843e+00
  1.30299238281250e-02   1.84482902033737e+00
  1.30420446875000e-02   1.84482922196630e+00
  1.30541655468750e-02   1.84482942359524e+00
  1.30662864062500e-02   1.84482962522417e+00
  1.30784072656250e-02   1.84482982685311e+00
  1.30905281250000e-02   1.84483002848205e+00
  1.31026489843750e-02   1.84483023011098e+00
  1.31147698437500e-02   1.84483043173992e+00
  1.31268907031250e-02   1.84483063336885e+00
  1.31390115625000e-02   1.84483083499779e+00
  1.31511324218750e-02   1.84483103662672e+00
  1.31632532812500e-02   1.84483123825566e+00
  1.31753741406250e-02   1.84483143988459e+00
  1.31874950000000e-02   1.84483164151353e+00
  1.31996158593750e-02   1.84483167172579e+00
  1.32117367187500e-02   1.84483170193804e+00
  1.32238575781250e-02   1.84483173215030e+00
  1.32359784375000e-02   1.84483176236256e+00
  1.32480992968750e-02   1.84483179257481e+00
  1.32602201562500e-02   1.84483182278707e+00
  1.32723410156250e-02   1.84483185299933e+00
  1.32844618750000e-02   1.84483188321159e+00
  1.32965827343750e-02   1.84483191342384e+00
  1.33087035937500e-02   1.84483194363610e+00
  1.33208244531250e-02   1.84483197384836e+00
  1.33329453125000e-02   1.84483200406061e+00
  1.33450661718750e-02   1.84483203427287e+00
  1.33571870312500e-02   1.84483206448513e+00
  1.33693078906250e-02   1.84483209469738e+00
  1.33814287500000e-02   1.84483212490964e+00
  1.33935496093750e-02   1.84483215512190e+00
  1.34056704687500e-02   1.84483218533416e+00
  1.34177913281250e-02   1.84483221554641e+00
  1.34299121875000e-02   1.84483224575867e+00
  1.34420330468750e-02   1.84483227597093e+00
  1.34541539062500e-02   1.84483230618318e+00
  1.34662747656250e-02   1.84483233639544e+00
  1.34783956250000e-02   1.84483236660770e+00
  1.34905164843750e-02   1.84483239681996e+00
  1.35026373437500e-02   1.84483242703221e+00
  1.35147582031250e-02   1.84483245724447e+00
  1.35268790625000e-02   1.84483248745673e+00
  1.35389999218750e-02   1.84483251766898e+00
  1.35511207812500e-02   1.84483254788124e+00
  1.35632416406250e-02   1.84483257809350e+00
  1.35753625000000e-02   1.84483260830576e+00
  1.35874833593750e-02   1.84483263851801e+00
  1.35996042187500e-02   1.84483266873027e+00
  1.36117250781250e-02   1.84483269894253e+00
  1.36238459375000e-02   1.84483272915478e+00
  1.36359667968750e-02   1.84483275936704e+00
  1.36480876562500e-02   1.84483278957930e+00
  1.36602085156250e-02   1.84483281979155e+00
  1.36723293750000e-02   1.84483285000381e+00
  1.36844502343750e-02   1.84483288021607e+00
  1.36965710937500e-02   1.84483291042833e+00
  1.37086919531250e-02   1.84483294064058e+00
  1.37208128125000e-02   1.84483297085284e+00
  1.37329336718750e-02   1.84483300106510e+00
  1.37450545312500e-02   1.84483303127735e+00
  1.37571753906250e-02   1.84483306148961e+00
  1.37692962500000e-02   1.84483309170187e+00
  1.37814171093750e-02   1.84483312191413e+00
  1.37935379687500e-02   1.84483315212638e+00
  1.38056588281250e-02   1.84483318233864e+00
  1.38177796875000e-02   1.84483321255090e+00
  1.38299005468750e-02   1.84483324276315e+00
  1.38420214062500e-02   1.84483327297541e+00
  1.38541422656250e-02   1.84483330318767e+00
  1.38662631250000e-02   1.84483333339992e+00
  1.38783839843750e-02   1.84483336361218e+00
  1.38905048437500e-02   1.84483339382444e+00
  1.39026257031250e-02   1.84483342403670e+00
  1.39147465625000e-02   1.84483345424895e+00
  1.39268674218750e-02   1.84483348446121e+00
  1.39389882812500e-02   1.84483351467347e+00
  1.39511091406250e-02   1.84483354488572e+00
  1.39632300000000e-02   1.84483357509798e+00
  1.39753508593750e-02   1.84483357749227e+00
  1.39874717187500e-02   1.84483357988655e+00
  1.39995925781250e-02   1.84483358228083e+00
  1.40117134375000e-02   1.84483358467512e+00
  1.40238342968750e-02   1.84483358706940e+00
  1.40359551562500e-02   1.84483358946369e+00
  1.40480760156250e-02   1.84483359185797e+00
  1.40601968750000e-02   1.84483359425226e+00
  1.40723177343750e-02   1.84483359664654e+00
  1.40844385937500e-02   1.84483359904082e+00
  1.40965594531250e-02   1.84483360143511e+00
  1.41086803125000e-02   1.84483360382939e+00
  1.41208011718750e-02   1.84483360622368e+00
  1.41329220312500e-02   1.84483360861796e+00
  1.41450428906250e-02   1.84483361101225e+00
  1.41571637500000e-02   1.84483361340653e+00
  1.41692846093750e-02   1.84483361580081e+00
  1.41814054687500e-02   1.84483361819510e+00
  1.41935263281250e-02   1.84483362058938e+00
  1.42056471875000e-02   1.84483362298367e+00
  1.42177680468750e-02   1.84483362537795e+00
  1.42298889062500e-02   1.84483362777224e+00
  1.42420097656250e-02   1.84483363016652e+00
  1.42541306250000e-02   1.84483363256080e+00
  1.42662514843750e-02   1.84483363495509e+00
  1.42783723437500e-02   1.84483363734937e+00
  1.42904932031250e-02   1.84483363974366e+00
  1.43026140625000e-02   1.84483364213794e+00
  1.43147349218750e-02   1.84483364453223e+00
  1.43268557812500e-02   1.84483364692651e+00
  1.43389766406250e-02   1.84483364932079e+00
  1.43510975000000e-02   1.84483365171508e+00
  1.43632183593750e-02   1.84483365410936e+00
  1.43753392187500e-02   1.84483365650365e+00
  1.43874600781250e-02   1.84483365889793e+00
  1.43995809375000e-02   1.84483366129222e+00
  1.44117017968750e-02   1.84483366368650e+00
  1.44238226562500e-02   1.84483366608078e+00
  1.44359435156250e-02   1.84483366847507e+00
  1.44480643750000e-02   1.84483367086935e+00
  1.44601852343750e-02   1.84483367326364e+00
  1.44723060937500e-02   1.84483367565792e+00
  1.44844269531250e-02   1.84483367805221e+00
  1.44965478125000e-02   1.84483368044649e+00
  1.45086686718750e-02   1.84483368284077e+00
  1.45207895312500e-02   1.84483368523506e+00
  1.45329103906250e-02   1.84483368762934e+00
  1.45450312500000e-02   1.84483369002363e+00
  1.45571521093750e-02   1.84483369241791e+00
  1.45692729687500e-02   1.84483369481220e+00
  1.45813938281250e-02   1.84483369720648e+00
  1.45935146875000e-02   1.84483369960076e+00
  1.46056355468750e-02   1.84483370199505e+00
  1.46177564062500e-02   1.84483370438933e+00
  1.46298772656250e-02   1.84483370678362e+00
  1.46419981250000e-02   1.84483370917790e+00
  1.46541189843750e-02   1.84483371157219e+00
  1.46662398437500e-02   1.84483371396647e+00
  1.46783607031250e-02   1.84483371636075e+00
  1.46904815625000e-02   1.84483371875504e+00
  1.47026024218750e-02   1.84483372114932e+00
  1.47147232812500e-02   1.84483372354361e+00
  1.47268441406250e-02   1.84483372593789e+00
  1.47389650000000e-02   1.84483372833218e+00
  1.47510858593750e-02   1.84483373072646e+00
  1.47632067187500e-02   1.84483373312074e+00
  1.47753275781250e-02   1.84483373551503e+00
  1.47874484375000e-02   1.84483373790931e+00
  1.47995692968750e-02   1.84483374030360e+00
  1.48116901562500e-02   1.84483374269788e+00
  1.48238110156250e-02   1.84483374509217e+00
  1.48359318750000e-02   1.84483374748645e+00
  1.48480527343750e-02   1.84483374988073e+00
  1.48601735937500e-02   1.84483375227502e+00
  1.48722944531250e-02   1.84483375466930e+00
  1.48844153125000e-02   1.84483375706359e+00
  1.48965361718750e-02   1.84483375945787e+00
  1.49086570312500e-02   1.84483376185216e+00
  1.49207778906250e-02   1.84483376424644e+00
  1.49328987500000e-02   1.84483376664072e+00
  1.49450196093750e-02   1.84483376903501e+00
  1.49571404687500e-02   1.84483377142929e+00
  1.49692613281250e-02   1.84483377382358e+00
  1.49813821875000e-02   1.84483377621786e+00
  1.49935030468750e-02   1.84483377861214e+00
  1.50056239062500e-02   1.84483378100643e+00
  1.50177447656250e-02   1.84483378340071e+00
  1.50298656250000e-02   1.84483378579500e+00
  1.50419864843750e-02   1.84483378818928e+00
  1.50541073437500e-02   1.84483379058357e+00
  1.50662282031250e-02   1.84483379297785e+00
  1.50783490625000e-02   1.84483379537213e+00
  1.50904699218750e-02   1.84483379776642e+00
  1.51025907812500e-02   1.84483380016070e+00
  1.51147116406250e-02   1.84483380255499e+00
  1.51268325000000e-02   1.84483380494927e+00
  1.51389533593750e-02   1.84483380734356e+00
  1.51510742187500e-02   1.84483380973784e+00
  1.51631950781250e-02   1.84483381213212e+00
  1.51753159375000e-02   1.84483381452641e+00
  1.51874367968750e-02   1.84483381692069e+00
  1.51995576562500e-02   1.84483381931498e+00
  1.52116785156250e-02   1.84483382170926e+00
  1.52237993750000e-02   1.84483382410355e+00
  1.52359202343750e-02   1.84483382649783e+00
  1.52480410937500e-02   1.84483382889211e+00
  1.52601619531250e-02   1.84483383128640e+00
  1.52722828125000e-02   1.84483383368068e+00
  1.52844036718750e-02   1.84483383607497e+00
  1.52965245312500e-02   1.84483383846925e+00
  1.53086453906250e-02   1.84483384086354e+00
  1.53207662500000e-02   1.84483384325782e+00
  1.53328871093750e-02   1.84483384565210e+00
  1.53450079687500e-02   1.84483384804639e+00
  1.53571288281250e-02   1.84483385044067e+00
  1.53692496875000e-02   1.84483385283496e+00
  1.53813705468750e-02   1.84483385522924e+00
  1.53934914062500e-02   1.84483385762353e+00
  1.54056122656250e-02   1.84483386001781e+00
  1.54177331250000e-02   1.84483386241209e+00
  1.54298539843750e-02   1.84483386480638e+00
  1.54419748437500e-02   1.84483386720066e+00
  1.54540957031250e-02   1.84483386959495e+00
  1.54662165625000e-02   1.84483387198923e+00
  1.54783374218750e-02   1.84483387438352e+00
  1.54904582812500e-02   1.84483387677780e+00
  1.55025791406250e-02   1.84483387917208e+00
  1.55147000000000e-02   1.84483388156637e+00
