  1.21208593750000e-05   1.73043249367678e-02
  2.42417187500000e-05   1.73043249367677e-02
  3.63625781250000e-05   1.73043249367676e-02
  4.84834375000000e-05   1.73043249367675e-02
  6.06042968750000e-05   1.73043249367673e-02
  7.27251562500000e-05   1.73043249367672e-02
  8.48460156250000e-05   1.73043249367671e-02
  9.69668750000000e-05   1.73043249367670e-02
  1.09087734375000e-04   1.73043249367669e-02
  1.21208593750000e-04   1.73043249367668e-02
  1.33329453125000e-04   1.73043249367667e-02
  1.45450312500000e-04   1.73043249367666e-02
  1.57571171875000e-04   1.73043249367665e-02
  1.69692031250000e-04   1.73043249367663e-02
  1.81812890625000e-04   1.73043249367662e-02
  1.93933750000000e-04   1.73043249367661e-02
  2.06054609375000e-04   1.73043249367660e-02
  2.18175468750000e-04   1.73043249367659e-02
  2.30296328125000e-04   1.73043249367658e-02
  2.42417187500000e-04   1.73043249367657e-02
  2.54538046875000e-04   1.73043249367656e-02
  2.66658906250000e-04   1.73043249367654e-02
  2.78779765625000e-04   1.73043249367653e-02
  2.90900625000000e-04   1.73043249367652e-02
  3.03021484375000e-04   1.73043249367651e-02
  3.15142343750000e-04   1.73043249367650e-02
  3.27263203125000e-04   1.73043249367649e-02
  3.39384062500000e-04   1.73043249367648e-02
  3.51504921875000e-04   1.73043249367647e-02
  3.63625781250000e-04   1.73043249367646e-02
  3.75746640625000e-04   1.73043249367644e-02
  3.87867500000000e-04   1.73043249367643e-02
  3.99988359375000e-04   1.73043249367642e-02
  4.12109218750000e-04   1.73043249367641e-02
  4.24230078125000e-04   1.73043249367640e-02
  4.36350937500000e-04   1.73043249367639e-02
  4.48471796875000e-04   1.73043249367638e-02
  4.60592656250000e-04   1.73043249367637e-02
  4.72713515625000e-04   1.73043249367636e-02
  4.84834375000000e-04   1.73043249367634e-02
  4.96955234375000e-04   1.73043249367633e-02
  5.09076093750000e-04   1.73043249367632e-02
  5.21196953125000e-04   1.73043249367631e-02
  5.33317812500000e-04   1.73043249367630e-02
  5.45438671875000e-04   1.73043249367629e-02
  5.57559531250000e-04   1.73043249367628e-02
  5.69680390625000e-04   1.73043249367627e-02
  5.81801250000000e-04   1.73043249367626e-02
  5.93922109375000e-04   1.73043249367624e-02
  6.06042968750000e-04   1.73043249367623e-02
  6.18163828125000e-04   1.73043249367622e-02
  6.30284687500000e-04   1.73043249367621e-02
  6.42405546875000e-04   1.73043249367620e-02
  6.54526406250000e-04   1.73043249367619e-02
  6.66647265625000e-04   1.73043249367618e-02
  6.78768125000000e-04   1.73043249367617e-02
  6.90888984375000e-04   1.73043249367616e-02
  7.03009843750000e-04   1.73043249367614e-02
  7.15130703125000e-04   1.73043249367613e-02
  7.27251562500000e-04   1.73043249367612e-02
  7.39372421875000e-04   1.73043249367611e-02
  7.51493281250000e-04   1.73043249367610e-02
  7.63614140625000e-04   1.73043249367609e-02
  7.75735000000000e-04   1.73043249367608e-02
  7.87855859375000e-04   1.73043249367607e-02
  7.99976718750000e-04   1.73043249367606e-02
  8.12097578125000e-04   1.73043249367604e-02
  8.24218437500000e-04   1.73043249367603e-02
  8.36339296875000e-04   1.73043249367602e-02
  8.48460156250000e-04   1.73043249367601e-02
  8.60581015625000e-04   1.73043249367600e-02
  8.72701875000000e-04   1.73043249367599e-02
  8.84822734375000e-04   1.73043249367598e-02
  8.96943593750000e-04   1.73043249367597e-02
  9.09064453125000e-04   1.73043249367596e-02
  9.21185312500000e-04   1.73043249367594e-02
  9.33306171875000e-04   1.73043249367593e-02
  9.45427031250000e-04   1.73043249367592e-02
  9.57547890625000e-04   1.73043249367591e-02
  9.69668750000000e-04   1.73043249367590e-02
  9.81789609375000e-04   1.73043249367589e-02
  9.93910468750000e-04   1.73043249367588e-02
  1.00603132812500e-03   1.73043249367587e-02
  1.01815218750000e-03   1.73043249367585e-02
  1.03027304687500e-03   1.73043249367584e-02
  1.04239390625000e-03   1.73043249367583e-02
  1.05451476562500e-03   1.73043249367582e-02
  1.06663562500000e-03   1.73043249367581e-02
  1.07875648437500e-03   1.73043249367580e-02
  1.09087734375000e-03   1.73043249367579e-02
  1.10299820312500e-03   1.73043249367578e-02
  1.11511906250000e-03   1.73043249367577e-02
  1.12723992187500e-03   1.73043249367575e-02
  1.13936078125000e-03   1.73043249367574e-02
  1.15148164062500e-03   1.73043249367573e-02
  1.16360250000000e-03   1.73043249367572e-02
  1.17572335937500e-03   1.73043249367571e-02
  1.18784421875000e-03   1.73043249367570e-02
  1.19996507812500e-03   1.73043249367569e-02
  1.21208593750000e-03   1.73043249367568e-02
  1.22420679687500e-03   1.73043249367567e-02
  1.23632765625000e-03   1.73043249367565e-02
  1.24844851562500e-03   1.73043249367564e-02
  1.26056937500000e-03   1.73043249367563e-02
  1.27269023437500e-03   1.73043249367562e-02
  1.28481109375000e-03   1.73043249367561e-02
  1.29693195312500e-03   1.73043249367560e-02
  1.30905281250000e-03   1.73043249367559e-02
  1.32117367187500e-03   1.73043249367558e-02
  1.33329453125000e-03   1.73043249367557e-02
  1.34541539062500e-03   1.73043249367555e-02
  1.35753625000000e-03   1.73043249367554e-02
  1.36965710937500e-03   1.73043249367553e-02
  1.38177796875000e-03   1.73043249367552e-02
  1.39389882812500e-03   1.73043249367551e-02
  1.40601968750000e-03   1.73043249367550e-02
  1.41814054687500e-03   1.73043249367549e-02
  1.43026140625000e-03   1.73043249367548e-02
  1.44238226562500e-03   1.73043249367547e-02
  1.45450312500000e-03   1.73043249367545e-02
  1.46662398437500e-03   1.73043249367544e-02
  1.47874484375000e-03   1.73043249367543e-02
  1.49086570312500e-03   1.73043249367542e-02
  1.50298656250000e-03   1.73043249367541e-02
  1.51510742187500e-03   1.73043249367540e-02
  1.52722828125000e-03   1.73043249367539e-02
  1.53934914062500e-03   1.73043249367538e-02
  1.55147000000000e-03   1.73043249367536e-02
  1.56359085937500e-03   1.73043249367535e-02
  1.57571171875000e-03   1.73043249367534e-02
  1.58783257812500e-03   1.73043249367533e-02
  1.59995343750000e-03   1.73043249367532e-02
  1.61207429687500e-03   1.73043249367531e-02
  1.62419515625000e-03   1.73043249367530e-02
  1.63631601562500e-03   1.73043249367529e-02
  1.64843687500000e-03   1.73043249367528e-02
  1.66055773437500e-03   1.73043249367526e-02
  1.67267859375000e-03   1.73043249367525e-02
  1.68479945312500e-03   1.73043249367524e-02
  1.69692031250000e-03   1.73043249367523e-02
  1.70904117187500e-03   1.73043249367522e-02
  1.72116203125000e-03   1.73043249367521e-02
  1.73328289062500e-03   1.73043249367520e-02
  1.74540375000000e-03   1.73043249367519e-02
  1.75752460937500e-03   1.73043249367518e-02
  1.76964546875000e-03   1.73043249367516e-02
  1.78176632812500e-03   1.73043249367515e-02
  1.79388718750000e-03   1.73043249367514e-02
  1.80600804687500e-03   1.73043249367513e-02
  1.81812890625000e-03   1.73043249367512e-02
  1.83024976562500e-03   1.73043249367511e-02
  1.84237062500000e-03   1.73043249367510e-02
  1.85449148437500e-03   1.73043249367509e-02
  1.86661234375000e-03   1.73043249367508e-02
  1.87873320312500e-03   1.73043249367506e-02
  1.89085406250000e-03   1.73043249367505e-02
  1.90297492187500e-03   1.73043249367504e-02
  1.91509578125000e-03   1.73043249367503e-02
  1.92721664062500e-03   1.73043249367502e-02
  1.93933750000000e-03   1.73043249367501e-02
  1.95145835937500e-03   1.73043249367500e-02
  1.96357921875000e-03   1.73043249367499e-02
  1.97570007812500e-03   1.73043249367498e-02
  1.98782093750000e-03   1.73043249367496e-02
  1.99994179687500e-03   1.73043249367495e-02
  2.01206265625000e-03   1.73043249367494e-02
  2.02418351562500e-03   1.73043249367493e-02
  2.03630437500000e-03   1.73043249367492e-02
  2.04842523437500e-03   1.73043249367491e-02
  2.06054609375000e-03   1.73043249367490e-02
  2.07266695312500e-03   1.73043249367489e-02
  2.08478781250000e-03   1.73043249367488e-02
  2.09690867187500e-03   1.73043249367486e-02
  2.10902953125000e-03   1.73043249367485e-02
  2.12115039062500e-03   1.73043249367484e-02
  2.13327125000000e-03   1.73043249367483e-02
  2.14539210937500e-03   1.73043249367482e-02
  2.15751296875000e-03   1.73043249367481e-02
  2.16963382812500e-03   1.73043249367480e-02
  2.18175468750000e-03   1.73043249367479e-02
  2.19387554687500e-03   1.73043249367477e-02
  2.20599640625000e-03   1.73043249367476e-02
  2.21811726562500e-03   1.73043249367475e-02
  2.23023812500000e-03   1.73043249367474e-02
  2.24235898437500e-03   1.73043249367473e-02
  2.25447984375000e-03   1.73043249367472e-02
  2.26660070312500e-03   1.73043249367471e-02
  2.27872156250000e-03   1.73043249367470e-02
  2.29084242187500e-03   1.73043249367469e-02
  2.30296328125000e-03   1.73043249367467e-02
  2.31508414062500e-03   1.73043249367466e-02
  2.32720500000000e-03   1.73043249367465e-02
  2.33932585937500e-03   1.73043249367464e-02
  2.35144671875000e-03   1.73043249367463e-02
  2.36356757812500e-03   1.73043249367462e-02
  2.37568843750000e-03   1.73043249367461e-02
  2.38780929687500e-03   1.73043249367460e-02
  2.39993015625000e-03   1.73043249367459e-02
  2.41205101562500e-03   1.73043249367457e-02
  2.42417187500000e-03   1.73043249367456e-02
  2.43629273437500e-03   1.73043249367455e-02
  2.44841359375000e-03   1.73043249367454e-02
  2.46053445312500e-03   1.73043249367453e-02
  2.47265531250000e-03   1.73043249367452e-02
  2.48477617187500e-03   1.73043249367451e-02
  2.49689703125000e-03   1.73043249367450e-02
  2.50901789062500e-03   1.73043249367449e-02
  2.52113875000000e-03   1.73043249367447e-02
  2.53325960937500e-03   1.73043249367446e-02
  2.54538046875000e-03   1.73043249367445e-02
  2.55750132812500e-03   1.73043249367444e-02
  2.56962218750000e-03   1.73043249367443e-02
  2.58174304687500e-03   1.73043249367442e-02
  2.59386390625000e-03   1.73043249367441e-02
  2.60598476562500e-03   1.73043249367440e-02
  2.61810562500000e-03   1.73043249367439e-02
  2.63022648437500e-03   1.73043249367437e-02
  2.64234734375000e-03   1.73043249367436e-02
  2.65446820312500e-03   1.73043249367435e-02
  2.66658906250000e-03   1.73043249367434e-02
  2.67870992187500e-03   1.73043249367433e-02
  2.69083078125000e-03   1.73043249367432e-02
  2.70295164062500e-03   1.73043249367431e-02
  2.71507250000000e-03   1.73043249367430e-02
  2.72719335937500e-03   1.73043249367429e-02
  2.73931421875000e-03   1.73043249367427e-02
  2.75143507812500e-03   1.73043249367426e-02
  2.76355593750000e-03   1.73043249367425e-02
  2.77567679687500e-03   1.73043249367424e-02
  2.78779765625000e-03   1.73043249367423e-02
  2.79991851562500e-03   1.73043249367422e-02
  2.81203937500000e-03   1.73043249367421e-02
  2.82416023437500e-03   1.73043249367420e-02
  2.83628109375000e-03   1.73043249367419e-02
  2.84840195312500e-03   1.73043249367417e-02
  2.86052281250000e-03   1.73043249367416e-02
  2.87264367187500e-03   1.73043249367415e-02
  2.88476453125000e-03   1.73043249367414e-02
  2.89688539062500e-03   1.73043249367413e-02
  2.90900625000000e-03   1.73043249367412e-02
  2.92112710937500e-03   1.73043249367411e-02
  2.93324796875000e-03   1.73043249367410e-02
  2.94536882812500e-03   1.73043249367408e-02
  2.95748968750000e-03   1.73043249367407e-02
  2.96961054687500e-03   1.73043249367406e-02
  2.98173140625000e-03   1.73043249367405e-02
  2.99385226562500e-03   1.73043249367404e-02
  3.00597312500000e-03   1.73043249367403e-02
  3.01809398437500e-03   1.73043249367402e-02
  3.03021484375000e-03   1.73043249367401e-02
  3.04233570312500e-03   1.73043249367400e-02
  3.05445656250000e-03   1.73043249367398e-02
  3.06657742187500e-03   1.73043249367397e-02
  3.07869828125000e-03   1.73043249367396e-02
  3.09081914062500e-03   1.73043249367395e-02
  3.10294000000000e-03   1.73043249367394e-02
  3.11506085937500e-03   1.73043249367320e-02
  3.12718171875000e-03   1.73043249367246e-02
  3.13930257812500e-03   1.73043249367173e-02
  3.15142343750000e-03   1.73043249367099e-02
  3.16354429687500e-03   1.73043249367025e-02
  3.17566515625000e-03   1.73043249366951e-02
  3.18778601562500e-03   1.73043249366877e-02
  3.19990687500000e-03   1.73043249366803e-02
  3.21202773437500e-03   1.73043249366730e-02
  3.22414859375000e-03   1.73043249366656e-02
  3.23626945312500e-03   1.73043249366582e-02
  3.24839031250000e-03   1.73043249366508e-02
  3.26051117187500e-03   1.73043249366434e-02
  3.27263203125000e-03   1.73043249366360e-02
  3.28475289062500e-03   1.73043249366287e-02
  3.29687375000000e-03   1.73043249366213e-02
  3.30899460937500e-03   1.73043249366139e-02
  3.32111546875000e-03   1.73043249366065e-02
  3.33323632812500e-03   1.73043249365991e-02
  3.34535718750000e-03   1.73043249365917e-02
  3.35747804687500e-03   1.73043249365844e-02
  3.36959890625000e-03   1.73043249365770e-02
  3.38171976562500e-03   1.73043249365696e-02
  3.39384062500000e-03   1.73043249365622e-02
  3.40596148437500e-03   1.73043249365548e-02
  3.41808234375000e-03   1.73043249365474e-02
  3.43020320312500e-03   1.73043249365401e-02
  3.44232406250000e-03   1.73043249365327e-02
  3.45444492187500e-03   1.73043249365253e-02
  3.46656578125000e-03   1.73043249365179e-02
  3.47868664062500e-03   1.73043249365105e-02
  3.49080750000000e-03   1.73043249365031e-02
  3.50292835937500e-03   1.73043249364958e-02
  3.51504921875000e-03   1.73043249364884e-02
  3.52717007812500e-03   1.73043249364810e-02
  3.53929093750000e-03   1.73043249364736e-02
  3.55141179687500e-03   1.73043249364662e-02
  3.56353265625000e-03   1.73043249364588e-02
  3.57565351562500e-03   1.73043249364515e-02
  3.58777437500000e-03   1.73043249364441e-02
  3.59989523437500e-03   1.73043249364367e-02
  3.61201609375000e-03   1.73043249364293e-02
  3.62413695312500e-03   1.73043249364219e-02
  3.63625781250000e-03   1.73043249364145e-02
  3.64837867187500e-03   1.73043249364072e-02
  3.66049953125000e-03   1.73043249363998e-02
  3.67262039062500e-03   1.73043249363924e-02
  3.68474125000000e-03   1.73043249363850e-02
  3.69686210937500e-03   1.73043249363776e-02
  3.70898296875000e-03   1.73043249363703e-02
  3.72110382812500e-03   1.73043249363629e-02
  3.73322468750000e-03   1.73043249363555e-02
  3.74534554687500e-03   1.73043249363481e-02
  3.75746640625000e-03   1.73043249363407e-02
  3.76958726562500e-03   1.73043249363333e-02
  3.78170812500000e-03   1.73043249363260e-02
  3.79382898437500e-03   1.73043249363186e-02
  3.80594984375000e-03   1.73043249363112e-02
  3.81807070312500e-03   1.73043249363038e-02
  3.83019156250000e-03   1.73043249362964e-02
  3.84231242187500e-03   1.73043249362890e-02
  3.85443328125000e-03   1.73043249362817e-02
  3.86655414062500e-03   1.73043249362743e-02
  3.87867500000000e-03   1.73043249362669e-02
  3.89079585937500e-03   1.73043249362595e-02
  3.90291671875000e-03   1.73043249362521e-02
  3.91503757812500e-03   1.73043249362447e-02
  3.92715843750000e-03   1.73043249362374e-02
  3.93927929687500e-03   1.73043249362300e-02
  3.95140015625000e-03   1.73043249362226e-02
  3.96352101562500e-03   1.73043249362152e-02
  3.97564187500000e-03   1.73043249362078e-02
  3.98776273437500e-03   1.73043249362004e-02
  3.99988359375000e-03   1.73043249361931e-02
  4.01200445312500e-03   1.73043249361857e-02
  4.02412531250000e-03   1.73043249361783e-02
  4.03624617187500e-03   1.73043249361709e-02
  4.04836703125000e-03   1.73043249361635e-02
  4.06048789062500e-03   1.73043249361561e-02
  4.07260875000000e-03   1.73043249361488e-02
  4.08472960937500e-03   1.73043249361414e-02
  4.09685046875000e-03   1.73043249361340e-02
  4.10897132812500e-03   1.73043249361266e-02
  4.12109218750000e-03   1.73043249361192e-02
  4.13321304687500e-03   1.73043249361118e-02
  4.14533390625000e-03   1.73043249361045e-02
  4.15745476562500e-03   1.73043249360971e-02
  4.16957562500000e-03   1.73043249360897e-02
  4.18169648437500e-03   1.73043249360823e-02
  4.19381734375000e-03   1.73043249360749e-02
  4.20593820312500e-03   1.73043249360675e-02
  4.21805906250000e-03   1.73043249360602e-02
  4.23017992187500e-03   1.73043249360528e-02
  4.24230078125000e-03   1.73043249360454e-02
  4.25442164062500e-03   1.73043249360380e-02
  4.26654250000000e-03   1.73043249360306e-02
  4.27866335937500e-03   1.73043249360233e-02
  4.29078421875000e-03   1.73043249360159e-02
  4.30290507812500e-03   1.73043249360085e-02
  4.31502593750000e-03   1.73043249360011e-02
  4.32714679687500e-03   1.73043249359937e-02
  4.33926765625000e-03   1.73043249359863e-02
  4.35138851562500e-03   1.73043249359790e-02
  4.36350937500000e-03   1.73043249359716e-02
  4.37563023437500e-03   1.73043249359642e-02
  4.38775109375000e-03   1.73043249359568e-02
  4.39987195312500e-03   1.73043249359494e-02
  4.41199281250000e-03   1.73043249359420e-02
  4.42411367187500e-03   1.73043249359347e-02
  4.43623453125000e-03   1.73043249359273e-02
  4.44835539062500e-03   1.73043249359199e-02
  4.46047625000000e-03   1.73043249359125e-02
  4.47259710937500e-03   1.73043249359051e-02
  4.48471796875000e-03   1.73043249358977e-02
  4.49683882812500e-03   1.73043249358904e-02
  4.50895968750000e-03   1.73043249358830e-02
  4.52108054687500e-03   1.73043249358756e-02
  4.53320140625000e-03   1.73043249358682e-02
  4.54532226562500e-03   1.73043249358608e-02
  4.55744312500000e-03   1.73043249358534e-02
  4.56956398437500e-03   1.73043249358461e-02
  4.58168484375000e-03   1.73043249358387e-02
  4.59380570312500e-03   1.73043249358313e-02
  4.60592656250000e-03   1.73043249358239e-02
  4.61804742187500e-03   1.73043249358165e-02
  4.63016828125000e-03   1.73043249358091e-02
  4.64228914062500e-03   1.73043249358018e-02
  4.65441000000000e-03   1.73043249357944e-02
  4.66653085937500e-03   1.73043249357870e-02
  4.67865171875000e-03   1.73043249357796e-02
  4.69077257812500e-03   1.73043249357722e-02
  4.70289343750000e-03   1.73043249357648e-02
  4.71501429687500e-03   1.73043249357575e-02
  4.72713515625000e-03   1.73043249357501e-02
  4.73925601562500e-03   1.73043249357427e-02
  4.75137687500000e-03   1.73043249357353e-02
  4.76349773437500e-03   1.73043249357279e-02
  4.77561859375000e-03   1.73043249357205e-02
  4.78773945312500e-03   1.73043249357132e-02
  4.79986031250000e-03   1.73043249357058e-02
  4.81198117187500e-03   1.73043249356984e-02
  4.82410203125000e-03   1.73043249356910e-02
  4.83622289062500e-03   1.73043249356836e-02
  4.84834375000000e-03   1.73043249356763e-02
  4.86046460937500e-03   1.73043249356689e-02
  4.87258546875000e-03   1.73043249356615e-02
  4.88470632812500e-03   1.73043249356541e-02
  4.89682718750000e-03   1.73043249356467e-02
  4.90894804687500e-03   1.73043249356393e-02
  4.92106890625000e-03   1.73043249356320e-02
  4.93318976562500e-03   1.73043249356246e-02
  4.94531062500000e-03   1.73043249356172e-02
  4.95743148437500e-03   1.73043249356098e-02
  4.96955234375000e-03   1.73043249356024e-02
  4.98167320312500e-03   1.73043249355950e-02
  4.99379406250000e-03   1.73043249355877e-02
  5.00591492187500e-03   1.73043249355803e-02
  5.01803578125000e-03   1.73043249355729e-02
  5.03015664062500e-03   1.73043249355655e-02
  5.04227750000000e-03   1.73043249355581e-02
  5.05439835937500e-03   1.73043249355507e-02
  5.06651921875000e-03   1.73043249355434e-02
  5.07864007812500e-03   1.73043249355360e-02
  5.09076093750000e-03   1.73043249355286e-02
  5.10288179687500e-03   1.73043249355212e-02
  5.11500265625000e-03   1.73043249355138e-02
  5.12712351562500e-03   1.73043249355064e-02
  5.13924437500000e-03   1.73043249354991e-02
  5.15136523437500e-03   1.73043249354917e-02
  5.16348609375000e-03   1.73043249354843e-02
  5.17560695312500e-03   1.73043249354769e-02
  5.18772781250000e-03   1.73043249354695e-02
  5.19984867187500e-03   1.73043249354621e-02
  5.21196953125000e-03   1.73043249354548e-02
  5.22409039062500e-03   1.73043249354474e-02
  5.23621125000000e-03   1.73043249354400e-02
  5.24833210937500e-03   1.73043249354326e-02
  5.26045296875000e-03   1.73043249354252e-02
  5.27257382812500e-03   1.73043249354178e-02
  5.28469468750000e-03   1.73043249354105e-02
  5.29681554687500e-03   1.73043249354031e-02
  5.30893640625000e-03   1.73043249353957e-02
  5.32105726562500e-03   1.73043249353883e-02
  5.33317812500000e-03   1.73043249353809e-02
  5.34529898437500e-03   1.73043249353735e-02
  5.35741984375000e-03   1.73043249353662e-02
  5.36954070312500e-03   1.73043249353588e-02
  5.38166156250000e-03   1.73043249353514e-02
  5.39378242187500e-03   1.73043249353440e-02
  5.40590328125000e-03   1.73043249353366e-02
  5.41802414062500e-03   1.73043249353293e-02
  5.43014500000000e-03   1.73043249353219e-02
  5.44226585937500e-03   1.73043249353145e-02
  5.45438671875000e-03   1.73043249353071e-02
  5.46650757812500e-03   1.73043249352997e-02
  5.47862843750000e-03   1.73043249352923e-02
  5.49074929687500e-03   1.73043249352850e-02
  5.50287015625000e-03   1.73043249352776e-02
  5.51499101562500e-03   1.73043249352702e-02
  5.52711187500000e-03   1.73043249352628e-02
  5.53923273437500e-03   1.73043249352554e-02
  5.55135359375000e-03   1.73043249352480e-02
  5.56347445312500e-03   1.73043249352407e-02
  5.57559531250000e-03   1.73043249352333e-02
  5.58771617187500e-03   1.73043249352259e-02
  5.59983703125000e-03   1.73043249352185e-02
  5.61195789062500e-03   1.73043249352111e-02
  5.62407875000000e-03   1.73043249352037e-02
  5.63619960937500e-03   1.73043249351964e-02
  5.64832046875000e-03   1.73043249351890e-02
  5.66044132812500e-03   1.73043249351816e-02
  5.67256218750000e-03   1.73043249351742e-02
  5.68468304687500e-03   1.73043249351668e-02
  5.69680390625000e-03   1.73043249351594e-02
  5.70892476562500e-03   1.73043249351521e-02
  5.72104562500000e-03   1.73043249351447e-02
  5.73316648437500e-03   1.73043249351373e-02
  5.74528734375000e-03   1.73043249351299e-02
  5.75740820312500e-03   1.73043249351225e-02
  5.76952906250000e-03   1.73043249351151e-02
  5.78164992187500e-03   1.73043249351078e-02
  5.79377078125000e-03   1.73043249351004e-02
  5.80589164062500e-03   1.73043249350930e-02
  5.81801250000000e-03   1.73043249350856e-02
  5.83013335937500e-03   1.73043249350782e-02
  5.84225421875000e-03   1.73043249350708e-02
  5.85437507812500e-03   1.73043249350635e-02
  5.86649593750000e-03   1.73043249350561e-02
  5.87861679687500e-03   1.73043249350487e-02
  5.89073765625000e-03   1.73043249350413e-02
  5.90285851562500e-03   1.73043249350339e-02
  5.91497937500000e-03   1.73043249350265e-02
  5.92710023437500e-03   1.73043249350192e-02
  5.93922109375000e-03   1.73043249350118e-02
  5.95134195312500e-03   1.73043249350044e-02
  5.96346281250000e-03   1.73043249349970e-02
  5.97558367187500e-03   1.73043249349896e-02
  5.98770453125000e-03   1.73043249349823e-02
  5.99982539062500e-03   1.73043249349749e-02
  6.01194625000000e-03   1.73043249349675e-02
  6.02406710937500e-03   1.73043249349601e-02
  6.03618796875000e-03   1.73043249349527e-02
  6.04830882812500e-03   1.73043249349453e-02
  6.06042968750000e-03   1.73043249349380e-02
  6.07255054687500e-03   1.73043249349306e-02
  6.08467140625000e-03   1.73043249349232e-02
  6.09679226562500e-03   1.73043249349158e-02
  6.10891312500000e-03   1.73043249349084e-02
  6.12103398437500e-03   1.73043249349010e-02
  6.13315484375000e-03   1.73043249348937e-02
  6.14527570312500e-03   1.73043249348863e-02
  6.15739656250000e-03   1.73043249348789e-02
  6.16951742187500e-03   1.73043249348715e-02
  6.18163828125000e-03   1.73043249348641e-02
  6.19375914062500e-03   1.73043249348567e-02
  6.20588000000000e-03   1.73043249348494e-02
  6.21800085937500e-03   1.73043249344806e-02
  6.23012171875000e-03   1.73043249341118e-02
  6.24224257812500e-03   1.73043249337431e-02
  6.25436343750000e-03   1.73043249333743e-02
  6.26648429687500e-03   1.73043249330055e-02
  6.27860515625000e-03   1.73043249326367e-02
  6.29072601562500e-03   1.73043249322680e-02
  6.30284687500000e-03   1.73043249318992e-02
  6.31496773437500e-03   1.73043249315304e-02
  6.32708859375000e-03   1.73043249311617e-02
  6.33920945312500e-03   1.73043249307929e-02
  6.35133031250000e-03   1.73043249304241e-02
  6.36345117187500e-03   1.73043249300554e-02
  6.37557203125000e-03   1.73043249296866e-02
  6.38769289062500e-03   1.73043249293178e-02
  6.39981375000000e-03   1.73043249289491e-02
  6.41193460937500e-03   1.73043249285803e-02
  6.42405546875000e-03   1.73043249282115e-02
  6.43617632812500e-03   1.73043249278427e-02
  6.44829718750000e-03   1.73043249274740e-02
  6.46041804687500e-03   1.73043249271052e-02
  6.47253890625000e-03   1.73043249267364e-02
  6.48465976562500e-03   1.73043249263677e-02
  6.49678062500000e-03   1.73043249259989e-02
  6.50890148437500e-03   1.73043249256301e-02
  6.52102234375000e-03   1.73043249252614e-02
  6.53314320312500e-03   1.73043249248926e-02
  6.54526406250000e-03   1.73043249245238e-02
  6.55738492187500e-03   1.73043249241551e-02
  6.56950578125000e-03   1.73043249237863e-02
  6.58162664062500e-03   1.73043249234175e-02
  6.59374750000000e-03   1.73043249230488e-02
  6.60586835937500e-03   1.73043249226800e-02
  6.61798921875000e-03   1.73043249223112e-02
  6.63011007812500e-03   1.73043249219424e-02
  6.64223093750000e-03   1.73043249215737e-02
  6.65435179687500e-03   1.73043249212049e-02
  6.66647265625000e-03   1.73043249208361e-02
  6.67859351562500e-03   1.73043249204674e-02
  6.69071437500000e-03   1.73043249200986e-02
  6.70283523437500e-03   1.73043249197298e-02
  6.71495609375000e-03   1.73043249193611e-02
  6.72707695312500e-03   1.73043249189923e-02
  6.73919781250000e-03   1.73043249186235e-02
  6.75131867187500e-03   1.73043249182548e-02
  6.76343953125000e-03   1.73043249178860e-02
  6.77556039062500e-03   1.73043249175172e-02
  6.78768125000000e-03   1.73043249171484e-02
  6.79980210937500e-03   1.73043249167797e-02
  6.81192296875000e-03   1.73043249164109e-02
  6.82404382812500e-03   1.73043249160421e-02
  6.83616468750000e-03   1.73043249156734e-02
  6.84828554687500e-03   1.73043249153046e-02
  6.86040640625000e-03   1.73043249149358e-02
  6.87252726562500e-03   1.73043249145671e-02
  6.88464812500000e-03   1.73043249141983e-02
  6.89676898437500e-03   1.73043249138295e-02
  6.90888984375000e-03   1.73043249134608e-02
  6.92101070312500e-03   1.73043249130920e-02
  6.93313156250000e-03   1.73043249127232e-02
  6.94525242187500e-03   1.73043249123545e-02
  6.95737328125000e-03   1.73043249119857e-02
  6.96949414062500e-03   1.73043249116169e-02
  6.98161500000000e-03   1.73043249112481e-02
  6.99373585937500e-03   1.73043249108794e-02
  7.00585671875000e-03   1.73043249105106e-02
  7.01797757812500e-03   1.73043249101418e-02
  7.03009843750000e-03   1.73043249097731e-02
  7.04221929687500e-03   1.73043249094043e-02
  7.05434015625000e-03   1.73043249090355e-02
  7.06646101562500e-03   1.73043249086668e-02
  7.07858187500000e-03   1.73043249082980e-02
  7.09070273437500e-03   1.73043249079292e-02
  7.10282359375000e-03   1.73043249075605e-02
  7.11494445312500e-03   1.73043249071917e-02
  7.12706531250000e-03   1.73043249068229e-02
  7.13918617187500e-03   1.73043249064541e-02
  7.15130703125000e-03   1.73043249060854e-02
  7.16342789062500e-03   1.73043249057166e-02
  7.17554875000000e-03   1.73043249053478e-02
  7.18766960937500e-03   1.73043249049791e-02
  7.19979046875000e-03   1.73043249046103e-02
  7.21191132812500e-03   1.73043249042415e-02
  7.22403218750000e-03   1.73043249038728e-02
  7.23615304687500e-03   1.73043249035040e-02
  7.24827390625000e-03   1.73043249031352e-02
  7.26039476562500e-03   1.73043249027665e-02
  7.27251562500000e-03   1.73043249023977e-02
  7.28463648437500e-03   1.73043249020289e-02
  7.29675734375000e-03   1.73043249016602e-02
  7.30887820312500e-03   1.73043249012914e-02
  7.32099906250000e-03   1.73043249009226e-02
  7.33311992187500e-03   1.73043249005538e-02
  7.34524078125000e-03   1.73043249001851e-02
  7.35736164062500e-03   1.73043248998163e-02
  7.36948250000000e-03   1.73043248994475e-02
  7.38160335937500e-03   1.73043248990788e-02
  7.39372421875000e-03   1.73043248987100e-02
  7.40584507812500e-03   1.73043248983412e-02
  7.41796593750000e-03   1.73043248979725e-02
  7.43008679687500e-03   1.73043248976037e-02
  7.44220765625000e-03   1.73043248972349e-02
  7.45432851562500e-03   1.73043248968662e-02
  7.46644937500000e-03   1.73043248964974e-02
  7.47857023437500e-03   1.73043248961286e-02
  7.49069109375000e-03   1.73043248957598e-02
  7.50281195312500e-03   1.73043248953911e-02
  7.51493281250000e-03   1.73043248950223e-02
  7.52705367187500e-03   1.73043248946535e-02
  7.53917453125000e-03   1.73043248942848e-02
  7.55129539062500e-03   1.73043248939160e-02
  7.56341625000000e-03   1.73043248935472e-02
  7.57553710937500e-03   1.73043248931785e-02
  7.58765796875000e-03   1.73043248928097e-02
  7.59977882812500e-03   1.73043248924409e-02
  7.61189968750000e-03   1.73043248920722e-02
  7.62402054687500e-03   1.73043248917034e-02
  7.63614140625000e-03   1.73043248913346e-02
  7.64826226562500e-03   1.73043248909659e-02
  7.66038312500000e-03   1.73043248905971e-02
  7.67250398437500e-03   1.73043248902283e-02
  7.68462484375000e-03   1.73043248898595e-02
  7.69674570312500e-03   1.73043248894908e-02
  7.70886656250000e-03   1.73043248891220e-02
  7.72098742187500e-03   1.73043248887532e-02
  7.73310828125000e-03   1.73043248883845e-02
  7.74522914062500e-03   1.73043248880157e-02
  7.75735000000000e-03   1.73043248876469e-02
  7.76947085937500e-03   1.73043248782530e-02
  7.78159171875000e-03   1.73043248688591e-02
  7.79371257812500e-03   1.73043248594652e-02
  7.80583343750000e-03   1.73043248500713e-02
  7.81795429687500e-03   1.73043248406774e-02
  7.83007515625000e-03   1.73043248312835e-02
  7.84219601562500e-03   1.73043248218896e-02
  7.85431687500000e-03   1.73043248124957e-02
  7.86643773437500e-03   1.73043248031017e-02
  7.87855859375000e-03   1.73043247937078e-02
  7.89067945312500e-03   1.73043247843139e-02
  7.90280031250000e-03   1.73043247749200e-02
  7.91492117187500e-03   1.73043247655261e-02
  7.92704203125000e-03   1.73043247561322e-02
  7.93916289062500e-03   1.73043247467383e-02
  7.95128375000000e-03   1.73043247373444e-02
  7.96340460937500e-03   1.73043247279505e-02
  7.97552546875000e-03   1.73043247185566e-02
  7.98764632812500e-03   1.73043247091627e-02
  7.99976718750000e-03   1.73043246997687e-02
  8.01188804687500e-03   1.73043246903748e-02
  8.02400890625000e-03   1.73043246809809e-02
  8.03612976562500e-03   1.73043246715870e-02
  8.04825062500000e-03   1.73043246621931e-02
  8.06037148437500e-03   1.73043246527992e-02
  8.07249234375000e-03   1.73043246434053e-02
  8.08461320312500e-03   1.73043246340114e-02
  8.09673406250000e-03   1.73043246246175e-02
  8.10885492187500e-03   1.73043246152236e-02
  8.12097578125000e-03   1.73043246058297e-02
  8.13309664062500e-03   1.73043245964357e-02
  8.14521750000000e-03   1.73043245870418e-02
  8.15733835937500e-03   1.73043245776479e-02
  8.16945921875000e-03   1.73043245682540e-02
  8.18158007812500e-03   1.73043245588601e-02
  8.19370093750000e-03   1.73043245494662e-02
  8.20582179687500e-03   1.73043245400723e-02
  8.21794265625000e-03   1.73043245306784e-02
  8.23006351562500e-03   1.73043245212845e-02
  8.24218437500000e-03   1.73043245118906e-02
  8.25430523437500e-03   1.73043245024967e-02
  8.26642609375000e-03   1.73043244931027e-02
  8.27854695312500e-03   1.73043244837088e-02
  8.29066781250000e-03   1.73043244743149e-02
  8.30278867187500e-03   1.73043244649210e-02
  8.31490953125000e-03   1.73043244555271e-02
  8.32703039062500e-03   1.73043244461332e-02
  8.33915125000000e-03   1.73043244367393e-02
  8.35127210937500e-03   1.73043244273454e-02
  8.36339296875000e-03   1.73043244179515e-02
  8.37551382812500e-03   1.73043244085576e-02
  8.38763468750000e-03   1.73043243991636e-02
  8.39975554687500e-03   1.73043243897697e-02
  8.41187640625000e-03   1.73043243803758e-02
  8.42399726562500e-03   1.73043243709819e-02
  8.43611812500000e-03   1.73043243615880e-02
  8.44823898437500e-03   1.73043243521941e-02
  8.46035984375000e-03   1.73043243428002e-02
  8.47248070312500e-03   1.73043243334063e-02
  8.48460156250000e-03   1.73043243240124e-02
  8.49672242187500e-03   1.73043243146185e-02
  8.50884328125000e-03   1.73043243052246e-02
  8.52096414062500e-03   1.73043242958306e-02
  8.53308500000000e-03   1.73043242864367e-02
  8.54520585937500e-03   1.73043241237757e-02
  8.55732671875000e-03   1.73043239611148e-02
  8.56944757812500e-03   1.73043237984538e-02
  8.58156843750000e-03   1.73043236357928e-02
  8.59368929687500e-03   1.73043234731318e-02
  8.60581015625000e-03   1.73043233104708e-02
  8.61793101562500e-03   1.73043231478098e-02
  8.63005187500000e-03   1.73043229851488e-02
  8.64217273437500e-03   1.73043228224878e-02
  8.65429359375000e-03   1.73043226598269e-02
  8.66641445312500e-03   1.73043224971659e-02
  8.67853531250000e-03   1.73043223345049e-02
  8.69065617187500e-03   1.73043221718439e-02
  8.70277703125000e-03   1.73043220091829e-02
  8.71489789062500e-03   1.73043218465219e-02
  8.72701875000000e-03   1.73043216838609e-02
  8.73913960937500e-03   1.73043215211999e-02
  8.75126046875000e-03   1.73043213585390e-02
  8.76338132812500e-03   1.73043211958780e-02
  8.77550218750000e-03   1.73043210332170e-02
  8.78762304687500e-03   1.73043208705560e-02
  8.79974390625000e-03   1.73043207078950e-02
  8.81186476562500e-03   1.73043205452340e-02
  8.82398562500000e-03   1.73043203825730e-02
  8.83610648437500e-03   1.73043202199120e-02
  8.84822734375000e-03   1.73043200572510e-02
  8.86034820312500e-03   1.73043198945901e-02
  8.87246906250000e-03   1.73043197319291e-02
  8.88458992187500e-03   1.73043195692681e-02
  8.89671078125000e-03   1.73043194066071e-02
  8.90883164062500e-03   1.73043192439461e-02
  8.92095250000000e-03   1.73043190812851e-02
  8.93307335937500e-03   1.73043189186241e-02
  8.94519421875000e-03   1.73043187559631e-02
  8.95731507812500e-03   1.73043185933022e-02
  8.96943593750000e-03   1.73043184306412e-02
  8.98155679687500e-03   1.73043182679802e-02
  8.99367765625000e-03   1.73043181053192e-02
  9.00579851562500e-03   1.73043179426582e-02
  9.01791937500000e-03   1.73043177799972e-02
  9.03004023437500e-03   1.73043176173362e-02
  9.04216109375000e-03   1.73043174546752e-02
  9.05428195312500e-03   1.73043172920142e-02
  9.06640281250000e-03   1.73043171293533e-02
  9.07852367187500e-03   1.73043169666923e-02
  9.09064453125000e-03   1.73043168040313e-02
  9.10276539062500e-03   1.73043166413703e-02
  9.11488625000000e-03   1.73043164787093e-02
  9.12700710937500e-03   1.73043163160483e-02
  9.13912796875000e-03   1.73043161533873e-02
  9.15124882812500e-03   1.73043159907263e-02
  9.16336968750000e-03   1.73043158280654e-02
  9.17549054687500e-03   1.73043156654044e-02
  9.18761140625000e-03   1.73043155027434e-02
  9.19973226562500e-03   1.73043153400824e-02
  9.21185312500000e-03   1.73043151774214e-02
  9.22397398437500e-03   1.73043150147604e-02
  9.23609484375000e-03   1.73043148520994e-02
  9.24821570312500e-03   1.73043146894384e-02
  9.26033656250000e-03   1.73043145267775e-02
  9.27245742187500e-03   1.73043143641165e-02
  9.28457828125000e-03   1.73043142014555e-02
  9.29669914062500e-03   1.73043140387945e-02
  9.30882000000000e-03   1.73043138761335e-02
  9.32094085937500e-03   1.73043117230668e-02
  9.33306171875000e-03   1.73043095700002e-02
  9.34518257812500e-03   1.73043074169335e-02
  9.35730343750000e-03   1.73043052638668e-02
  9.36942429687500e-03   1.73043031108002e-02
  9.38154515625000e-03   1.73043009577335e-02
  9.39366601562500e-03   1.73042988046669e-02
  9.40578687500000e-03   1.73042966516002e-02
  9.41790773437500e-03   1.73042944985335e-02
  9.43002859375000e-03   1.73042923454669e-02
  9.44214945312500e-03   1.73042901924002e-02
  9.45427031250000e-03   1.73042880393335e-02
  9.46639117187500e-03   1.73042858862669e-02
  9.47851203125000e-03   1.73042837332002e-02
  9.49063289062500e-03   1.73042815801336e-02
  9.50275375000000e-03   1.73042794270669e-02
  9.51487460937500e-03   1.73042772740002e-02
  9.52699546875000e-03   1.73042751209336e-02
  9.53911632812500e-03   1.73042729678669e-02
  9.55123718750000e-03   1.73042708148002e-02
  9.56335804687500e-03   1.73042686617336e-02
  9.57547890625000e-03   1.73042665086669e-02
  9.58759976562500e-03   1.73042643556002e-02
  9.59972062500000e-03   1.73042622025336e-02
  9.61184148437500e-03   1.73042600494669e-02
  9.62396234375000e-03   1.73042578964003e-02
  9.63608320312500e-03   1.73042557433336e-02
  9.64820406250000e-03   1.73042535902669e-02
  9.66032492187500e-03   1.73042514372003e-02
  9.67244578125000e-03   1.73042492841336e-02
  9.68456664062500e-03   1.73042471310669e-02
  9.69668750000000e-03   1.73042449780003e-02
  9.70880835937500e-03   1.73042296520857e-02
  9.72092921875000e-03   1.73042143261712e-02
  9.73305007812500e-03   1.73041990002566e-02
  9.74517093750000e-03   1.73041836743420e-02
  9.75729179687500e-03   1.73041683484275e-02
  9.76941265625000e-03   1.73041530225129e-02
  9.78153351562500e-03   1.73041376965984e-02
  9.79365437500000e-03   1.73041223706838e-02
  9.80577523437500e-03   1.73041070447692e-02
  9.81789609375000e-03   1.73040917188547e-02
  9.83001695312500e-03   1.73040763929401e-02
  9.84213781250000e-03   1.73040610670256e-02
  9.85425867187500e-03   1.73040457411110e-02
  9.86637953125000e-03   1.73040304151965e-02
  9.87850039062500e-03   1.73040150892819e-02
  9.89062125000000e-03   1.73039997633673e-02
  9.90274210937500e-03   1.73039219276718e-02
  9.91486296875000e-03   1.73038440919764e-02
  9.92698382812500e-03   1.73037662562809e-02
  9.93910468750000e-03   1.73036884205854e-02
  9.95122554687500e-03   1.73036105848899e-02
  9.96334640625000e-03   1.73035327491944e-02
  9.97546726562500e-03   1.73034549134989e-02
  9.98758812500000e-03   1.73033770778034e-02
  9.99970898437500e-03   1.73032992421079e-02
  1.00118298437500e-02   1.73032214064124e-02
  1.00239507031250e-02   1.73031435707169e-02
  1.00360715625000e-02   1.73030657350214e-02
  1.00481924218750e-02   1.73029878993259e-02
  1.00603132812500e-02   1.73029100636304e-02
  1.00724341406250e-02   1.73028322279349e-02
  1.00845550000000e-02   1.73027543922394e-02
  1.00966758593750e-02   1.73023591083164e-02
  1.01087967187500e-02   1.73019638243933e-02
  1.01209175781250e-02   1.73015685404703e-02
  1.01330384375000e-02   1.73011732565472e-02
  1.01451592968750e-02   1.73007779726242e-02
  1.01572801562500e-02   1.73003826887011e-02
  1.01694010156250e-02   1.72999874047781e-02
  1.01815218750000e-02   1.72995921208550e-02
  1.01936427343750e-02   1.72991968369320e-02
  1.02057635937500e-02   1.72988015530089e-02
  1.02178844531250e-02   1.72984062690859e-02
  1.02300053125000e-02   1.72980109851628e-02
  1.02421261718750e-02   1.72976157012398e-02
  1.02542470312500e-02   1.72972204173167e-02
  1.02663678906250e-02   1.72968251333937e-02
  1.02784887500000e-02   1.72964298494706e-02
  1.02906096093750e-02   1.72948256323699e-02
  1.03027304687500e-02   1.72932214152691e-02
  1.03148513281250e-02   1.72916171981683e-02
  1.03269721875000e-02   1.72900129810675e-02
  1.03390930468750e-02   1.72884087639668e-02
  1.03512139062500e-02   1.72868045468660e-02
  1.03633347656250e-02   1.72852003297652e-02
  1.03754556250000e-02   1.72835961126645e-02
  1.03875764843750e-02   1.72787224434982e-02
  1.03996973437500e-02   1.72738487743320e-02
  1.04118182031250e-02   1.72689751051658e-02
  1.04239390625000e-02   1.72641014359996e-02
  1.04360599218750e-02   1.72592277668333e-02
  1.04481807812500e-02   1.72543540976671e-02
  1.04603016406250e-02   1.72494804285009e-02
  1.04724225000000e-02   1.72446067593347e-02
  1.04845433593750e-02   1.72298134228779e-02
  1.04966642187500e-02   1.72150200864212e-02
  1.05087850781250e-02   1.72002267499644e-02
  1.05209059375000e-02   1.71854334135077e-02
  1.05330267968750e-02   1.71706400770510e-02
  1.05451476562500e-02   1.71558467405942e-02
  1.05572685156250e-02   1.71410534041375e-02
  1.05693893750000e-02   1.71262600676807e-02
  1.05815102343750e-02   1.70889364568404e-02
  1.05936310937500e-02   1.70516128460000e-02
  1.06057519531250e-02   1.70142892351596e-02
  1.06178728125000e-02   1.69769656243193e-02
  1.06299936718750e-02   1.69019534818664e-02
  1.06421145312500e-02   1.68269413394135e-02
  1.06542353906250e-02   1.67519291969607e-02
  1.06663562500000e-02   1.66769170545078e-02
  1.06784771093750e-02   1.65454951219528e-02
  1.06905979687500e-02   1.64140731893979e-02
  1.07027188281250e-02   1.62176381298024e-02
  1.07148396875000e-02   1.60212030702069e-02
  1.07269605468750e-02   1.57296291201027e-02
  1.07390814062500e-02   1.54380551699984e-02
  1.07512022656250e-02   1.50431762078527e-02
  1.07633231250000e-02   1.45586203195408e-02
  1.07754439843750e-02   1.39691406237687e-02
  1.07875648437500e-02   1.32606133956469e-02
  1.07996857031250e-02   1.24228692073149e-02
  1.08118065625000e-02   1.14479987667415e-02
  1.08239274218750e-02   1.03465716230186e-02
  1.08360482812500e-02   9.14630145408762e-03
  1.08481691406250e-02   7.88923250852716e-03
  1.08602900000000e-02   6.61694134134869e-03
  1.08724108593750e-02   5.36270516658950e-03
  1.08845317187500e-02   4.15242022995295e-03
  1.08966525781250e-02   3.02479564245933e-03
  1.09087734375000e-02   2.05188610996413e-03
  1.09208942968750e-02   1.31148438343085e-03
  1.09330151562500e-02   8.19213438759306e-04
  1.09451360156250e-02   5.20540171273076e-04
  1.09572568750000e-02   3.44850504991839e-04
  1.09693777343750e-02   2.39621575819360e-04
  1.09814985937500e-02   1.73755083992254e-04
  1.09936194531250e-02   1.30670088901930e-04
  1.10057403125000e-02   1.00926533172179e-04
  1.10178611718750e-02   7.96202990130110e-05
  1.10299820312500e-02   6.39011283177562e-05
  1.10421028906250e-02   5.21802437745722e-05
  1.10542237500000e-02   4.31356423655120e-05
  1.10663446093750e-02   3.60486879203478e-05
  1.10784654687500e-02   3.04220827377163e-05
  1.10905863281250e-02   2.59025121257596e-05
  1.11027071875000e-02   2.22337926023231e-05
  1.11148280468750e-02   1.95595730072495e-05
  1.11269489062500e-02   1.68853534121763e-05
  1.11390697656250e-02   1.50218261048204e-05
  1.11511906250000e-02   1.31582987974650e-05
  1.11633114843750e-02   1.18242011962848e-05
  1.11754323437500e-02   1.04901035951049e-05
  1.11875532031250e-02   9.51110867960817e-06
  1.11996740625000e-02   8.53211376411162e-06
  1.12117949218750e-02   7.91867389625761e-06
  1.12239157812500e-02   7.30523402840374e-06
  1.12360366406250e-02   6.69179416054978e-06
  1.12481575000000e-02   6.07835429269591e-06
  1.12602783593750e-02   5.70577849009697e-06
  1.12723992187500e-02   5.33320268749812e-06
  1.12845200781250e-02   4.96062688489922e-06
  1.12966409375000e-02   4.58805108230037e-06
  1.13087617968750e-02   4.34940589242584e-06
  1.13208826562500e-02   4.11076070255137e-06
  1.13330035156250e-02   3.87211551267686e-06
  1.13451243750000e-02   3.63347032280238e-06
  1.13572452343750e-02   3.51036999367052e-06
  1.13693660937500e-02   3.38726966453870e-06
  1.13814869531250e-02   3.26416933540686e-06
  1.13936078125000e-02   3.14106900627503e-06
  1.14057286718750e-02   3.01796867714319e-06
  1.14178495312500e-02   2.89486834801137e-06
  1.14299703906250e-02   2.77176801887953e-06
  1.14420912500000e-02   2.64866768974770e-06
  1.14542121093750e-02   2.58546277328047e-06
  1.14663329687500e-02   2.52225785681326e-06
  1.14784538281250e-02   2.45905294034604e-06
  1.14905746875000e-02   2.39584802387882e-06
  1.15026955468750e-02   2.33264310741160e-06
  1.15148164062500e-02   2.26943819094439e-06
  1.15269372656250e-02   2.20623327447716e-06
  1.15390581250000e-02   2.14302835800995e-06
  1.15511789843750e-02   2.10809571296933e-06
  1.15632998437500e-02   2.07316306792872e-06
  1.15754207031250e-02   2.03823042288810e-06
  1.15875415625000e-02   2.00329777784748e-06
  1.15996624218750e-02   1.96836513280687e-06
  1.16117832812500e-02   1.93343248776625e-06
  1.16239041406250e-02   1.89849984272564e-06
  1.16360250000000e-02   1.86356719768502e-06
  1.16481458593750e-02   1.84917826274756e-06
  1.16602667187500e-02   1.83478932781011e-06
  1.16723875781250e-02   1.82040039287266e-06
  1.16845084375000e-02   1.80601145793520e-06
  1.16966292968750e-02   1.79162252299775e-06
  1.17087501562500e-02   1.77723358806030e-06
  1.17208710156250e-02   1.76284465312284e-06
  1.17329918750000e-02   1.74845571818539e-06
  1.17451127343750e-02   1.73406678324793e-06
  1.17572335937500e-02   1.71967784831048e-06
  1.17693544531250e-02   1.70528891337303e-06
  1.17814753125000e-02   1.69089997843557e-06
  1.17935961718750e-02   1.67651104349812e-06
  1.18057170312500e-02   1.66212210856067e-06
  1.18178378906250e-02   1.64773317362321e-06
  1.18299587500000e-02   1.63334423868576e-06
  1.18420796093750e-02   1.62738680408749e-06
  1.18542004687500e-02   1.62142936948922e-06
  1.18663213281250e-02   1.61547193489096e-06
  1.18784421875000e-02   1.60951450029269e-06
  1.18905630468750e-02   1.60355706569442e-06
  1.19026839062500e-02   1.59759963109616e-06
  1.19148047656250e-02   1.59164219649789e-06
  1.19269256250000e-02   1.58568476189962e-06
  1.19390464843750e-02   1.57972732730136e-06
  1.19511673437500e-02   1.57376989270309e-06
  1.19632882031250e-02   1.56781245810482e-06
  1.19754090625000e-02   1.56185502350656e-06
  1.19875299218750e-02   1.55589758890829e-06
  1.19996507812500e-02   1.54994015431002e-06
  1.20117716406250e-02   1.54398271971176e-06
  1.20238925000000e-02   1.53802528511349e-06
  1.20360133593750e-02   1.53640356757419e-06
  1.20481342187500e-02   1.53478185003488e-06
  1.20602550781250e-02   1.53316013249558e-06
  1.20723759375000e-02   1.53153841495627e-06
  1.20844967968750e-02   1.52991669741697e-06
  1.20966176562500e-02   1.52829497987767e-06
  1.21087385156250e-02   1.52667326233836e-06
  1.21208593750000e-02   1.52505154479906e-06
  1.21329802343750e-02   1.52342982725975e-06
  1.21451010937500e-02   1.52180810972045e-06
  1.21572219531250e-02   1.52018639218115e-06
  1.21693428125000e-02   1.51856467464184e-06
  1.21814636718750e-02   1.51694295710254e-06
  1.21935845312500e-02   1.51532123956323e-06
  1.22057053906250e-02   1.51369952202393e-06
  1.22178262500000e-02   1.51207780448463e-06
  1.22299471093750e-02   1.51045608694532e-06
  1.22420679687500e-02   1.50883436940602e-06
  1.22541888281250e-02   1.50721265186671e-06
  1.22663096875000e-02   1.50559093432741e-06
  1.22784305468750e-02   1.50396921678811e-06
  1.22905514062500e-02   1.50234749924880e-06
  1.23026722656250e-02   1.50072578170950e-06
  1.23147931250000e-02   1.49910406417019e-06
  1.23269139843750e-02   1.49748234663089e-06
  1.23390348437500e-02   1.49586062909158e-06
  1.23511557031250e-02   1.49423891155228e-06
  1.23632765625000e-02   1.49261719401298e-06
  1.23753974218750e-02   1.49099547647367e-06
  1.23875182812500e-02   1.48937375893437e-06
  1.23996391406250e-02   1.48775204139506e-06
  1.24117600000000e-02   1.48613032385576e-06
  1.24238808593750e-02   1.48588872425228e-06
  1.24360017187500e-02   1.48564712464881e-06
  1.24481225781250e-02   1.48540552504533e-06
  1.24602434375000e-02   1.48516392544185e-06
  1.24723642968750e-02   1.48492232583838e-06
  1.24844851562500e-02   1.48468072623490e-06
  1.24966060156250e-02   1.48443912663142e-06
  1.25087268750000e-02   1.48419752702794e-06
  1.25208477343750e-02   1.48395592742447e-06
  1.25329685937500e-02   1.48371432782099e-06
  1.25450894531250e-02   1.48347272821751e-06
  1.25572103125000e-02   1.48323112861404e-06
  1.25693311718750e-02   1.48298952901056e-06
  1.25814520312500e-02   1.48274792940708e-06
  1.25935728906250e-02   1.48250632980361e-06
  1.26056937500000e-02   1.48226473020013e-06
  1.26178146093750e-02   1.48202313059665e-06
  1.26299354687500e-02   1.48178153099318e-06
  1.26420563281250e-02   1.48153993138970e-06
  1.26541771875000e-02   1.48129833178622e-06
  1.26662980468750e-02   1.48105673218274e-06
  1.26784189062500e-02   1.48081513257927e-06
  1.26905397656250e-02   1.48057353297579e-06
  1.27026606250000e-02   1.48033193337231e-06
  1.27147814843750e-02   1.48009033376884e-06
  1.27269023437500e-02   1.47984873416536e-06
  1.27390232031250e-02   1.47960713456188e-06
  1.27511440625000e-02   1.47936553495841e-06
  1.27632649218750e-02   1.47912393535493e-06
  1.27753857812500e-02   1.47888233575145e-06
  1.27875066406250e-02   1.47864073614798e-06
  1.27996275000000e-02   1.47839913654450e-06
  1.28117483593750e-02   1.47815753694102e-06
  1.28238692187500e-02   1.47791593733755e-06
  1.28359900781250e-02   1.47767433773407e-06
  1.28481109375000e-02   1.47743273813059e-06
  1.28602317968750e-02   1.47719113852711e-06
  1.28723526562500e-02   1.47694953892364e-06
  1.28844735156250e-02   1.47670793932016e-06
  1.28965943750000e-02   1.47646633971668e-06
  1.29087152343750e-02   1.47622474011321e-06
  1.29208360937500e-02   1.47598314050973e-06
  1.29329569531250e-02   1.47574154090625e-06
  1.29450778125000e-02   1.47549994130278e-06
  1.29571986718750e-02   1.47525834169930e-06
  1.29693195312500e-02   1.47501674209582e-06
  1.29814403906250e-02   1.47477514249235e-06
  1.29935612500000e-02   1.47453354288887e-06
  1.30056821093750e-02   1.47429194328539e-06
  1.30178029687500e-02   1.47405034368191e-06
  1.30299238281250e-02   1.47380874407844e-06
  1.30420446875000e-02   1.47356714447496e-06
  1.30541655468750e-02   1.47332554487148e-06
  1.30662864062500e-02   1.47308394526801e-06
  1.30784072656250e-02   1.47284234566453e-06
  1.30905281250000e-02   1.47260074606105e-06
  1.31026489843750e-02   1.47235914645758e-06
  1.31147698437500e-02   1.47211754685410e-06
  1.31268907031250e-02   1.47187594725062e-06
  1.31390115625000e-02   1.47163434764715e-06
  1.31511324218750e-02   1.47139274804367e-06
  1.31632532812500e-02   1.47115114844019e-06
  1.31753741406250e-02   1.47090954883671e-06
  1.31874950000000e-02   1.47066794923324e-06
  1.31996158593750e-02   1.47063198234347e-06
  1.32117367187500e-02   1.47059601545371e-06
  1.32238575781250e-02   1.47056004856394e-06
  1.32359784375000e-02   1.47052408167418e-06
  1.32480992968750e-02   1.47048811478442e-06
  1.32602201562500e-02   1.47045214789465e-06
  1.32723410156250e-02   1.47041618100489e-06
  1.32844618750000e-02   1.47038021411512e-06
  1.32965827343750e-02   1.47034424722536e-06
  1.33087035937500e-02   1.47030828033559e-06
  1.33208244531250e-02   1.47027231344583e-06
  1.33329453125000e-02   1.47023634655606e-06
  1.33450661718750e-02   1.47020037966630e-06
  1.33571870312500e-02   1.47016441277654e-06
  1.33693078906250e-02   1.47012844588677e-06
  1.33814287500000e-02   1.47009247899701e-06
  1.33935496093750e-02   1.47005651210724e-06
  1.34056704687500e-02   1.47002054521748e-06
  1.34177913281250e-02   1.46998457832771e-06
  1.34299121875000e-02   1.46994861143795e-06
  1.34420330468750e-02   1.46991264454819e-06
  1.34541539062500e-02   1.46987667765842e-06
  1.34662747656250e-02   1.46984071076866e-06
  1.34783956250000e-02   1.46980474387889e-06
  1.34905164843750e-02   1.46976877698913e-06
  1.35026373437500e-02   1.46973281009936e-06
  1.35147582031250e-02   1.46969684320960e-06
  1.35268790625000e-02   1.46966087631983e-06
  1.35389999218750e-02   1.46962490943007e-06
  1.35511207812500e-02   1.46958894254031e-06
  1.35632416406250e-02   1.46955297565054e-06
  1.35753625000000e-02   1.46951700876078e-06
  1.35874833593750e-02   1.46948104187101e-06
  1.35996042187500e-02   1.46944507498125e-06
  1.36117250781250e-02   1.46940910809148e-06
  1.36238459375000e-02   1.46937314120172e-06
  1.36359667968750e-02   1.46933717431196e-06
  1.36480876562500e-02   1.46930120742219e-06
  1.36602085156250e-02   1.46926524053243e-06
  1.36723293750000e-02   1.46922927364266e-06
  1.36844502343750e-02   1.46919330675290e-06
  1.36965710937500e-02   1.46915733986313e-06
  1.37086919531250e-02   1.46912137297337e-06
  1.37208128125000e-02   1.46908540608360e-06
  1.37329336718750e-02   1.46904943919384e-06
  1.37450545312500e-02   1.46901347230408e-06
  1.37571753906250e-02   1.46897750541431e-06
  1.37692962500000e-02   1.46894153852455e-06
  1.37814171093750e-02   1.46890557163478e-06
  1.37935379687500e-02   1.46886960474502e-06
  1.38056588281250e-02   1.46883363785525e-06
  1.38177796875000e-02   1.46879767096549e-06
  1.38299005468750e-02   1.46876170407572e-06
  1.38420214062500e-02   1.46872573718596e-06
  1.38541422656250e-02   1.46868977029620e-06
  1.38662631250000e-02   1.46865380340643e-06
  1.38783839843750e-02   1.46861783651667e-06
  1.38905048437500e-02   1.46858186962690e-06
  1.39026257031250e-02   1.46854590273714e-06
  1.39147465625000e-02   1.46850993584737e-06
  1.39268674218750e-02   1.46847396895761e-06
  1.39389882812500e-02   1.46843800206785e-06
  1.39511091406250e-02   1.46840203517808e-06
  1.39632300000000e-02   1.46836606828832e-06
  1.39753508593750e-02   1.46836322402663e-06
  1.39874717187500e-02   1.46836037976494e-06
  1.39995925781250e-02   1.46835753550326e-06
  1.40117134375000e-02   1.46835469124157e-06
  1.40238342968750e-02   1.46835184697989e-06
  1.40359551562500e-02   1.46834900271820e-06
  1.40480760156250e-02   1.46834615845651e-06
  1.40601968750000e-02   1.46834331419483e-06
  1.40723177343750e-02   1.46834046993314e-06
  1.40844385937500e-02   1.46833762567146e-06
  1.40965594531250e-02   1.46833478140977e-06
  1.41086803125000e-02   1.46833193714808e-06
  1.41208011718750e-02   1.46832909288640e-06
  1.41329220312500e-02   1.46832624862471e-06
  1.41450428906250e-02   1.46832340436303e-06
  1.41571637500000e-02   1.46832056010134e-06
  1.41692846093750e-02   1.46831771583965e-06
  1.41814054687500e-02   1.46831487157797e-06
  1.41935263281250e-02   1.46831202731628e-06
  1.42056471875000e-02   1.46830918305460e-06
  1.42177680468750e-02   1.46830633879291e-06
  1.42298889062500e-02   1.46830349453122e-06
  1.42420097656250e-02   1.46830065026954e-06
  1.42541306250000e-02   1.46829780600785e-06
  1.42662514843750e-02   1.46829496174617e-06
  1.42783723437500e-02   1.46829211748448e-06
  1.42904932031250e-02   1.46828927322279e-06
  1.43026140625000e-02   1.46828642896111e-06
  1.43147349218750e-02   1.46828358469942e-06
  1.43268557812500e-02   1.46828074043773e-06
  1.43389766406250e-02   1.46827789617605e-06
  1.43510975000000e-02   1.46827505191436e-06
  1.43632183593750e-02   1.46827220765268e-06
  1.43753392187500e-02   1.46826936339099e-06
  1.43874600781250e-02   1.46826651912930e-06
  1.43995809375000e-02   1.46826367486762e-06
  1.44117017968750e-02   1.46826083060593e-06
  1.44238226562500e-02   1.46825798634425e-06
  1.44359435156250e-02   1.46825514208256e-06
  1.44480643750000e-02   1.46825229782087e-06
  1.44601852343750e-02   1.46824945355919e-06
  1.44723060937500e-02   1.46824660929750e-06
  1.44844269531250e-02   1.46824376503582e-06
  1.44965478125000e-02   1.46824092077413e-06
  1.45086686718750e-02   1.46823807651244e-06
  1.45207895312500e-02   1.46823523225076e-06
  1.45329103906250e-02   1.46823238798907e-06
  1.45450312500000e-02   1.46822954372739e-06
  1.45571521093750e-02   1.46822669946570e-06
  1.45692729687500e-02   1.46822385520401e-06
  1.45813938281250e-02   1.46822101094233e-06
  1.45935146875000e-02   1.46821816668064e-06
  1.46056355468750e-02   1.46821532241896e-06
  1.46177564062500e-02   1.46821247815727e-06
  1.46298772656250e-02   1.46820963389558e-06
  1.46419981250000e-02   1.46820678963390e-06
  1.46541189843750e-02   1.46820394537221e-06
  1.46662398437500e-02   1.46820110111053e-06
  1.46783607031250e-02   1.46819825684884e-06
  1.46904815625000e-02   1.46819541258715e-06
  1.47026024218750e-02   1.46819256832547e-06
  1.47147232812500e-02   1.46818972406378e-06
  1.47268441406250e-02   1.46818687980209e-06
  1.47389650000000e-02   1.46818403554041e-06
  1.47510858593750e-02   1.46818119127872e-06
  1.47632067187500e-02   1.46817834701704e-06
  1.47753275781250e-02   1.46817550275535e-06
  1.47874484375000e-02   1.46817265849366e-06
  1.47995692968750e-02   1.46816981423198e-06
  1.48116901562500e-02   1.46816696997029e-06
  1.48238110156250e-02   1.46816412570861e-06
  1.48359318750000e-02   1.46816128144692e-06
  1.48480527343750e-02   1.46815843718523e-06
  1.48601735937500e-02   1.46815559292355e-06
  1.48722944531250e-02   1.46815274866186e-06
  1.48844153125000e-02   1.46814990440018e-06
  1.48965361718750e-02   1.46814706013849e-06
  1.49086570312500e-02   1.46814421587680e-06
  1.49207778906250e-02   1.46814137161512e-06
  1.49328987500000e-02   1.46813852735343e-06
  1.49450196093750e-02   1.46813568309175e-06
  1.49571404687500e-02   1.46813283883006e-06
  1.49692613281250e-02   1.46812999456837e-06
  1.49813821875000e-02   1.46812715030669e-06
  1.49935030468750e-02   1.46812430604500e-06
  1.50056239062500e-02   1.46812146178332e-06
  1.50177447656250e-02   1.46811861752163e-06
  1.50298656250000e-02   1.46811577325994e-06
  1.50419864843750e-02   1.46811292899826e-06
  1.50541073437500e-02   1.46811008473657e-06
  1.50662282031250e-02   1.46810724047489e-06
  1.50783490625000e-02   1.46810439621320e-06
  1.50904699218750e-02   1.46810155195151e-06
  1.51025907812500e-02   1.46809870768983e-06
  1.51147116406250e-02   1.46809586342814e-06
  1.51268325000000e-02   1.46809301916645e-06
  1.51389533593750e-02   1.46809017490477e-06
  1.51510742187500e-02   1.46808733064308e-06
  1.51631950781250e-02   1.46808448638140e-06
  1.51753159375000e-02   1.46808164211971e-06
  1.51874367968750e-02   1.46807879785802e-06
  1.51995576562500e-02   1.46807595359634e-06
  1.52116785156250e-02   1.46807310933465e-06
  1.52237993750000e-02   1.46807026507297e-06
  1.52359202343750e-02   1.46806742081128e-06
  1.52480410937500e-02   1.46806457654959e-06
  1.52601619531250e-02   1.46806173228791e-06
  1.52722828125000e-02   1.46805888802622e-06
  1.52844036718750e-02   1.46805604376454e-06
  1.52965245312500e-02   1.46805319950285e-06
  1.53086453906250e-02   1.46805035524116e-06
  1.53207662500000e-02   1.46804751097948e-06
  1.53328871093750e-02   1.46804466671779e-06
  1.53450079687500e-02   1.46804182245611e-06
  1.53571288281250e-02   1.46803897819442e-06
  1.53692496875000e-02   1.46803613393273e-06
  1.53813705468750e-02   1.46803328967105e-06
  1.53934914062500e-02   1.46803044540936e-06
  1.54056122656250e-02   1.46802760114768e-06
  1.54177331250000e-02   1.46802475688599e-06
  1.54298539843750e-02   1.46802191262430e-06
  1.54419748437500e-02   1.46801906836262e-06
  1.54540957031250e-02   1.46801622410093e-06
  1.54662165625000e-02   1.46801337983925e-06
  1.54783374218750e-02   1.46801053557756e-06
  1.54904582812500e-02   1.46800769131587e-06
  1.55025791406250e-02   1.46800484705419e-06
  1.55147000000000e-02   1.46800200279250e-06
