  1.21208593750000e-05  -5.53715823499161e-18
  2.42417187500000e-05  -3.04439742751868e-18
  3.63625781250000e-05  -5.51636620045758e-19
  4.84834375000000e-05   1.94112418742717e-18
  6.06042968750000e-05   4.43388499490009e-18
  7.27251562500000e-05   6.92664580237301e-18
  8.48460156250000e-05   9.41940660984594e-18
  9.69668750000000e-05   1.19121674173189e-17
  1.09087734375000e-04   1.44049282247918e-17
  1.21208593750000e-04   1.68976890322647e-17
  1.33329453125000e-04   1.93904498397376e-17
  1.45450312500000e-04   2.18832106472106e-17
  1.57571171875000e-04   2.43759714546835e-17
  1.69692031250000e-04   2.68687322621564e-17
  1.81812890625000e-04   2.93614930696293e-17
  1.93933750000000e-04   3.18542538771022e-17
  2.06054609375000e-04   3.43470146845752e-17
  2.18175468750000e-04   3.68397754920481e-17
  2.30296328125000e-04   3.93325362995210e-17
  2.42417187500000e-04   4.18252971069939e-17
  2.54538046875000e-04   4.43180579144669e-17
  2.66658906250000e-04   4.68108187219398e-17
  2.78779765625000e-04   4.93035795294127e-17
  2.90900625000000e-04   5.17963403368856e-17
  3.03021484375000e-04   5.42891011443586e-17
  3.15142343750000e-04   5.67818619518315e-17
  3.27263203125000e-04   5.92746227593044e-17
  3.39384062500000e-04   6.17673835667773e-17
  3.51504921875000e-04   6.42601443742503e-17
  3.63625781250000e-04   6.67529051817232e-17
  3.75746640625000e-04   6.92456659891961e-17
  3.87867500000000e-04   7.17384267966690e-17
  3.99988359375000e-04   7.42311876041420e-17
  4.12109218750000e-04   7.67239484116149e-17
  4.24230078125000e-04   7.92167092190878e-17
  4.36350937500000e-04   8.17094700265607e-17
  4.48471796875000e-04   8.42022308340336e-17
  4.60592656250000e-04   8.66949916415066e-17
  4.72713515625000e-04   8.91877524489795e-17
  4.84834375000000e-04   9.16805132564524e-17
  4.96955234375000e-04   9.41732740639253e-17
  5.09076093750000e-04   9.66660348713983e-17
  5.21196953125000e-04   9.91587956788712e-17
  5.33317812500000e-04   1.01651556486344e-16
  5.45438671875000e-04   1.04144317293817e-16
  5.57559531250000e-04   1.06637078101290e-16
  5.69680390625000e-04   1.09129838908763e-16
  5.81801250000000e-04   1.11622599716236e-16
  5.93922109375000e-04   1.14115360523709e-16
  6.06042968750000e-04   1.16608121331182e-16
  6.18163828125000e-04   1.19100882138655e-16
  6.30284687500000e-04   1.21593642946127e-16
  6.42405546875000e-04   1.24086403753600e-16
  6.54526406250000e-04   1.26579164561073e-16
  6.66647265625000e-04   1.29071925368546e-16
  6.78768125000000e-04   1.31564686176019e-16
  6.90888984375000e-04   1.34057446983492e-16
  7.03009843750000e-04   1.36550207790965e-16
  7.15130703125000e-04   1.39042968598438e-16
  7.27251562500000e-04   1.41535729405911e-16
  7.39372421875000e-04   1.44028490213384e-16
  7.51493281250000e-04   1.46521251020857e-16
  7.63614140625000e-04   1.49014011828330e-16
  7.75735000000000e-04   1.51506772635803e-16
  7.87855859375000e-04   1.53999533443276e-16
  7.99976718750000e-04   1.56492294250748e-16
  8.12097578125000e-04   1.58985055058221e-16
  8.24218437500000e-04   1.61477815865694e-16
  8.36339296875000e-04   1.63970576673167e-16
  8.48460156250000e-04   1.66463337480640e-16
  8.60581015625000e-04   1.68956098288113e-16
  8.72701875000000e-04   1.71448859095586e-16
  8.84822734375000e-04   1.73941619903059e-16
  8.96943593750000e-04   1.76434380710532e-16
  9.09064453125000e-04   1.78927141518005e-16
  9.21185312500000e-04   1.81419902325478e-16
  9.33306171875000e-04   1.83912663132951e-16
  9.45427031250000e-04   1.86405423940424e-16
  9.57547890625000e-04   1.88898184747896e-16
  9.69668750000000e-04   1.91390945555369e-16
  9.81789609375000e-04   1.93883706362842e-16
  9.93910468750000e-04   1.96376467170315e-16
  1.00603132812500e-03   1.98869227977788e-16
  1.01815218750000e-03   2.01361988785261e-16
  1.03027304687500e-03   2.03854749592734e-16
  1.04239390625000e-03   2.06347510400207e-16
  1.05451476562500e-03   2.08840271207680e-16
  1.06663562500000e-03   2.11333032015153e-16
  1.07875648437500e-03   2.13825792822626e-16
  1.09087734375000e-03   2.16318553630099e-16
  1.10299820312500e-03   2.18811314437572e-16
  1.11511906250000e-03   2.21304075245044e-16
  1.12723992187500e-03   2.23796836052517e-16
  1.13936078125000e-03   2.26289596859990e-16
  1.15148164062500e-03   2.28782357667463e-16
  1.16360250000000e-03   2.31275118474936e-16
  1.17572335937500e-03   2.33767879282409e-16
  1.18784421875000e-03   2.36260640089882e-16
  1.19996507812500e-03   2.38753400897355e-16
  1.21208593750000e-03   2.41246161704828e-16
  1.22420679687500e-03   2.43738922512301e-16
  1.23632765625000e-03   2.46231683319774e-16
  1.24844851562500e-03   2.48724444127247e-16
  1.26056937500000e-03   2.51217204934720e-16
  1.27269023437500e-03   2.53709965742192e-16
  1.28481109375000e-03   2.56202726549665e-16
  1.29693195312500e-03   2.58695487357138e-16
  1.30905281250000e-03   2.61188248164611e-16
  1.32117367187500e-03   2.63681008972084e-16
  1.33329453125000e-03   2.66173769779557e-16
  1.34541539062500e-03   2.68666530587030e-16
  1.35753625000000e-03   2.71159291394503e-16
  1.36965710937500e-03   2.73652052201976e-16
  1.38177796875000e-03   2.76144813009449e-16
  1.39389882812500e-03   2.78637573816922e-16
  1.40601968750000e-03   2.81130334624395e-16
  1.41814054687500e-03   2.83623095431868e-16
  1.43026140625000e-03   2.86115856239340e-16
  1.44238226562500e-03   2.88608617046813e-16
  1.45450312500000e-03   2.91101377854286e-16
  1.46662398437500e-03   2.93594138661759e-16
  1.47874484375000e-03   2.96086899469232e-16
  1.49086570312500e-03   2.98579660276705e-16
  1.50298656250000e-03   3.01072421084178e-16
  1.51510742187500e-03   3.03565181891651e-16
  1.52722828125000e-03   3.06057942699124e-16
  1.53934914062500e-03   3.08550703506597e-16
  1.55147000000000e-03   3.11043464314070e-16
  1.56359085937500e-03   3.13536225121543e-16
  1.57571171875000e-03   3.16028985929016e-16
  1.58783257812500e-03   3.18521746736488e-16
  1.59995343750000e-03   3.21014507543961e-16
  1.61207429687500e-03   3.23507268351434e-16
  1.62419515625000e-03   3.26000029158907e-16
  1.63631601562500e-03   3.28492789966380e-16
  1.64843687500000e-03   3.30985550773853e-16
  1.66055773437500e-03   3.33478311581326e-16
  1.67267859375000e-03   3.35971072388799e-16
  1.68479945312500e-03   3.38463833196272e-16
  1.69692031250000e-03   3.40956594003745e-16
  1.70904117187500e-03   3.43449354811218e-16
  1.72116203125000e-03   3.45942115618691e-16
  1.73328289062500e-03   3.48434876426164e-16
  1.74540375000000e-03   3.50927637233636e-16
  1.75752460937500e-03   3.53420398041109e-16
  1.76964546875000e-03   3.55913158848582e-16
  1.78176632812500e-03   3.58405919656055e-16
  1.79388718750000e-03   3.60898680463528e-16
  1.80600804687500e-03   3.63391441271001e-16
  1.81812890625000e-03   3.65884202078474e-16
  1.83024976562500e-03   3.68376962885947e-16
  1.84237062500000e-03   3.70869723693420e-16
  1.85449148437500e-03   3.73362484500893e-16
  1.86661234375000e-03   3.75855245308366e-16
  1.87873320312500e-03   3.78348006115839e-16
  1.89085406250000e-03   3.80840766923312e-16
  1.90297492187500e-03   3.83333527730785e-16
  1.91509578125000e-03   3.85826288538257e-16
  1.92721664062500e-03   3.88319049345730e-16
  1.93933750000000e-03   3.90811810153203e-16
  1.95145835937500e-03   3.93304570960676e-16
  1.96357921875000e-03   3.95797331768149e-16
  1.97570007812500e-03   3.98290092575622e-16
  1.98782093750000e-03   4.00782853383095e-16
  1.99994179687500e-03   4.03275614190568e-16
  2.01206265625000e-03   4.05768374998041e-16
  2.02418351562500e-03   4.08261135805514e-16
  2.03630437500000e-03   4.10753896612987e-16
  2.04842523437500e-03   4.13246657420460e-16
  2.06054609375000e-03   4.15739418227933e-16
  2.07266695312500e-03   4.18232179035405e-16
  2.08478781250000e-03   4.20724939842878e-16
  2.09690867187500e-03   4.23217700650351e-16
  2.10902953125000e-03   4.25710461457824e-16
  2.12115039062500e-03   4.28203222265297e-16
  2.13327125000000e-03   4.30695983072770e-16
  2.14539210937500e-03   4.33188743880243e-16
  2.15751296875000e-03   4.35681504687716e-16
  2.16963382812500e-03   4.38174265495189e-16
  2.18175468750000e-03   4.40667026302662e-16
  2.19387554687500e-03   4.43159787110135e-16
  2.20599640625000e-03   4.45652547917608e-16
  2.21811726562500e-03   4.48145308725081e-16
  2.23023812500000e-03   4.50638069532553e-16
  2.24235898437500e-03   4.53130830340026e-16
  2.25447984375000e-03   4.55623591147499e-16
  2.26660070312500e-03   4.58116351954972e-16
  2.27872156250000e-03   4.60609112762445e-16
  2.29084242187500e-03   4.63101873569918e-16
  2.30296328125000e-03   4.65594634377391e-16
  2.31508414062500e-03   4.68087395184864e-16
  2.32720500000000e-03   4.70580155992337e-16
  2.33932585937500e-03   4.73072916799810e-16
  2.35144671875000e-03   4.75565677607283e-16
  2.36356757812500e-03   4.78058438414756e-16
  2.37568843750000e-03   4.80551199222228e-16
  2.38780929687500e-03   4.83043960029701e-16
  2.39993015625000e-03   4.85536720837174e-16
  2.41205101562500e-03   4.88029481644647e-16
  2.42417187500000e-03   4.90522242452120e-16
  2.43629273437500e-03   4.93015003259593e-16
  2.44841359375000e-03   4.95507764067066e-16
  2.46053445312500e-03   4.98000524874539e-16
  2.47265531250000e-03   5.00493285682012e-16
  2.48477617187500e-03   5.02986046489485e-16
  2.49689703125000e-03   5.05478807296958e-16
  2.50901789062500e-03   5.07971568104431e-16
  2.52113875000000e-03   5.10464328911904e-16
  2.53325960937500e-03   5.12957089719377e-16
  2.54538046875000e-03   5.15449850526849e-16
  2.55750132812500e-03   5.17942611334322e-16
  2.56962218750000e-03   5.20435372141795e-16
  2.58174304687500e-03   5.22928132949268e-16
  2.59386390625000e-03   5.25420893756741e-16
  2.60598476562500e-03   5.27913654564214e-16
  2.61810562500000e-03   5.30406415371687e-16
  2.63022648437500e-03   5.32899176179160e-16
  2.64234734375000e-03   5.35391936986633e-16
  2.65446820312500e-03   5.37884697794106e-16
  2.66658906250000e-03   5.40377458601579e-16
  2.67870992187500e-03   5.42870219409052e-16
  2.69083078125000e-03   5.45362980216525e-16
  2.70295164062500e-03   5.47855741023998e-16
  2.71507250000000e-03   5.50348501831470e-16
  2.72719335937500e-03   5.52841262638943e-16
  2.73931421875000e-03   5.55334023446416e-16
  2.75143507812500e-03   5.57826784253889e-16
  2.76355593750000e-03   5.60319545061362e-16
  2.77567679687500e-03   5.62812305868835e-16
  2.78779765625000e-03   5.65305066676308e-16
  2.79991851562500e-03   5.67797827483781e-16
  2.81203937500000e-03   5.70290588291254e-16
  2.82416023437500e-03   5.72783349098727e-16
  2.83628109375000e-03   5.75276109906200e-16
  2.84840195312500e-03   5.77768870713673e-16
  2.86052281250000e-03   5.80261631521145e-16
  2.87264367187500e-03   5.82754392328618e-16
  2.88476453125000e-03   5.85247153136091e-16
  2.89688539062500e-03   5.87739913943564e-16
  2.90900625000000e-03   5.90232674751037e-16
  2.92112710937500e-03   5.92725435558510e-16
  2.93324796875000e-03   5.95218196365983e-16
  2.94536882812500e-03   5.97710957173456e-16
  2.95748968750000e-03   6.00203717980929e-16
  2.96961054687500e-03   6.02696478788402e-16
  2.98173140625000e-03   6.05189239595875e-16
  2.99385226562500e-03   6.07682000403348e-16
  3.00597312500000e-03   6.10174761210821e-16
  3.01809398437500e-03   6.12667522018294e-16
  3.03021484375000e-03   6.15160282825766e-16
  3.04233570312500e-03   6.17653043633239e-16
  3.05445656250000e-03   6.20145804440712e-16
  3.06657742187500e-03   6.22638565248185e-16
  3.07869828125000e-03   6.25131326055658e-16
  3.09081914062500e-03   6.27624086863131e-16
  3.10294000000000e-03   6.30116847670604e-16
  3.11506085937500e-03   6.33024678994038e-16
  3.12718171875000e-03   6.35932510317473e-16
  3.13930257812500e-03   6.38840341640908e-16
  3.15142343750000e-03   6.41748172964342e-16
  3.16354429687500e-03   6.44656004287777e-16
  3.17566515625000e-03   6.47563835611211e-16
  3.18778601562500e-03   6.50471666934646e-16
  3.19990687500000e-03   6.53379498258081e-16
  3.21202773437500e-03   6.56287329581515e-16
  3.22414859375000e-03   6.59195160904950e-16
  3.23626945312500e-03   6.62102992228384e-16
  3.24839031250000e-03   6.65010823551819e-16
  3.26051117187500e-03   6.67918654875254e-16
  3.27263203125000e-03   6.70826486198688e-16
  3.28475289062500e-03   6.73734317522123e-16
  3.29687375000000e-03   6.76642148845557e-16
  3.30899460937500e-03   6.79549980168992e-16
  3.32111546875000e-03   6.82457811492426e-16
  3.33323632812500e-03   6.85365642815861e-16
  3.34535718750000e-03   6.88273474139296e-16
  3.35747804687500e-03   6.91181305462730e-16
  3.36959890625000e-03   6.94089136786165e-16
  3.38171976562500e-03   6.96996968109599e-16
  3.39384062500000e-03   6.99904799433034e-16
  3.40596148437500e-03   7.02812630756469e-16
  3.41808234375000e-03   7.05720462079903e-16
  3.43020320312500e-03   7.08628293403338e-16
  3.44232406250000e-03   7.11536124726772e-16
  3.45444492187500e-03   7.14443956050207e-16
  3.46656578125000e-03   7.17351787373642e-16
  3.47868664062500e-03   7.20259618697076e-16
  3.49080750000000e-03   7.23167450020511e-16
  3.50292835937500e-03   7.26075281343945e-16
  3.51504921875000e-03   7.28983112667380e-16
  3.52717007812500e-03   7.31890943990814e-16
  3.53929093750000e-03   7.34798775314249e-16
  3.55141179687500e-03   7.37706606637684e-16
  3.56353265625000e-03   7.40614437961118e-16
  3.57565351562500e-03   7.43522269284553e-16
  3.58777437500000e-03   7.46430100607987e-16
  3.59989523437500e-03   7.49337931931422e-16
  3.61201609375000e-03   7.52245763254856e-16
  3.62413695312500e-03   7.55153594578291e-16
  3.63625781250000e-03   7.58061425901726e-16
  3.64837867187500e-03   7.60969257225160e-16
  3.66049953125000e-03   7.63877088548595e-16
  3.67262039062500e-03   7.66784919872030e-16
  3.68474125000000e-03   7.69692751195464e-16
  3.69686210937500e-03   7.72600582518899e-16
  3.70898296875000e-03   7.75508413842333e-16
  3.72110382812500e-03   7.78416245165768e-16
  3.73322468750000e-03   7.81324076489202e-16
  3.74534554687500e-03   7.84231907812637e-16
  3.75746640625000e-03   7.87139739136072e-16
  3.76958726562500e-03   7.90047570459506e-16
  3.78170812500000e-03   7.92955401782941e-16
  3.79382898437500e-03   7.95863233106375e-16
  3.80594984375000e-03   7.98771064429810e-16
  3.81807070312500e-03   8.01678895753245e-16
  3.83019156250000e-03   8.04586727076679e-16
  3.84231242187500e-03   8.07494558400114e-16
  3.85443328125000e-03   8.10402389723548e-16
  3.86655414062500e-03   8.13310221046983e-16
  3.87867500000000e-03   8.16218052370418e-16
  3.89079585937500e-03   8.19125883693852e-16
  3.90291671875000e-03   8.22033715017287e-16
  3.91503757812500e-03   8.24941546340721e-16
  3.92715843750000e-03   8.27849377664156e-16
  3.93927929687500e-03   8.30757208987590e-16
  3.95140015625000e-03   8.33665040311025e-16
  3.96352101562500e-03   8.36572871634460e-16
  3.97564187500000e-03   8.39480702957894e-16
  3.98776273437500e-03   8.42388534281329e-16
  3.99988359375000e-03   8.45296365604763e-16
  4.01200445312500e-03   8.48204196928198e-16
  4.02412531250000e-03   8.51112028251633e-16
  4.03624617187500e-03   8.54019859575067e-16
  4.04836703125000e-03   8.56927690898502e-16
  4.06048789062500e-03   8.59835522221936e-16
  4.07260875000000e-03   8.62743353545371e-16
  4.08472960937500e-03   8.65651184868805e-16
  4.09685046875000e-03   8.68559016192240e-16
  4.10897132812500e-03   8.71466847515675e-16
  4.12109218750000e-03   8.74374678839109e-16
  4.13321304687500e-03   8.77282510162544e-16
  4.14533390625000e-03   8.80190341485978e-16
  4.15745476562500e-03   8.83098172809413e-16
  4.16957562500000e-03   8.86006004132848e-16
  4.18169648437500e-03   8.88913835456282e-16
  4.19381734375000e-03   8.91821666779717e-16
  4.20593820312500e-03   8.94729498103151e-16
  4.21805906250000e-03   8.97637329426586e-16
  4.23017992187500e-03   9.00545160750020e-16
  4.24230078125000e-03   9.03452992073455e-16
  4.25442164062500e-03   9.06360823396890e-16
  4.26654250000000e-03   9.09268654720324e-16
  4.27866335937500e-03   9.12176486043759e-16
  4.29078421875000e-03   9.15084317367193e-16
  4.30290507812500e-03   9.17992148690628e-16
  4.31502593750000e-03   9.20899980014062e-16
  4.32714679687500e-03   9.23807811337497e-16
  4.33926765625000e-03   9.26715642660932e-16
  4.35138851562500e-03   9.29623473984366e-16
  4.36350937500000e-03   9.32531305307801e-16
  4.37563023437500e-03   9.35439136631235e-16
  4.38775109375000e-03   9.38346967954670e-16
  4.39987195312500e-03   9.41254799278105e-16
  4.41199281250000e-03   9.44162630601539e-16
  4.42411367187500e-03   9.47070461924974e-16
  4.43623453125000e-03   9.49978293248408e-16
  4.44835539062500e-03   9.52886124571843e-16
  4.46047625000000e-03   9.55793955895278e-16
  4.47259710937500e-03   9.58701787218712e-16
  4.48471796875000e-03   9.61609618542147e-16
  4.49683882812500e-03   9.64517449865581e-16
  4.50895968750000e-03   9.67425281189016e-16
  4.52108054687500e-03   9.70333112512451e-16
  4.53320140625000e-03   9.73240943835885e-16
  4.54532226562500e-03   9.76148775159320e-16
  4.55744312500000e-03   9.79056606482754e-16
  4.56956398437500e-03   9.81964437806189e-16
  4.58168484375000e-03   9.84872269129623e-16
  4.59380570312500e-03   9.87780100453058e-16
  4.60592656250000e-03   9.90687931776493e-16
  4.61804742187500e-03   9.93595763099927e-16
  4.63016828125000e-03   9.96503594423362e-16
  4.64228914062500e-03   9.99411425746796e-16
  4.65441000000000e-03   1.00231925707023e-15
  4.66653085937500e-03   1.00522708839367e-15
  4.67865171875000e-03   1.00813491971710e-15
  4.69077257812500e-03   1.01104275104053e-15
  4.70289343750000e-03   1.01395058236397e-15
  4.71501429687500e-03   1.01685841368740e-15
  4.72713515625000e-03   1.01976624501084e-15
  4.73925601562500e-03   1.02267407633427e-15
  4.75137687500000e-03   1.02558190765771e-15
  4.76349773437500e-03   1.02848973898114e-15
  4.77561859375000e-03   1.03139757030458e-15
  4.78773945312500e-03   1.03430540162801e-15
  4.79986031250000e-03   1.03721323295145e-15
  4.81198117187500e-03   1.04012106427488e-15
  4.82410203125000e-03   1.04302889559832e-15
  4.83622289062500e-03   1.04593672692175e-15
  4.84834375000000e-03   1.04884455824518e-15
  4.86046460937500e-03   1.05175238956862e-15
  4.87258546875000e-03   1.05466022089205e-15
  4.88470632812500e-03   1.05756805221549e-15
  4.89682718750000e-03   1.06047588353892e-15
  4.90894804687500e-03   1.06338371486236e-15
  4.92106890625000e-03   1.06629154618579e-15
  4.93318976562500e-03   1.06919937750923e-15
  4.94531062500000e-03   1.07210720883266e-15
  4.95743148437500e-03   1.07501504015610e-15
  4.96955234375000e-03   1.07792287147953e-15
  4.98167320312500e-03   1.08083070280296e-15
  4.99379406250000e-03   1.08373853412640e-15
  5.00591492187500e-03   1.08664636544983e-15
  5.01803578125000e-03   1.08955419677327e-15
  5.03015664062500e-03   1.09246202809670e-15
  5.04227750000000e-03   1.09536985942014e-15
  5.05439835937500e-03   1.09827769074357e-15
  5.06651921875000e-03   1.10118552206701e-15
  5.07864007812500e-03   1.10409335339044e-15
  5.09076093750000e-03   1.10700118471388e-15
  5.10288179687500e-03   1.10990901603731e-15
  5.11500265625000e-03   1.11281684736075e-15
  5.12712351562500e-03   1.11572467868418e-15
  5.13924437500000e-03   1.11863251000761e-15
  5.15136523437500e-03   1.12154034133105e-15
  5.16348609375000e-03   1.12444817265448e-15
  5.17560695312500e-03   1.12735600397792e-15
  5.18772781250000e-03   1.13026383530135e-15
  5.19984867187500e-03   1.13317166662479e-15
  5.21196953125000e-03   1.13607949794822e-15
  5.22409039062500e-03   1.13898732927166e-15
  5.23621125000000e-03   1.14189516059509e-15
  5.24833210937500e-03   1.14480299191853e-15
  5.26045296875000e-03   1.14771082324196e-15
  5.27257382812500e-03   1.15061865456540e-15
  5.28469468750000e-03   1.15352648588883e-15
  5.29681554687500e-03   1.15643431721226e-15
  5.30893640625000e-03   1.15934214853570e-15
  5.32105726562500e-03   1.16224997985913e-15
  5.33317812500000e-03   1.16515781118257e-15
  5.34529898437500e-03   1.16806564250600e-15
  5.35741984375000e-03   1.17097347382944e-15
  5.36954070312500e-03   1.17388130515287e-15
  5.38166156250000e-03   1.17678913647631e-15
  5.39378242187500e-03   1.17969696779974e-15
  5.40590328125000e-03   1.18260479912318e-15
  5.41802414062500e-03   1.18551263044661e-15
  5.43014500000000e-03   1.18842046177004e-15
  5.44226585937500e-03   1.19132829309348e-15
  5.45438671875000e-03   1.19423612441691e-15
  5.46650757812500e-03   1.19714395574035e-15
  5.47862843750000e-03   1.20005178706378e-15
  5.49074929687500e-03   1.20295961838722e-15
  5.50287015625000e-03   1.20586744971065e-15
  5.51499101562500e-03   1.20877528103409e-15
  5.52711187500000e-03   1.21168311235752e-15
  5.53923273437500e-03   1.21459094368096e-15
  5.55135359375000e-03   1.21749877500439e-15
  5.56347445312500e-03   1.22040660632783e-15
  5.57559531250000e-03   1.22331443765126e-15
  5.58771617187500e-03   1.22622226897469e-15
  5.59983703125000e-03   1.22913010029813e-15
  5.61195789062500e-03   1.23203793162156e-15
  5.62407875000000e-03   1.23494576294500e-15
  5.63619960937500e-03   1.23785359426843e-15
  5.64832046875000e-03   1.24076142559187e-15
  5.66044132812500e-03   1.24366925691530e-15
  5.67256218750000e-03   1.24657708823874e-15
  5.68468304687500e-03   1.24948491956217e-15
  5.69680390625000e-03   1.25239275088561e-15
  5.70892476562500e-03   1.25530058220904e-15
  5.72104562500000e-03   1.25820841353247e-15
  5.73316648437500e-03   1.26111624485591e-15
  5.74528734375000e-03   1.26402407617934e-15
  5.75740820312500e-03   1.26693190750278e-15
  5.76952906250000e-03   1.26983973882621e-15
  5.78164992187500e-03   1.27274757014965e-15
  5.79377078125000e-03   1.27565540147308e-15
  5.80589164062500e-03   1.27856323279652e-15
  5.81801250000000e-03   1.28147106411995e-15
  5.83013335937500e-03   1.28437889544339e-15
  5.84225421875000e-03   1.28728672676682e-15
  5.85437507812500e-03   1.29019455809026e-15
  5.86649593750000e-03   1.29310238941369e-15
  5.87861679687500e-03   1.29601022073712e-15
  5.89073765625000e-03   1.29891805206056e-15
  5.90285851562500e-03   1.30182588338399e-15
  5.91497937500000e-03   1.30473371470743e-15
  5.92710023437500e-03   1.30764154603086e-15
  5.93922109375000e-03   1.31054937735430e-15
  5.95134195312500e-03   1.31345720867773e-15
  5.96346281250000e-03   1.31636504000117e-15
  5.97558367187500e-03   1.31927287132460e-15
  5.98770453125000e-03   1.32218070264804e-15
  5.99982539062500e-03   1.32508853397147e-15
  6.01194625000000e-03   1.32799636529490e-15
  6.02406710937500e-03   1.33090419661834e-15
  6.03618796875000e-03   1.33381202794177e-15
  6.04830882812500e-03   1.33671985926521e-15
  6.06042968750000e-03   1.33962769058864e-15
  6.07255054687500e-03   1.34253552191208e-15
  6.08467140625000e-03   1.34544335323551e-15
  6.09679226562500e-03   1.34835118455895e-15
  6.10891312500000e-03   1.35125901588238e-15
  6.12103398437500e-03   1.35416684720582e-15
  6.13315484375000e-03   1.35707467852925e-15
  6.14527570312500e-03   1.35998250985269e-15
  6.15739656250000e-03   1.36289034117612e-15
  6.16951742187500e-03   1.36579817249955e-15
  6.18163828125000e-03   1.36870600382299e-15
  6.19375914062500e-03   1.37161383514642e-15
  6.20588000000000e-03   1.37452166646986e-15
  6.21800085937500e-03   1.37760243602237e-15
  6.23012171875000e-03   1.38068320557487e-15
  6.24224257812500e-03   1.38376397512738e-15
  6.25436343750000e-03   1.38684474467989e-15
  6.26648429687500e-03   1.38992551423239e-15
  6.27860515625000e-03   1.39300628378490e-15
  6.29072601562500e-03   1.39608705333741e-15
  6.30284687500000e-03   1.39916782288992e-15
  6.31496773437500e-03   1.40224859244242e-15
  6.32708859375000e-03   1.40532936199493e-15
  6.33920945312500e-03   1.40841013154744e-15
  6.35133031250000e-03   1.41149090109995e-15
  6.36345117187500e-03   1.41457167065245e-15
  6.37557203125000e-03   1.41765244020496e-15
  6.38769289062500e-03   1.42073320975747e-15
  6.39981375000000e-03   1.42381397930998e-15
  6.41193460937500e-03   1.42689474886248e-15
  6.42405546875000e-03   1.42997551841499e-15
  6.43617632812500e-03   1.43305628796750e-15
  6.44829718750000e-03   1.43613705752000e-15
  6.46041804687500e-03   1.43921782707251e-15
  6.47253890625000e-03   1.44229859662502e-15
  6.48465976562500e-03   1.44537936617753e-15
  6.49678062500000e-03   1.44846013573003e-15
  6.50890148437500e-03   1.45154090528254e-15
  6.52102234375000e-03   1.45462167483505e-15
  6.53314320312500e-03   1.45770244438756e-15
  6.54526406250000e-03   1.46078321394006e-15
  6.55738492187500e-03   1.46386398349257e-15
  6.56950578125000e-03   1.46694475304508e-15
  6.58162664062500e-03   1.47002552259759e-15
  6.59374750000000e-03   1.47310629215009e-15
  6.60586835937500e-03   1.47618706170260e-15
  6.61798921875000e-03   1.47926783125511e-15
  6.63011007812500e-03   1.48234860080761e-15
  6.64223093750000e-03   1.48542937036012e-15
  6.65435179687500e-03   1.48851013991263e-15
  6.66647265625000e-03   1.49159090946514e-15
  6.67859351562500e-03   1.49467167901764e-15
  6.69071437500000e-03   1.49775244857015e-15
  6.70283523437500e-03   1.50083321812266e-15
  6.71495609375000e-03   1.50391398767517e-15
  6.72707695312500e-03   1.50699475722767e-15
  6.73919781250000e-03   1.51007552678018e-15
  6.75131867187500e-03   1.51315629633269e-15
  6.76343953125000e-03   1.51623706588520e-15
  6.77556039062500e-03   1.51931783543770e-15
  6.78768125000000e-03   1.52239860499021e-15
  6.79980210937500e-03   1.52547937454272e-15
  6.81192296875000e-03   1.52856014409522e-15
  6.82404382812500e-03   1.53164091364773e-15
  6.83616468750000e-03   1.53472168320024e-15
  6.84828554687500e-03   1.53780245275275e-15
  6.86040640625000e-03   1.54088322230525e-15
  6.87252726562500e-03   1.54396399185776e-15
  6.88464812500000e-03   1.54704476141027e-15
  6.89676898437500e-03   1.55012553096278e-15
  6.90888984375000e-03   1.55320630051528e-15
  6.92101070312500e-03   1.55628707006779e-15
  6.93313156250000e-03   1.55936783962030e-15
  6.94525242187500e-03   1.56244860917281e-15
  6.95737328125000e-03   1.56552937872531e-15
  6.96949414062500e-03   1.56861014827782e-15
  6.98161500000000e-03   1.57169091783033e-15
  6.99373585937500e-03   1.57477168738284e-15
  7.00585671875000e-03   1.57785245693534e-15
  7.01797757812500e-03   1.58093322648785e-15
  7.03009843750000e-03   1.58401399604036e-15
  7.04221929687500e-03   1.58709476559286e-15
  7.05434015625000e-03   1.59017553514537e-15
  7.06646101562500e-03   1.59325630469788e-15
  7.07858187500000e-03   1.59633707425039e-15
  7.09070273437500e-03   1.59941784380289e-15
  7.10282359375000e-03   1.60249861335540e-15
  7.11494445312500e-03   1.60557938290791e-15
  7.12706531250000e-03   1.60866015246042e-15
  7.13918617187500e-03   1.61174092201292e-15
  7.15130703125000e-03   1.61482169156543e-15
  7.16342789062500e-03   1.61790246111794e-15
  7.17554875000000e-03   1.62098323067045e-15
  7.18766960937500e-03   1.62406400022295e-15
  7.19979046875000e-03   1.62714476977546e-15
  7.21191132812500e-03   1.63022553932797e-15
  7.22403218750000e-03   1.63330630888047e-15
  7.23615304687500e-03   1.63638707843298e-15
  7.24827390625000e-03   1.63946784798549e-15
  7.26039476562500e-03   1.64254861753800e-15
  7.27251562500000e-03   1.64562938709050e-15
  7.28463648437500e-03   1.64871015664301e-15
  7.29675734375000e-03   1.65179092619552e-15
  7.30887820312500e-03   1.65487169574803e-15
  7.32099906250000e-03   1.65795246530053e-15
  7.33311992187500e-03   1.66103323485304e-15
  7.34524078125000e-03   1.66411400440555e-15
  7.35736164062500e-03   1.66719477395806e-15
  7.36948250000000e-03   1.67027554351056e-15
  7.38160335937500e-03   1.67335631306307e-15
  7.39372421875000e-03   1.67643708261558e-15
  7.40584507812500e-03   1.67951785216808e-15
  7.41796593750000e-03   1.68259862172059e-15
  7.43008679687500e-03   1.68567939127310e-15
  7.44220765625000e-03   1.68876016082561e-15
  7.45432851562500e-03   1.69184093037811e-15
  7.46644937500000e-03   1.69492169993062e-15
  7.47857023437500e-03   1.69800246948313e-15
  7.49069109375000e-03   1.70108323903564e-15
  7.50281195312500e-03   1.70416400858814e-15
  7.51493281250000e-03   1.70724477814065e-15
  7.52705367187500e-03   1.71032554769316e-15
  7.53917453125000e-03   1.71340631724567e-15
  7.55129539062500e-03   1.71648708679817e-15
  7.56341625000000e-03   1.71956785635068e-15
  7.57553710937500e-03   1.72264862590319e-15
  7.58765796875000e-03   1.72572939545569e-15
  7.59977882812500e-03   1.72881016500820e-15
  7.61189968750000e-03   1.73189093456071e-15
  7.62402054687500e-03   1.73497170411322e-15
  7.63614140625000e-03   1.73805247366572e-15
  7.64826226562500e-03   1.74113324321823e-15
  7.66038312500000e-03   1.74421401277074e-15
  7.67250398437500e-03   1.74729478232325e-15
  7.68462484375000e-03   1.75037555187575e-15
  7.69674570312500e-03   1.75345632142826e-15
  7.70886656250000e-03   1.75653709098077e-15
  7.72098742187500e-03   1.75961786053328e-15
  7.73310828125000e-03   1.76269863008578e-15
  7.74522914062500e-03   1.76577939963829e-15
  7.75735000000000e-03   1.76886016919080e-15
  7.76947085937500e-03   1.77211095570482e-15
  7.78159171875000e-03   1.77536174221885e-15
  7.79371257812500e-03   1.77861252873288e-15
  7.80583343750000e-03   1.78186331524691e-15
  7.81795429687500e-03   1.78511410176093e-15
  7.83007515625000e-03   1.78836488827496e-15
  7.84219601562500e-03   1.79161567478899e-15
  7.85431687500000e-03   1.79486646130301e-15
  7.86643773437500e-03   1.79811724781704e-15
  7.87855859375000e-03   1.80136803433107e-15
  7.89067945312500e-03   1.80461882084509e-15
  7.90280031250000e-03   1.80786960735912e-15
  7.91492117187500e-03   1.81112039387315e-15
  7.92704203125000e-03   1.81437118038717e-15
  7.93916289062500e-03   1.81762196690120e-15
  7.95128375000000e-03   1.82087275341523e-15
  7.96340460937500e-03   1.82412353992925e-15
  7.97552546875000e-03   1.82737432644328e-15
  7.98764632812500e-03   1.83062511295731e-15
  7.99976718750000e-03   1.83387589947134e-15
  8.01188804687500e-03   1.83712668598536e-15
  8.02400890625000e-03   1.84037747249939e-15
  8.03612976562500e-03   1.84362825901342e-15
  8.04825062500000e-03   1.84687904552744e-15
  8.06037148437500e-03   1.85012983204147e-15
  8.07249234375000e-03   1.85338061855550e-15
  8.08461320312500e-03   1.85663140506952e-15
  8.09673406250000e-03   1.85988219158355e-15
  8.10885492187500e-03   1.86313297809758e-15
  8.12097578125000e-03   1.86638376461160e-15
  8.13309664062500e-03   1.86963455112563e-15
  8.14521750000000e-03   1.87288533763966e-15
  8.15733835937500e-03   1.87613612415368e-15
  8.16945921875000e-03   1.87938691066771e-15
  8.18158007812500e-03   1.88263769718174e-15
  8.19370093750000e-03   1.88588848369577e-15
  8.20582179687500e-03   1.88913927020979e-15
  8.21794265625000e-03   1.89239005672382e-15
  8.23006351562500e-03   1.89564084323785e-15
  8.24218437500000e-03   1.89889162975187e-15
  8.25430523437500e-03   1.90214241626590e-15
  8.26642609375000e-03   1.90539320277993e-15
  8.27854695312500e-03   1.90864398929395e-15
  8.29066781250000e-03   1.91189477580798e-15
  8.30278867187500e-03   1.91514556232201e-15
  8.31490953125000e-03   1.91839634883603e-15
  8.32703039062500e-03   1.92164713535006e-15
  8.33915125000000e-03   1.92489792186409e-15
  8.35127210937500e-03   1.92814870837811e-15
  8.36339296875000e-03   1.93139949489214e-15
  8.37551382812500e-03   1.93465028140617e-15
  8.38763468750000e-03   1.93790106792020e-15
  8.39975554687500e-03   1.94115185443422e-15
  8.41187640625000e-03   1.94440264094825e-15
  8.42399726562500e-03   1.94765342746228e-15
  8.43611812500000e-03   1.95090421397630e-15
  8.44823898437500e-03   1.95415500049033e-15
  8.46035984375000e-03   1.95740578700436e-15
  8.47248070312500e-03   1.96065657351838e-15
  8.48460156250000e-03   1.96390736003241e-15
  8.49672242187500e-03   1.96715814654644e-15
  8.50884328125000e-03   1.97040893306046e-15
  8.52096414062500e-03   1.97365971957449e-15
  8.53308500000000e-03   1.97691050608852e-15
  8.54520585937500e-03   1.98545141422526e-15
  8.55732671875000e-03   1.99399232236201e-15
  8.56944757812500e-03   2.00253323049875e-15
  8.58156843750000e-03   2.01107413863550e-15
  8.59368929687500e-03   2.01961504677224e-15
  8.60581015625000e-03   2.02815595490899e-15
  8.61793101562500e-03   2.03669686304573e-15
  8.63005187500000e-03   2.04523777118248e-15
  8.64217273437500e-03   2.05377867931922e-15
  8.65429359375000e-03   2.06231958745597e-15
  8.66641445312500e-03   2.07086049559271e-15
  8.67853531250000e-03   2.07940140372946e-15
  8.69065617187500e-03   2.08794231186620e-15
  8.70277703125000e-03   2.09648322000295e-15
  8.71489789062500e-03   2.10502412813969e-15
  8.72701875000000e-03   2.11356503627644e-15
  8.73913960937500e-03   2.12210594441318e-15
  8.75126046875000e-03   2.13064685254992e-15
  8.76338132812500e-03   2.13918776068667e-15
  8.77550218750000e-03   2.14772866882341e-15
  8.78762304687500e-03   2.15626957696016e-15
  8.79974390625000e-03   2.16481048509690e-15
  8.81186476562500e-03   2.17335139323365e-15
  8.82398562500000e-03   2.18189230137039e-15
  8.83610648437500e-03   2.19043320950714e-15
  8.84822734375000e-03   2.19897411764388e-15
  8.86034820312500e-03   2.20751502578063e-15
  8.87246906250000e-03   2.21605593391737e-15
  8.88458992187500e-03   2.22459684205412e-15
  8.89671078125000e-03   2.23313775019086e-15
  8.90883164062500e-03   2.24167865832761e-15
  8.92095250000000e-03   2.25021956646435e-15
  8.93307335937500e-03   2.25876047460110e-15
  8.94519421875000e-03   2.26730138273784e-15
  8.95731507812500e-03   2.27584229087459e-15
  8.96943593750000e-03   2.28438319901133e-15
  8.98155679687500e-03   2.29292410714807e-15
  8.99367765625000e-03   2.30146501528482e-15
  9.00579851562500e-03   2.31000592342156e-15
  9.01791937500000e-03   2.31854683155831e-15
  9.03004023437500e-03   2.32708773969505e-15
  9.04216109375000e-03   2.33562864783180e-15
  9.05428195312500e-03   2.34416955596854e-15
  9.06640281250000e-03   2.35271046410529e-15
  9.07852367187500e-03   2.36125137224203e-15
  9.09064453125000e-03   2.36979228037878e-15
  9.10276539062500e-03   2.37833318851552e-15
  9.11488625000000e-03   2.38687409665227e-15
  9.12700710937500e-03   2.39541500478901e-15
  9.13912796875000e-03   2.40395591292576e-15
  9.15124882812500e-03   2.41249682106250e-15
  9.16336968750000e-03   2.42103772919925e-15
  9.17549054687500e-03   2.42957863733599e-15
  9.18761140625000e-03   2.43811954547274e-15
  9.19973226562500e-03   2.44666045360948e-15
  9.21185312500000e-03   2.45520136174623e-15
  9.22397398437500e-03   2.46374226988297e-15
  9.23609484375000e-03   2.47228317801972e-15
  9.24821570312500e-03   2.48082408615646e-15
  9.26033656250000e-03   2.48936499429321e-15
  9.27245742187500e-03   2.49790590242995e-15
  9.28457828125000e-03   2.50644681056669e-15
  9.29669914062500e-03   2.51498771870344e-15
  9.30882000000000e-03   2.52352862684022e-15
  9.32094085937500e-03   2.75227915725398e-15
  9.33306171875000e-03   2.98102968766778e-15
  9.34518257812500e-03   3.20978021808155e-15
  9.35730343750000e-03   3.43853074849535e-15
  9.36942429687500e-03   3.66728127890912e-15
  9.38154515625000e-03   3.89603180932292e-15
  9.39366601562500e-03   4.12478233973669e-15
  9.40578687500000e-03   4.35353287015049e-15
  9.41790773437500e-03   4.58228340056426e-15
  9.43002859375000e-03   4.81103393097806e-15
  9.44214945312500e-03   5.03978446139182e-15
  9.45427031250000e-03   5.26853499180562e-15
  9.46639117187500e-03   5.49728552221939e-15
  9.47851203125000e-03   5.72603605263319e-15
  9.49063289062500e-03   5.95478658304696e-15
  9.50275375000000e-03   6.18353711346076e-15
  9.51487460937500e-03   6.41228764387453e-15
  9.52699546875000e-03   6.64103817428833e-15
  9.53911632812500e-03   6.86978870470210e-15
  9.55123718750000e-03   7.09853923511590e-15
  9.56335804687500e-03   7.32728976552966e-15
  9.57547890625000e-03   7.55604029594347e-15
  9.58759976562500e-03   7.78479082635723e-15
  9.59972062500000e-03   8.01354135677103e-15
  9.61184148437500e-03   8.24229188718480e-15
  9.62396234375000e-03   8.47104241759860e-15
  9.63608320312500e-03   8.69979294801237e-15
  9.64820406250000e-03   8.92854347842617e-15
  9.66032492187500e-03   9.15729400883994e-15
  9.67244578125000e-03   9.38604453925374e-15
  9.68456664062500e-03   9.61479506966751e-15
  9.69668750000000e-03   9.84354560008197e-15
  9.70880835937500e-03   1.47401046493062e-14
  9.72092921875000e-03   1.96366636985311e-14
  9.73305007812500e-03   2.45332227477554e-14
  9.74517093750000e-03   2.94297817969803e-14
  9.75729179687500e-03   3.43263408462045e-14
  9.76941265625000e-03   3.92228998954294e-14
  9.78153351562500e-03   4.41194589446537e-14
  9.79365437500000e-03   4.90160179938786e-14
  9.80577523437500e-03   5.39125770431028e-14
  9.81789609375000e-03   5.88091360923277e-14
  9.83001695312500e-03   6.37056951415520e-14
  9.84213781250000e-03   6.86022541907769e-14
  9.85425867187500e-03   7.34988132400011e-14
  9.86637953125000e-03   7.83953722892261e-14
  9.87850039062500e-03   8.32919313384503e-14
  9.89062125000000e-03   8.81884903876849e-14
  9.90274210937500e-03   1.60611680945379e-13
  9.91486296875000e-03   2.33034871503084e-13
  9.92698382812500e-03   3.05458062060779e-13
  9.93910468750000e-03   3.77881252618484e-13
  9.95122554687500e-03   4.50304443176178e-13
  9.96334640625000e-03   5.22727633733883e-13
  9.97546726562500e-03   5.95150824291578e-13
  9.98758812500000e-03   6.67574014849283e-13
  9.99970898437500e-03   7.39997205406978e-13
  1.00118298437500e-02   8.12420395964682e-13
  1.00239507031250e-02   8.84843586522377e-13
  1.00360715625000e-02   9.57266777080082e-13
  1.00481924218750e-02   1.02968996763778e-12
  1.00603132812500e-02   1.10211315819548e-12
  1.00724341406250e-02   1.17453634875318e-12
  1.00845550000000e-02   1.24695953931102e-12
  1.00966758593750e-02   2.31871161646657e-12
  1.01087967187500e-02   3.39046369362227e-12
  1.01209175781250e-02   4.46221577077781e-12
  1.01330384375000e-02   5.53396784793351e-12
  1.01451592968750e-02   6.60571992508905e-12
  1.01572801562500e-02   7.67747200224475e-12
  1.01694010156250e-02   8.74922407940029e-12
  1.01815218750000e-02   9.82097615655599e-12
  1.01936427343750e-02   1.08927282337115e-11
  1.02057635937500e-02   1.19644803108672e-11
  1.02178844531250e-02   1.30362323880228e-11
  1.02300053125000e-02   1.41079844651785e-11
  1.02421261718750e-02   1.51797365423340e-11
  1.02542470312500e-02   1.62514886194897e-11
  1.02663678906250e-02   1.73232406966453e-11
  1.02784887500000e-02   1.83949927738025e-11
  1.02906096093750e-02   3.05576548170214e-11
  1.03027304687500e-02   4.27203168602420e-11
  1.03148513281250e-02   5.48829789034609e-11
  1.03269721875000e-02   6.70456409466815e-11
  1.03390930468750e-02   7.92083029899003e-11
  1.03512139062500e-02   9.13709650331209e-11
  1.03633347656250e-02   1.03533627076342e-10
  1.03754556250000e-02   1.15696289119572e-10
  1.03875764843750e-02   2.11745113147510e-10
  1.03996973437500e-02   3.07793937175434e-10
  1.04118182031250e-02   4.03842761203372e-10
  1.04239390625000e-02   4.99891585231296e-10
  1.04360599218750e-02   5.95940409259234e-10
  1.04481807812500e-02   6.91989233287158e-10
  1.04603016406250e-02   7.88038057315096e-10
  1.04724225000000e-02   8.84086881343115e-10
  1.04845433593750e-02   1.64199994314324e-09
  1.04966642187500e-02   2.39991300494325e-09
  1.05087850781250e-02   3.15782606674337e-09
  1.05209059375000e-02   3.91573912854339e-09
  1.05330267968750e-02   4.67365219034351e-09
  1.05451476562500e-02   5.43156525214353e-09
  1.05572685156250e-02   6.18947831394365e-09
  1.05693893750000e-02   6.94739137574422e-09
  1.05815102343750e-02   1.16180142655018e-08
  1.05936310937500e-02   1.62886371552587e-08
  1.06057519531250e-02   2.09592600450163e-08
  1.06178728125000e-02   2.56298829347755e-08
  1.06299936718750e-02   4.63259284624394e-08
  1.06421145312500e-02   6.70219739901004e-08
  1.06542353906250e-02   8.77180195177643e-08
  1.06663562500000e-02   1.08414065045433e-07
  1.06784771093750e-02   1.82192193487258e-07
  1.06905979687500e-02   2.55970321929090e-07
  1.07027188281250e-02   4.55047527908636e-07
  1.07148396875000e-02   6.54124733888200e-07
  1.07269605468750e-02   1.18701323020072e-06
  1.07390814062500e-02   1.71990172651326e-06
  1.07512022656250e-02   2.91302721869107e-06
  1.07633231250000e-02   5.07226516863744e-06
  1.07754439843750e-02   8.92911891306137e-06
  1.07875648437500e-02   1.56841527063567e-05
  1.07996857031250e-02   2.71777425847162e-05
  1.08118065625000e-02   4.68827310877370e-05
  1.08239274218750e-02   7.92500026017011e-05
  1.08360482812500e-02   1.28554274980977e-04
  1.08481691406250e-02   1.94127170409679e-04
  1.08602900000000e-02   2.65798317482239e-04
  1.08724108593750e-02   3.16234054586858e-04
  1.08845317187500e-02   2.91581264043934e-04
  1.08966525781250e-02   1.64397804114355e-04
  1.09087734375000e-02   4.37248365124578e-05
  1.09208942968750e-02   1.01727623643803e-05
  1.09330151562500e-02   5.67407230969818e-06
  1.09451360156250e-02   4.27604796775457e-06
  1.09572568750000e-02   3.46350001486146e-06
  1.09693777343750e-02   2.88909390204610e-06
  1.09814985937500e-02   2.45143143854258e-06
  1.09936194531250e-02   2.10628910484035e-06
  1.10057403125000e-02   1.82725582608262e-06
  1.10178611718750e-02   1.59840628094526e-06
  1.10299820312500e-02   1.40868576103555e-06
  1.10421028906250e-02   1.25149475585866e-06
  1.10542237500000e-02   1.11856264297970e-06
  1.10663446093750e-02   1.00539581051475e-06
  1.10784654687500e-02   9.08488771392753e-07
  1.10905863281250e-02   8.25058085623626e-07
  1.11027071875000e-02   7.52880471524262e-07
  1.11148280468750e-02   6.95499120302776e-07
  1.11269489062500e-02   6.38117769081301e-07
  1.11390697656250e-02   5.93732047295065e-07
  1.11511906250000e-02   5.49346325508838e-07
  1.11633114843750e-02   5.14570153769940e-07
  1.11754323437500e-02   4.79793982031049e-07
  1.11875532031250e-02   4.52216095596770e-07
  1.11996740625000e-02   4.24638209162496e-07
  1.12117949218750e-02   4.05483290298859e-07
  1.12239157812500e-02   3.86328371435225e-07
  1.12360366406250e-02   3.67173452571588e-07
  1.12481575000000e-02   3.48018533707954e-07
  1.12602783593750e-02   3.35034965682505e-07
  1.12723992187500e-02   3.22051397657059e-07
  1.12845200781250e-02   3.09067829631612e-07
  1.12966409375000e-02   2.96084261606166e-07
  1.13087617968750e-02   2.87048128698639e-07
  1.13208826562500e-02   2.78011995791115e-07
  1.13330035156250e-02   2.68975862883589e-07
  1.13451243750000e-02   2.59939729976065e-07
  1.13572452343750e-02   2.54774566784505e-07
  1.13693660937500e-02   2.49609403592947e-07
  1.13814869531250e-02   2.44444240401388e-07
  1.13936078125000e-02   2.39279077209829e-07
  1.14057286718750e-02   2.34113914018271e-07
  1.14178495312500e-02   2.28948750826712e-07
  1.14299703906250e-02   2.23783587635153e-07
  1.14420912500000e-02   2.18618424443595e-07
  1.14542121093750e-02   2.15711831096197e-07
  1.14663329687500e-02   2.12805237748800e-07
  1.14784538281250e-02   2.09898644401402e-07
  1.14905746875000e-02   2.06992051054005e-07
  1.15026955468750e-02   2.04085457706608e-07
  1.15148164062500e-02   2.01178864359210e-07
  1.15269372656250e-02   1.98272271011813e-07
  1.15390581250000e-02   1.95365677664416e-07
  1.15511789843750e-02   1.93658173378612e-07
  1.15632998437500e-02   1.91950669092808e-07
  1.15754207031250e-02   1.90243164807004e-07
  1.15875415625000e-02   1.88535660521200e-07
  1.15996624218750e-02   1.86828156235396e-07
  1.16117832812500e-02   1.85120651949593e-07
  1.16239041406250e-02   1.83413147663789e-07
  1.16360250000000e-02   1.81705643377985e-07
  1.16481458593750e-02   1.80956235457124e-07
  1.16602667187500e-02   1.80206827536263e-07
  1.16723875781250e-02   1.79457419615403e-07
  1.16845084375000e-02   1.78708011694542e-07
  1.16966292968750e-02   1.77958603773681e-07
  1.17087501562500e-02   1.77209195852821e-07
  1.17208710156250e-02   1.76459787931960e-07
  1.17329918750000e-02   1.75710380011100e-07
  1.17451127343750e-02   1.74960972090239e-07
  1.17572335937500e-02   1.74211564169378e-07
  1.17693544531250e-02   1.73462156248518e-07
  1.17814753125000e-02   1.72712748327657e-07
  1.17935961718750e-02   1.71963340406796e-07
  1.18057170312500e-02   1.71213932485936e-07
  1.18178378906250e-02   1.70464524565075e-07
  1.18299587500000e-02   1.69715116644214e-07
  1.18420796093750e-02   1.69389828110324e-07
  1.18542004687500e-02   1.69064539576434e-07
  1.18663213281250e-02   1.68739251042545e-07
  1.18784421875000e-02   1.68413962508655e-07
  1.18905630468750e-02   1.68088673974765e-07
  1.19026839062500e-02   1.67763385440875e-07
  1.19148047656250e-02   1.67438096906985e-07
  1.19269256250000e-02   1.67112808373095e-07
  1.19390464843750e-02   1.66787519839205e-07
  1.19511673437500e-02   1.66462231305315e-07
  1.19632882031250e-02   1.66136942771425e-07
  1.19754090625000e-02   1.65811654237535e-07
  1.19875299218750e-02   1.65486365703645e-07
  1.19996507812500e-02   1.65161077169755e-07
  1.20117716406250e-02   1.64835788635865e-07
  1.20238925000000e-02   1.64510500101975e-07
  1.20360133593750e-02   1.64418791211944e-07
  1.20481342187500e-02   1.64327082321913e-07
  1.20602550781250e-02   1.64235373431882e-07
  1.20723759375000e-02   1.64143664541851e-07
  1.20844967968750e-02   1.64051955651820e-07
  1.20966176562500e-02   1.63960246761789e-07
  1.21087385156250e-02   1.63868537871758e-07
  1.21208593750000e-02   1.63776828981726e-07
  1.21329802343750e-02   1.63685120091695e-07
  1.21451010937500e-02   1.63593411201664e-07
  1.21572219531250e-02   1.63501702311633e-07
  1.21693428125000e-02   1.63409993421602e-07
  1.21814636718750e-02   1.63318284531571e-07
  1.21935845312500e-02   1.63226575641540e-07
  1.22057053906250e-02   1.63134866751509e-07
  1.22178262500000e-02   1.63043157861478e-07
  1.22299471093750e-02   1.62951448971447e-07
  1.22420679687500e-02   1.62859740081415e-07
  1.22541888281250e-02   1.62768031191384e-07
  1.22663096875000e-02   1.62676322301353e-07
  1.22784305468750e-02   1.62584613411322e-07
  1.22905514062500e-02   1.62492904521291e-07
  1.23026722656250e-02   1.62401195631260e-07
  1.23147931250000e-02   1.62309486741229e-07
  1.23269139843750e-02   1.62217777851198e-07
  1.23390348437500e-02   1.62126068961167e-07
  1.23511557031250e-02   1.62034360071136e-07
  1.23632765625000e-02   1.61942651181104e-07
  1.23753974218750e-02   1.61850942291073e-07
  1.23875182812500e-02   1.61759233401042e-07
  1.23996391406250e-02   1.61667524511011e-07
  1.24117600000000e-02   1.61575815620980e-07
  1.24238808593750e-02   1.61561706820310e-07
  1.24360017187500e-02   1.61547598019640e-07
  1.24481225781250e-02   1.61533489218971e-07
  1.24602434375000e-02   1.61519380418301e-07
  1.24723642968750e-02   1.61505271617631e-07
  1.24844851562500e-02   1.61491162816961e-07
  1.24966060156250e-02   1.61477054016291e-07
  1.25087268750000e-02   1.61462945215622e-07
  1.25208477343750e-02   1.61448836414952e-07
  1.25329685937500e-02   1.61434727614282e-07
  1.25450894531250e-02   1.61420618813612e-07
  1.25572103125000e-02   1.61406510012942e-07
  1.25693311718750e-02   1.61392401212273e-07
  1.25814520312500e-02   1.61378292411603e-07
  1.25935728906250e-02   1.61364183610933e-07
  1.26056937500000e-02   1.61350074810263e-07
  1.26178146093750e-02   1.61335966009593e-07
  1.26299354687500e-02   1.61321857208924e-07
  1.26420563281250e-02   1.61307748408254e-07
  1.26541771875000e-02   1.61293639607584e-07
  1.26662980468750e-02   1.61279530806914e-07
  1.26784189062500e-02   1.61265422006244e-07
  1.26905397656250e-02   1.61251313205575e-07
  1.27026606250000e-02   1.61237204404905e-07
  1.27147814843750e-02   1.61223095604235e-07
  1.27269023437500e-02   1.61208986803565e-07
  1.27390232031250e-02   1.61194878002895e-07
  1.27511440625000e-02   1.61180769202226e-07
  1.27632649218750e-02   1.61166660401556e-07
  1.27753857812500e-02   1.61152551600886e-07
  1.27875066406250e-02   1.61138442800216e-07
  1.27996275000000e-02   1.61124333999546e-07
  1.28117483593750e-02   1.61110225198877e-07
  1.28238692187500e-02   1.61096116398207e-07
  1.28359900781250e-02   1.61082007597537e-07
  1.28481109375000e-02   1.61067898796867e-07
  1.28602317968750e-02   1.61053789996197e-07
  1.28723526562500e-02   1.61039681195528e-07
  1.28844735156250e-02   1.61025572394858e-07
  1.28965943750000e-02   1.61011463594188e-07
  1.29087152343750e-02   1.60997354793518e-07
  1.29208360937500e-02   1.60983245992848e-07
  1.29329569531250e-02   1.60969137192179e-07
  1.29450778125000e-02   1.60955028391509e-07
  1.29571986718750e-02   1.60940919590839e-07
  1.29693195312500e-02   1.60926810790169e-07
  1.29814403906250e-02   1.60912701989499e-07
  1.29935612500000e-02   1.60898593188830e-07
  1.30056821093750e-02   1.60884484388160e-07
  1.30178029687500e-02   1.60870375587490e-07
  1.30299238281250e-02   1.60856266786820e-07
  1.30420446875000e-02   1.60842157986150e-07
  1.30541655468750e-02   1.60828049185481e-07
  1.30662864062500e-02   1.60813940384811e-07
  1.30784072656250e-02   1.60799831584141e-07
  1.30905281250000e-02   1.60785722783471e-07
  1.31026489843750e-02   1.60771613982801e-07
  1.31147698437500e-02   1.60757505182131e-07
  1.31268907031250e-02   1.60743396381462e-07
  1.31390115625000e-02   1.60729287580792e-07
  1.31511324218750e-02   1.60715178780122e-07
  1.31632532812500e-02   1.60701069979452e-07
  1.31753741406250e-02   1.60686961178782e-07
  1.31874950000000e-02   1.60672852378113e-07
  1.31996158593750e-02   1.60670720889015e-07
  1.32117367187500e-02   1.60668589399917e-07
  1.32238575781250e-02   1.60666457910819e-07
  1.32359784375000e-02   1.60664326421722e-07
  1.32480992968750e-02   1.60662194932624e-07
  1.32602201562500e-02   1.60660063443526e-07
  1.32723410156250e-02   1.60657931954428e-07
  1.32844618750000e-02   1.60655800465331e-07
  1.32965827343750e-02   1.60653668976233e-07
  1.33087035937500e-02   1.60651537487135e-07
  1.33208244531250e-02   1.60649405998037e-07
  1.33329453125000e-02   1.60647274508939e-07
  1.33450661718750e-02   1.60645143019842e-07
  1.33571870312500e-02   1.60643011530744e-07
  1.33693078906250e-02   1.60640880041646e-07
  1.33814287500000e-02   1.60638748552548e-07
  1.33935496093750e-02   1.60636617063451e-07
  1.34056704687500e-02   1.60634485574353e-07
  1.34177913281250e-02   1.60632354085255e-07
  1.34299121875000e-02   1.60630222596157e-07
  1.34420330468750e-02   1.60628091107060e-07
  1.34541539062500e-02   1.60625959617962e-07
  1.34662747656250e-02   1.60623828128864e-07
  1.34783956250000e-02   1.60621696639766e-07
  1.34905164843750e-02   1.60619565150668e-07
  1.35026373437500e-02   1.60617433661571e-07
  1.35147582031250e-02   1.60615302172473e-07
  1.35268790625000e-02   1.60613170683375e-07
  1.35389999218750e-02   1.60611039194277e-07
  1.35511207812500e-02   1.60608907705180e-07
  1.35632416406250e-02   1.60606776216082e-07
  1.35753625000000e-02   1.60604644726984e-07
  1.35874833593750e-02   1.60602513237886e-07
  1.35996042187500e-02   1.60600381748789e-07
  1.36117250781250e-02   1.60598250259691e-07
  1.36238459375000e-02   1.60596118770593e-07
  1.36359667968750e-02   1.60593987281495e-07
  1.36480876562500e-02   1.60591855792397e-07
  1.36602085156250e-02   1.60589724303300e-07
  1.36723293750000e-02   1.60587592814202e-07
  1.36844502343750e-02   1.60585461325104e-07
  1.36965710937500e-02   1.60583329836006e-07
  1.37086919531250e-02   1.60581198346909e-07
  1.37208128125000e-02   1.60579066857811e-07
  1.37329336718750e-02   1.60576935368713e-07
  1.37450545312500e-02   1.60574803879615e-07
  1.37571753906250e-02   1.60572672390518e-07
  1.37692962500000e-02   1.60570540901420e-07
  1.37814171093750e-02   1.60568409412322e-07
  1.37935379687500e-02   1.60566277923224e-07
  1.38056588281250e-02   1.60564146434126e-07
  1.38177796875000e-02   1.60562014945029e-07
  1.38299005468750e-02   1.60559883455931e-07
  1.38420214062500e-02   1.60557751966833e-07
  1.38541422656250e-02   1.60555620477735e-07
  1.38662631250000e-02   1.60553488988638e-07
  1.38783839843750e-02   1.60551357499540e-07
  1.38905048437500e-02   1.60549226010442e-07
  1.39026257031250e-02   1.60547094521344e-07
  1.39147465625000e-02   1.60544963032247e-07
  1.39268674218750e-02   1.60542831543149e-07
  1.39389882812500e-02   1.60540700054051e-07
  1.39511091406250e-02   1.60538568564953e-07
  1.39632300000000e-02   1.60536437075855e-07
  1.39753508593750e-02   1.60536266987202e-07
  1.39874717187500e-02   1.60536096898549e-07
  1.39995925781250e-02   1.60535926809896e-07
  1.40117134375000e-02   1.60535756721243e-07
  1.40238342968750e-02   1.60535586632589e-07
  1.40359551562500e-02   1.60535416543936e-07
  1.40480760156250e-02   1.60535246455283e-07
  1.40601968750000e-02   1.60535076366630e-07
  1.40723177343750e-02   1.60534906277977e-07
  1.40844385937500e-02   1.60534736189324e-07
  1.40965594531250e-02   1.60534566100670e-07
  1.41086803125000e-02   1.60534396012017e-07
  1.41208011718750e-02   1.60534225923364e-07
  1.41329220312500e-02   1.60534055834711e-07
  1.41450428906250e-02   1.60533885746058e-07
  1.41571637500000e-02   1.60533715657404e-07
  1.41692846093750e-02   1.60533545568751e-07
  1.41814054687500e-02   1.60533375480098e-07
  1.41935263281250e-02   1.60533205391445e-07
  1.42056471875000e-02   1.60533035302792e-07
  1.42177680468750e-02   1.60532865214138e-07
  1.42298889062500e-02   1.60532695125485e-07
  1.42420097656250e-02   1.60532525036832e-07
  1.42541306250000e-02   1.60532354948179e-07
  1.42662514843750e-02   1.60532184859526e-07
  1.42783723437500e-02   1.60532014770872e-07
  1.42904932031250e-02   1.60531844682219e-07
  1.43026140625000e-02   1.60531674593566e-07
  1.43147349218750e-02   1.60531504504913e-07
  1.43268557812500e-02   1.60531334416260e-07
  1.43389766406250e-02   1.60531164327606e-07
  1.43510975000000e-02   1.60530994238953e-07
  1.43632183593750e-02   1.60530824150300e-07
  1.43753392187500e-02   1.60530654061647e-07
  1.43874600781250e-02   1.60530483972994e-07
  1.43995809375000e-02   1.60530313884341e-07
  1.44117017968750e-02   1.60530143795687e-07
  1.44238226562500e-02   1.60529973707034e-07
  1.44359435156250e-02   1.60529803618381e-07
  1.44480643750000e-02   1.60529633529728e-07
  1.44601852343750e-02   1.60529463441075e-07
  1.44723060937500e-02   1.60529293352421e-07
  1.44844269531250e-02   1.60529123263768e-07
  1.44965478125000e-02   1.60528953175115e-07
  1.45086686718750e-02   1.60528783086462e-07
  1.45207895312500e-02   1.60528612997809e-07
  1.45329103906250e-02   1.60528442909155e-07
  1.45450312500000e-02   1.60528272820502e-07
  1.45571521093750e-02   1.60528102731849e-07
  1.45692729687500e-02   1.60527932643196e-07
  1.45813938281250e-02   1.60527762554543e-07
  1.45935146875000e-02   1.60527592465889e-07
  1.46056355468750e-02   1.60527422377236e-07
  1.46177564062500e-02   1.60527252288583e-07
  1.46298772656250e-02   1.60527082199930e-07
  1.46419981250000e-02   1.60526912111277e-07
  1.46541189843750e-02   1.60526742022623e-07
  1.46662398437500e-02   1.60526571933970e-07
  1.46783607031250e-02   1.60526401845317e-07
  1.46904815625000e-02   1.60526231756664e-07
  1.47026024218750e-02   1.60526061668011e-07
  1.47147232812500e-02   1.60525891579357e-07
  1.47268441406250e-02   1.60525721490704e-07
  1.47389650000000e-02   1.60525551402051e-07
  1.47510858593750e-02   1.60525381313398e-07
  1.47632067187500e-02   1.60525211224745e-07
  1.47753275781250e-02   1.60525041136092e-07
  1.47874484375000e-02   1.60524871047438e-07
  1.47995692968750e-02   1.60524700958785e-07
  1.48116901562500e-02   1.60524530870132e-07
  1.48238110156250e-02   1.60524360781479e-07
  1.48359318750000e-02   1.60524190692826e-07
  1.48480527343750e-02   1.60524020604172e-07
  1.48601735937500e-02   1.60523850515519e-07
  1.48722944531250e-02   1.60523680426866e-07
  1.48844153125000e-02   1.60523510338213e-07
  1.48965361718750e-02   1.60523340249560e-07
  1.49086570312500e-02   1.60523170160906e-07
  1.49207778906250e-02   1.60523000072253e-07
  1.49328987500000e-02   1.60522829983600e-07
  1.49450196093750e-02   1.60522659894947e-07
  1.49571404687500e-02   1.60522489806294e-07
  1.49692613281250e-02   1.60522319717640e-07
  1.49813821875000e-02   1.60522149628987e-07
  1.49935030468750e-02   1.60521979540334e-07
  1.50056239062500e-02   1.60521809451681e-07
  1.50177447656250e-02   1.60521639363028e-07
  1.50298656250000e-02   1.60521469274374e-07
  1.50419864843750e-02   1.60521299185721e-07
  1.50541073437500e-02   1.60521129097068e-07
  1.50662282031250e-02   1.60520959008415e-07
  1.50783490625000e-02   1.60520788919762e-07
  1.50904699218750e-02   1.60520618831108e-07
  1.51025907812500e-02   1.60520448742455e-07
  1.51147116406250e-02   1.60520278653802e-07
  1.51268325000000e-02   1.60520108565149e-07
  1.51389533593750e-02   1.60519938476496e-07
  1.51510742187500e-02   1.60519768387843e-07
  1.51631950781250e-02   1.60519598299189e-07
  1.51753159375000e-02   1.60519428210536e-07
  1.51874367968750e-02   1.60519258121883e-07
  1.51995576562500e-02   1.60519088033230e-07
  1.52116785156250e-02   1.60518917944577e-07
  1.52237993750000e-02   1.60518747855923e-07
  1.52359202343750e-02   1.60518577767270e-07
  1.52480410937500e-02   1.60518407678617e-07
  1.52601619531250e-02   1.60518237589964e-07
  1.52722828125000e-02   1.60518067501311e-07
  1.52844036718750e-02   1.60517897412657e-07
  1.52965245312500e-02   1.60517727324004e-07
  1.53086453906250e-02   1.60517557235351e-07
  1.53207662500000e-02   1.60517387146698e-07
  1.53328871093750e-02   1.60517217058045e-07
  1.53450079687500e-02   1.60517046969391e-07
  1.53571288281250e-02   1.60516876880738e-07
  1.53692496875000e-02   1.60516706792085e-07
  1.53813705468750e-02   1.60516536703432e-07
  1.53934914062500e-02   1.60516366614779e-07
  1.54056122656250e-02   1.60516196526125e-07
  1.54177331250000e-02   1.60516026437472e-07
  1.54298539843750e-02   1.60515856348819e-07
  1.54419748437500e-02   1.60515686260166e-07
  1.54540957031250e-02   1.60515516171513e-07
  1.54662165625000e-02   1.60515346082860e-07
  1.54783374218750e-02   1.60515175994206e-07
  1.54904582812500e-02   1.60515005905553e-07
  1.55025791406250e-02   1.60514835816900e-07
  1.55147000000000e-02   1.60514665728247e-07
