  1.21208593750000e-05  -2.75637069588226e-16
  2.42417187500000e-05  -2.74968543543370e-16
  3.63625781250000e-05  -2.74300017498515e-16
  4.84834375000000e-05  -2.73631491453659e-16
  6.06042968750000e-05  -2.72962965408803e-16
  7.27251562500000e-05  -2.72294439363947e-16
  8.48460156250000e-05  -2.71625913319092e-16
  9.69668750000000e-05  -2.70957387274236e-16
  1.09087734375000e-04  -2.70288861229380e-16
  1.21208593750000e-04  -2.69620335184525e-16
  1.33329453125000e-04  -2.68951809139669e-16
  1.45450312500000e-04  -2.68283283094813e-16
  1.57571171875000e-04  -2.67614757049958e-16
  1.69692031250000e-04  -2.66946231005102e-16
  1.81812890625000e-04  -2.66277704960246e-16
  1.93933750000000e-04  -2.65609178915390e-16
  2.06054609375000e-04  -2.64940652870535e-16
  2.18175468750000e-04  -2.64272126825679e-16
  2.30296328125000e-04  -2.63603600780823e-16
  2.42417187500000e-04  -2.62935074735968e-16
  2.54538046875000e-04  -2.62266548691112e-16
  2.66658906250000e-04  -2.61598022646256e-16
  2.78779765625000e-04  -2.60929496601400e-16
  2.90900625000000e-04  -2.60260970556545e-16
  3.03021484375000e-04  -2.59592444511689e-16
  3.15142343750000e-04  -2.58923918466833e-16
  3.27263203125000e-04  -2.58255392421978e-16
  3.39384062500000e-04  -2.57586866377122e-16
  3.51504921875000e-04  -2.56918340332266e-16
  3.63625781250000e-04  -2.56249814287410e-16
  3.75746640625000e-04  -2.55581288242555e-16
  3.87867500000000e-04  -2.54912762197699e-16
  3.99988359375000e-04  -2.54244236152843e-16
  4.12109218750000e-04  -2.53575710107988e-16
  4.24230078125000e-04  -2.52907184063132e-16
  4.36350937500000e-04  -2.52238658018276e-16
  4.48471796875000e-04  -2.51570131973420e-16
  4.60592656250000e-04  -2.50901605928565e-16
  4.72713515625000e-04  -2.50233079883709e-16
  4.84834375000000e-04  -2.49564553838853e-16
  4.96955234375000e-04  -2.48896027793998e-16
  5.09076093750000e-04  -2.48227501749142e-16
  5.21196953125000e-04  -2.47558975704286e-16
  5.33317812500000e-04  -2.46890449659430e-16
  5.45438671875000e-04  -2.46221923614575e-16
  5.57559531250000e-04  -2.45553397569719e-16
  5.69680390625000e-04  -2.44884871524863e-16
  5.81801250000000e-04  -2.44216345480008e-16
  5.93922109375000e-04  -2.43547819435152e-16
  6.06042968750000e-04  -2.42879293390296e-16
  6.18163828125000e-04  -2.42210767345441e-16
  6.30284687500000e-04  -2.41542241300585e-16
  6.42405546875000e-04  -2.40873715255729e-16
  6.54526406250000e-04  -2.40205189210873e-16
  6.66647265625000e-04  -2.39536663166018e-16
  6.78768125000000e-04  -2.38868137121162e-16
  6.90888984375000e-04  -2.38199611076306e-16
  7.03009843750000e-04  -2.37531085031451e-16
  7.15130703125000e-04  -2.36862558986595e-16
  7.27251562500000e-04  -2.36194032941739e-16
  7.39372421875000e-04  -2.35525506896883e-16
  7.51493281250000e-04  -2.34856980852028e-16
  7.63614140625000e-04  -2.34188454807172e-16
  7.75735000000000e-04  -2.33519928762316e-16
  7.87855859375000e-04  -2.32851402717461e-16
  7.99976718750000e-04  -2.32182876672605e-16
  8.12097578125000e-04  -2.31514350627749e-16
  8.24218437500000e-04  -2.30845824582893e-16
  8.36339296875000e-04  -2.30177298538038e-16
  8.48460156250000e-04  -2.29508772493182e-16
  8.60581015625000e-04  -2.28840246448326e-16
  8.72701875000000e-04  -2.28171720403471e-16
  8.84822734375000e-04  -2.27503194358615e-16
  8.96943593750000e-04  -2.26834668313759e-16
  9.09064453125000e-04  -2.26166142268903e-16
  9.21185312500000e-04  -2.25497616224048e-16
  9.33306171875000e-04  -2.24829090179192e-16
  9.45427031250000e-04  -2.24160564134336e-16
  9.57547890625000e-04  -2.23492038089481e-16
  9.69668750000000e-04  -2.22823512044625e-16
  9.81789609375000e-04  -2.22154985999769e-16
  9.93910468750000e-04  -2.21486459954914e-16
  1.00603132812500e-03  -2.20817933910058e-16
  1.01815218750000e-03  -2.20149407865202e-16
  1.03027304687500e-03  -2.19480881820346e-16
  1.04239390625000e-03  -2.18812355775491e-16
  1.05451476562500e-03  -2.18143829730635e-16
  1.06663562500000e-03  -2.17475303685779e-16
  1.07875648437500e-03  -2.16806777640924e-16
  1.09087734375000e-03  -2.16138251596068e-16
  1.10299820312500e-03  -2.15469725551212e-16
  1.11511906250000e-03  -2.14801199506356e-16
  1.12723992187500e-03  -2.14132673461501e-16
  1.13936078125000e-03  -2.13464147416645e-16
  1.15148164062500e-03  -2.12795621371789e-16
  1.16360250000000e-03  -2.12127095326934e-16
  1.17572335937500e-03  -2.11458569282078e-16
  1.18784421875000e-03  -2.10790043237222e-16
  1.19996507812500e-03  -2.10121517192366e-16
  1.21208593750000e-03  -2.09452991147511e-16
  1.22420679687500e-03  -2.08784465102655e-16
  1.23632765625000e-03  -2.08115939057799e-16
  1.24844851562500e-03  -2.07447413012944e-16
  1.26056937500000e-03  -2.06778886968088e-16
  1.27269023437500e-03  -2.06110360923232e-16
  1.28481109375000e-03  -2.05441834878376e-16
  1.29693195312500e-03  -2.04773308833521e-16
  1.30905281250000e-03  -2.04104782788665e-16
  1.32117367187500e-03  -2.03436256743809e-16
  1.33329453125000e-03  -2.02767730698954e-16
  1.34541539062500e-03  -2.02099204654098e-16
  1.35753625000000e-03  -2.01430678609242e-16
  1.36965710937500e-03  -2.00762152564387e-16
  1.38177796875000e-03  -2.00093626519531e-16
  1.39389882812500e-03  -1.99425100474675e-16
  1.40601968750000e-03  -1.98756574429819e-16
  1.41814054687500e-03  -1.98088048384964e-16
  1.43026140625000e-03  -1.97419522340108e-16
  1.44238226562500e-03  -1.96750996295252e-16
  1.45450312500000e-03  -1.96082470250397e-16
  1.46662398437500e-03  -1.95413944205541e-16
  1.47874484375000e-03  -1.94745418160685e-16
  1.49086570312500e-03  -1.94076892115829e-16
  1.50298656250000e-03  -1.93408366070974e-16
  1.51510742187500e-03  -1.92739840026118e-16
  1.52722828125000e-03  -1.92071313981262e-16
  1.53934914062500e-03  -1.91402787936407e-16
  1.55147000000000e-03  -1.90734261891551e-16
  1.56359085937500e-03  -1.90065735846695e-16
  1.57571171875000e-03  -1.89397209801839e-16
  1.58783257812500e-03  -1.88728683756984e-16
  1.59995343750000e-03  -1.88060157712128e-16
  1.61207429687500e-03  -1.87391631667272e-16
  1.62419515625000e-03  -1.86723105622417e-16
  1.63631601562500e-03  -1.86054579577561e-16
  1.64843687500000e-03  -1.85386053532705e-16
  1.66055773437500e-03  -1.84717527487849e-16
  1.67267859375000e-03  -1.84049001442994e-16
  1.68479945312500e-03  -1.83380475398138e-16
  1.69692031250000e-03  -1.82711949353282e-16
  1.70904117187500e-03  -1.82043423308427e-16
  1.72116203125000e-03  -1.81374897263571e-16
  1.73328289062500e-03  -1.80706371218715e-16
  1.74540375000000e-03  -1.80037845173860e-16
  1.75752460937500e-03  -1.79369319129004e-16
  1.76964546875000e-03  -1.78700793084148e-16
  1.78176632812500e-03  -1.78032267039292e-16
  1.79388718750000e-03  -1.77363740994437e-16
  1.80600804687500e-03  -1.76695214949581e-16
  1.81812890625000e-03  -1.76026688904725e-16
  1.83024976562500e-03  -1.75358162859870e-16
  1.84237062500000e-03  -1.74689636815014e-16
  1.85449148437500e-03  -1.74021110770158e-16
  1.86661234375000e-03  -1.73352584725302e-16
  1.87873320312500e-03  -1.72684058680447e-16
  1.89085406250000e-03  -1.72015532635591e-16
  1.90297492187500e-03  -1.71347006590735e-16
  1.91509578125000e-03  -1.70678480545880e-16
  1.92721664062500e-03  -1.70009954501024e-16
  1.93933750000000e-03  -1.69341428456168e-16
  1.95145835937500e-03  -1.68672902411312e-16
  1.96357921875000e-03  -1.68004376366457e-16
  1.97570007812500e-03  -1.67335850321601e-16
  1.98782093750000e-03  -1.66667324276745e-16
  1.99994179687500e-03  -1.65998798231890e-16
  2.01206265625000e-03  -1.65330272187034e-16
  2.02418351562500e-03  -1.64661746142178e-16
  2.03630437500000e-03  -1.63993220097322e-16
  2.04842523437500e-03  -1.63324694052467e-16
  2.06054609375000e-03  -1.62656168007611e-16
  2.07266695312500e-03  -1.61987641962755e-16
  2.08478781250000e-03  -1.61319115917900e-16
  2.09690867187500e-03  -1.60650589873044e-16
  2.10902953125000e-03  -1.59982063828188e-16
  2.12115039062500e-03  -1.59313537783333e-16
  2.13327125000000e-03  -1.58645011738477e-16
  2.14539210937500e-03  -1.57976485693621e-16
  2.15751296875000e-03  -1.57307959648765e-16
  2.16963382812500e-03  -1.56639433603910e-16
  2.18175468750000e-03  -1.55970907559054e-16
  2.19387554687500e-03  -1.55302381514198e-16
  2.20599640625000e-03  -1.54633855469343e-16
  2.21811726562500e-03  -1.53965329424487e-16
  2.23023812500000e-03  -1.53296803379631e-16
  2.24235898437500e-03  -1.52628277334775e-16
  2.25447984375000e-03  -1.51959751289920e-16
  2.26660070312500e-03  -1.51291225245064e-16
  2.27872156250000e-03  -1.50622699200208e-16
  2.29084242187500e-03  -1.49954173155353e-16
  2.30296328125000e-03  -1.49285647110497e-16
  2.31508414062500e-03  -1.48617121065641e-16
  2.32720500000000e-03  -1.47948595020785e-16
  2.33932585937500e-03  -1.47280068975930e-16
  2.35144671875000e-03  -1.46611542931074e-16
  2.36356757812500e-03  -1.45943016886218e-16
  2.37568843750000e-03  -1.45274490841363e-16
  2.38780929687500e-03  -1.44605964796507e-16
  2.39993015625000e-03  -1.43937438751651e-16
  2.41205101562500e-03  -1.43268912706795e-16
  2.42417187500000e-03  -1.42600386661940e-16
  2.43629273437500e-03  -1.41931860617084e-16
  2.44841359375000e-03  -1.41263334572228e-16
  2.46053445312500e-03  -1.40594808527373e-16
  2.47265531250000e-03  -1.39926282482517e-16
  2.48477617187500e-03  -1.39257756437661e-16
  2.49689703125000e-03  -1.38589230392806e-16
  2.50901789062500e-03  -1.37920704347950e-16
  2.52113875000000e-03  -1.37252178303094e-16
  2.53325960937500e-03  -1.36583652258238e-16
  2.54538046875000e-03  -1.35915126213383e-16
  2.55750132812500e-03  -1.35246600168527e-16
  2.56962218750000e-03  -1.34578074123671e-16
  2.58174304687500e-03  -1.33909548078816e-16
  2.59386390625000e-03  -1.33241022033960e-16
  2.60598476562500e-03  -1.32572495989104e-16
  2.61810562500000e-03  -1.31903969944248e-16
  2.63022648437500e-03  -1.31235443899393e-16
  2.64234734375000e-03  -1.30566917854537e-16
  2.65446820312500e-03  -1.29898391809681e-16
  2.66658906250000e-03  -1.29229865764826e-16
  2.67870992187500e-03  -1.28561339719970e-16
  2.69083078125000e-03  -1.27892813675114e-16
  2.70295164062500e-03  -1.27224287630258e-16
  2.71507250000000e-03  -1.26555761585403e-16
  2.72719335937500e-03  -1.25887235540547e-16
  2.73931421875000e-03  -1.25218709495691e-16
  2.75143507812500e-03  -1.24550183450836e-16
  2.76355593750000e-03  -1.23881657405980e-16
  2.77567679687500e-03  -1.23213131361124e-16
  2.78779765625000e-03  -1.22544605316268e-16
  2.79991851562500e-03  -1.21876079271413e-16
  2.81203937500000e-03  -1.21207553226557e-16
  2.82416023437500e-03  -1.20539027181701e-16
  2.83628109375000e-03  -1.19870501136846e-16
  2.84840195312500e-03  -1.19201975091990e-16
  2.86052281250000e-03  -1.18533449047134e-16
  2.87264367187500e-03  -1.17864923002278e-16
  2.88476453125000e-03  -1.17196396957423e-16
  2.89688539062500e-03  -1.16527870912567e-16
  2.90900625000000e-03  -1.15859344867711e-16
  2.92112710937500e-03  -1.15190818822856e-16
  2.93324796875000e-03  -1.14522292778000e-16
  2.94536882812500e-03  -1.13853766733144e-16
  2.95748968750000e-03  -1.13185240688289e-16
  2.96961054687500e-03  -1.12516714643433e-16
  2.98173140625000e-03  -1.11848188598577e-16
  2.99385226562500e-03  -1.11179662553721e-16
  3.00597312500000e-03  -1.10511136508866e-16
  3.01809398437500e-03  -1.09842610464010e-16
  3.03021484375000e-03  -1.09174084419154e-16
  3.04233570312500e-03  -1.08505558374299e-16
  3.05445656250000e-03  -1.07837032329443e-16
  3.06657742187500e-03  -1.07168506284587e-16
  3.07869828125000e-03  -1.06499980239731e-16
  3.09081914062500e-03  -1.05831454194876e-16
  3.10294000000000e-03  -1.05162928150020e-16
  3.11506085937500e-03  -1.04906217950272e-16
  3.12718171875000e-03  -1.04649507750525e-16
  3.13930257812500e-03  -1.04392797550777e-16
  3.15142343750000e-03  -1.04136087351029e-16
  3.16354429687500e-03  -1.03879377151281e-16
  3.17566515625000e-03  -1.03622666951534e-16
  3.18778601562500e-03  -1.03365956751786e-16
  3.19990687500000e-03  -1.03109246552038e-16
  3.21202773437500e-03  -1.02852536352291e-16
  3.22414859375000e-03  -1.02595826152543e-16
  3.23626945312500e-03  -1.02339115952795e-16
  3.24839031250000e-03  -1.02082405753048e-16
  3.26051117187500e-03  -1.01825695553300e-16
  3.27263203125000e-03  -1.01568985353552e-16
  3.28475289062500e-03  -1.01312275153804e-16
  3.29687375000000e-03  -1.01055564954057e-16
  3.30899460937500e-03  -1.00798854754309e-16
  3.32111546875000e-03  -1.00542144554561e-16
  3.33323632812500e-03  -1.00285434354814e-16
  3.34535718750000e-03  -1.00028724155066e-16
  3.35747804687500e-03  -9.97720139553182e-17
  3.36959890625000e-03  -9.95153037555705e-17
  3.38171976562500e-03  -9.92585935558228e-17
  3.39384062500000e-03  -9.90018833560751e-17
  3.40596148437500e-03  -9.87451731563274e-17
  3.41808234375000e-03  -9.84884629565797e-17
  3.43020320312500e-03  -9.82317527568320e-17
  3.44232406250000e-03  -9.79750425570843e-17
  3.45444492187500e-03  -9.77183323573366e-17
  3.46656578125000e-03  -9.74616221575889e-17
  3.47868664062500e-03  -9.72049119578412e-17
  3.49080750000000e-03  -9.69482017580935e-17
  3.50292835937500e-03  -9.66914915583457e-17
  3.51504921875000e-03  -9.64347813585980e-17
  3.52717007812500e-03  -9.61780711588503e-17
  3.53929093750000e-03  -9.59213609591026e-17
  3.55141179687500e-03  -9.56646507593549e-17
  3.56353265625000e-03  -9.54079405596072e-17
  3.57565351562500e-03  -9.51512303598595e-17
  3.58777437500000e-03  -9.48945201601118e-17
  3.59989523437500e-03  -9.46378099603641e-17
  3.61201609375000e-03  -9.43810997606164e-17
  3.62413695312500e-03  -9.41243895608687e-17
  3.63625781250000e-03  -9.38676793611210e-17
  3.64837867187500e-03  -9.36109691613733e-17
  3.66049953125000e-03  -9.33542589616256e-17
  3.67262039062500e-03  -9.30975487618779e-17
  3.68474125000000e-03  -9.28408385621302e-17
  3.69686210937500e-03  -9.25841283623825e-17
  3.70898296875000e-03  -9.23274181626348e-17
  3.72110382812500e-03  -9.20707079628871e-17
  3.73322468750000e-03  -9.18139977631394e-17
  3.74534554687500e-03  -9.15572875633917e-17
  3.75746640625000e-03  -9.13005773636439e-17
  3.76958726562500e-03  -9.10438671638962e-17
  3.78170812500000e-03  -9.07871569641485e-17
  3.79382898437500e-03  -9.05304467644008e-17
  3.80594984375000e-03  -9.02737365646531e-17
  3.81807070312500e-03  -9.00170263649054e-17
  3.83019156250000e-03  -8.97603161651577e-17
  3.84231242187500e-03  -8.95036059654100e-17
  3.85443328125000e-03  -8.92468957656623e-17
  3.86655414062500e-03  -8.89901855659146e-17
  3.87867500000000e-03  -8.87334753661669e-17
  3.89079585937500e-03  -8.84767651664192e-17
  3.90291671875000e-03  -8.82200549666715e-17
  3.91503757812500e-03  -8.79633447669238e-17
  3.92715843750000e-03  -8.77066345671761e-17
  3.93927929687500e-03  -8.74499243674284e-17
  3.95140015625000e-03  -8.71932141676807e-17
  3.96352101562500e-03  -8.69365039679330e-17
  3.97564187500000e-03  -8.66797937681853e-17
  3.98776273437500e-03  -8.64230835684376e-17
  3.99988359375000e-03  -8.61663733686899e-17
  4.01200445312500e-03  -8.59096631689422e-17
  4.02412531250000e-03  -8.56529529691944e-17
  4.03624617187500e-03  -8.53962427694467e-17
  4.04836703125000e-03  -8.51395325696990e-17
  4.06048789062500e-03  -8.48828223699513e-17
  4.07260875000000e-03  -8.46261121702036e-17
  4.08472960937500e-03  -8.43694019704559e-17
  4.09685046875000e-03  -8.41126917707082e-17
  4.10897132812500e-03  -8.38559815709605e-17
  4.12109218750000e-03  -8.35992713712128e-17
  4.13321304687500e-03  -8.33425611714651e-17
  4.14533390625000e-03  -8.30858509717174e-17
  4.15745476562500e-03  -8.28291407719697e-17
  4.16957562500000e-03  -8.25724305722220e-17
  4.18169648437500e-03  -8.23157203724743e-17
  4.19381734375000e-03  -8.20590101727266e-17
  4.20593820312500e-03  -8.18022999729789e-17
  4.21805906250000e-03  -8.15455897732312e-17
  4.23017992187500e-03  -8.12888795734835e-17
  4.24230078125000e-03  -8.10321693737358e-17
  4.25442164062500e-03  -8.07754591739881e-17
  4.26654250000000e-03  -8.05187489742404e-17
  4.27866335937500e-03  -8.02620387744927e-17
  4.29078421875000e-03  -8.00053285747450e-17
  4.30290507812500e-03  -7.97486183749972e-17
  4.31502593750000e-03  -7.94919081752495e-17
  4.32714679687500e-03  -7.92351979755018e-17
  4.33926765625000e-03  -7.89784877757541e-17
  4.35138851562500e-03  -7.87217775760064e-17
  4.36350937500000e-03  -7.84650673762587e-17
  4.37563023437500e-03  -7.82083571765110e-17
  4.38775109375000e-03  -7.79516469767633e-17
  4.39987195312500e-03  -7.76949367770156e-17
  4.41199281250000e-03  -7.74382265772679e-17
  4.42411367187500e-03  -7.71815163775202e-17
  4.43623453125000e-03  -7.69248061777725e-17
  4.44835539062500e-03  -7.66680959780248e-17
  4.46047625000000e-03  -7.64113857782771e-17
  4.47259710937500e-03  -7.61546755785294e-17
  4.48471796875000e-03  -7.58979653787817e-17
  4.49683882812500e-03  -7.56412551790340e-17
  4.50895968750000e-03  -7.53845449792863e-17
  4.52108054687500e-03  -7.51278347795386e-17
  4.53320140625000e-03  -7.48711245797909e-17
  4.54532226562500e-03  -7.46144143800432e-17
  4.55744312500000e-03  -7.43577041802955e-17
  4.56956398437500e-03  -7.41009939805477e-17
  4.58168484375000e-03  -7.38442837808000e-17
  4.59380570312500e-03  -7.35875735810523e-17
  4.60592656250000e-03  -7.33308633813046e-17
  4.61804742187500e-03  -7.30741531815569e-17
  4.63016828125000e-03  -7.28174429818092e-17
  4.64228914062500e-03  -7.25607327820615e-17
  4.65441000000000e-03  -7.23040225823138e-17
  4.66653085937500e-03  -7.20473123825661e-17
  4.67865171875000e-03  -7.17906021828184e-17
  4.69077257812500e-03  -7.15338919830707e-17
  4.70289343750000e-03  -7.12771817833230e-17
  4.71501429687500e-03  -7.10204715835753e-17
  4.72713515625000e-03  -7.07637613838276e-17
  4.73925601562500e-03  -7.05070511840799e-17
  4.75137687500000e-03  -7.02503409843322e-17
  4.76349773437500e-03  -6.99936307845845e-17
  4.77561859375000e-03  -6.97369205848368e-17
  4.78773945312500e-03  -6.94802103850891e-17
  4.79986031250000e-03  -6.92235001853414e-17
  4.81198117187500e-03  -6.89667899855937e-17
  4.82410203125000e-03  -6.87100797858460e-17
  4.83622289062500e-03  -6.84533695860982e-17
  4.84834375000000e-03  -6.81966593863505e-17
  4.86046460937500e-03  -6.79399491866028e-17
  4.87258546875000e-03  -6.76832389868551e-17
  4.88470632812500e-03  -6.74265287871074e-17
  4.89682718750000e-03  -6.71698185873597e-17
  4.90894804687500e-03  -6.69131083876120e-17
  4.92106890625000e-03  -6.66563981878643e-17
  4.93318976562500e-03  -6.63996879881166e-17
  4.94531062500000e-03  -6.61429777883689e-17
  4.95743148437500e-03  -6.58862675886212e-17
  4.96955234375000e-03  -6.56295573888735e-17
  4.98167320312500e-03  -6.53728471891258e-17
  4.99379406250000e-03  -6.51161369893781e-17
  5.00591492187500e-03  -6.48594267896304e-17
  5.01803578125000e-03  -6.46027165898827e-17
  5.03015664062500e-03  -6.43460063901350e-17
  5.04227750000000e-03  -6.40892961903873e-17
  5.05439835937500e-03  -6.38325859906396e-17
  5.06651921875000e-03  -6.35758757908919e-17
  5.07864007812500e-03  -6.33191655911442e-17
  5.09076093750000e-03  -6.30624553913965e-17
  5.10288179687500e-03  -6.28057451916487e-17
  5.11500265625000e-03  -6.25490349919011e-17
  5.12712351562500e-03  -6.22923247921533e-17
  5.13924437500000e-03  -6.20356145924056e-17
  5.15136523437500e-03  -6.17789043926579e-17
  5.16348609375000e-03  -6.15221941929102e-17
  5.17560695312500e-03  -6.12654839931625e-17
  5.18772781250000e-03  -6.10087737934148e-17
  5.19984867187500e-03  -6.07520635936671e-17
  5.21196953125000e-03  -6.04953533939194e-17
  5.22409039062500e-03  -6.02386431941717e-17
  5.23621125000000e-03  -5.99819329944240e-17
  5.24833210937500e-03  -5.97252227946763e-17
  5.26045296875000e-03  -5.94685125949286e-17
  5.27257382812500e-03  -5.92118023951809e-17
  5.28469468750000e-03  -5.89550921954332e-17
  5.29681554687500e-03  -5.86983819956855e-17
  5.30893640625000e-03  -5.84416717959378e-17
  5.32105726562500e-03  -5.81849615961901e-17
  5.33317812500000e-03  -5.79282513964423e-17
  5.34529898437500e-03  -5.76715411966946e-17
  5.35741984375000e-03  -5.74148309969469e-17
  5.36954070312500e-03  -5.71581207971992e-17
  5.38166156250000e-03  -5.69014105974515e-17
  5.39378242187500e-03  -5.66447003977038e-17
  5.40590328125000e-03  -5.63879901979561e-17
  5.41802414062500e-03  -5.61312799982084e-17
  5.43014500000000e-03  -5.58745697984607e-17
  5.44226585937500e-03  -5.56178595987130e-17
  5.45438671875000e-03  -5.53611493989653e-17
  5.46650757812500e-03  -5.51044391992176e-17
  5.47862843750000e-03  -5.48477289994699e-17
  5.49074929687500e-03  -5.45910187997222e-17
  5.50287015625000e-03  -5.43343085999745e-17
  5.51499101562500e-03  -5.40775984002268e-17
  5.52711187500000e-03  -5.38208882004791e-17
  5.53923273437500e-03  -5.35641780007314e-17
  5.55135359375000e-03  -5.33074678009837e-17
  5.56347445312500e-03  -5.30507576012360e-17
  5.57559531250000e-03  -5.27940474014883e-17
  5.58771617187500e-03  -5.25373372017406e-17
  5.59983703125000e-03  -5.22806270019929e-17
  5.61195789062500e-03  -5.20239168022451e-17
  5.62407875000000e-03  -5.17672066024974e-17
  5.63619960937500e-03  -5.15104964027497e-17
  5.64832046875000e-03  -5.12537862030020e-17
  5.66044132812500e-03  -5.09970760032543e-17
  5.67256218750000e-03  -5.07403658035066e-17
  5.68468304687500e-03  -5.04836556037589e-17
  5.69680390625000e-03  -5.02269454040112e-17
  5.70892476562500e-03  -4.99702352042635e-17
  5.72104562500000e-03  -4.97135250045158e-17
  5.73316648437500e-03  -4.94568148047681e-17
  5.74528734375000e-03  -4.92001046050204e-17
  5.75740820312500e-03  -4.89433944052727e-17
  5.76952906250000e-03  -4.86866842055250e-17
  5.78164992187500e-03  -4.84299740057773e-17
  5.79377078125000e-03  -4.81732638060296e-17
  5.80589164062500e-03  -4.79165536062819e-17
  5.81801250000000e-03  -4.76598434065342e-17
  5.83013335937500e-03  -4.74031332067865e-17
  5.84225421875000e-03  -4.71464230070388e-17
  5.85437507812500e-03  -4.68897128072911e-17
  5.86649593750000e-03  -4.66330026075433e-17
  5.87861679687500e-03  -4.63762924077956e-17
  5.89073765625000e-03  -4.61195822080479e-17
  5.90285851562500e-03  -4.58628720083002e-17
  5.91497937500000e-03  -4.56061618085525e-17
  5.92710023437500e-03  -4.53494516088048e-17
  5.93922109375000e-03  -4.50927414090571e-17
  5.95134195312500e-03  -4.48360312093094e-17
  5.96346281250000e-03  -4.45793210095617e-17
  5.97558367187500e-03  -4.43226108098140e-17
  5.98770453125000e-03  -4.40659006100663e-17
  5.99982539062500e-03  -4.38091904103186e-17
  6.01194625000000e-03  -4.35524802105709e-17
  6.02406710937500e-03  -4.32957700108232e-17
  6.03618796875000e-03  -4.30390598110755e-17
  6.04830882812500e-03  -4.27823496113278e-17
  6.06042968750000e-03  -4.25256394115801e-17
  6.07255054687500e-03  -4.22689292118324e-17
  6.08467140625000e-03  -4.20122190120847e-17
  6.09679226562500e-03  -4.17555088123370e-17
  6.10891312500000e-03  -4.14987986125893e-17
  6.12103398437500e-03  -4.12420884128416e-17
  6.13315484375000e-03  -4.09853782130938e-17
  6.14527570312500e-03  -4.07286680133461e-17
  6.15739656250000e-03  -4.04719578135984e-17
  6.16951742187500e-03  -4.02152476138507e-17
  6.18163828125000e-03  -3.99585374141030e-17
  6.19375914062500e-03  -3.97018272143553e-17
  6.20588000000000e-03  -3.94451170146076e-17
  6.21800085937500e-03  -3.93039555280172e-17
  6.23012171875000e-03  -3.91627940414268e-17
  6.24224257812500e-03  -3.90216325548364e-17
  6.25436343750000e-03  -3.88804710682460e-17
  6.26648429687500e-03  -3.87393095816556e-17
  6.27860515625000e-03  -3.85981480950651e-17
  6.29072601562500e-03  -3.84569866084747e-17
  6.30284687500000e-03  -3.83158251218843e-17
  6.31496773437500e-03  -3.81746636352939e-17
  6.32708859375000e-03  -3.80335021487035e-17
  6.33920945312500e-03  -3.78923406621131e-17
  6.35133031250000e-03  -3.77511791755227e-17
  6.36345117187500e-03  -3.76100176889323e-17
  6.37557203125000e-03  -3.74688562023419e-17
  6.38769289062500e-03  -3.73276947157514e-17
  6.39981375000000e-03  -3.71865332291610e-17
  6.41193460937500e-03  -3.70453717425706e-17
  6.42405546875000e-03  -3.69042102559802e-17
  6.43617632812500e-03  -3.67630487693898e-17
  6.44829718750000e-03  -3.66218872827994e-17
  6.46041804687500e-03  -3.64807257962090e-17
  6.47253890625000e-03  -3.63395643096186e-17
  6.48465976562500e-03  -3.61984028230282e-17
  6.49678062500000e-03  -3.60572413364377e-17
  6.50890148437500e-03  -3.59160798498473e-17
  6.52102234375000e-03  -3.57749183632569e-17
  6.53314320312500e-03  -3.56337568766665e-17
  6.54526406250000e-03  -3.54925953900761e-17
  6.55738492187500e-03  -3.53514339034857e-17
  6.56950578125000e-03  -3.52102724168953e-17
  6.58162664062500e-03  -3.50691109303049e-17
  6.59374750000000e-03  -3.49279494437145e-17
  6.60586835937500e-03  -3.47867879571240e-17
  6.61798921875000e-03  -3.46456264705336e-17
  6.63011007812500e-03  -3.45044649839432e-17
  6.64223093750000e-03  -3.43633034973528e-17
  6.65435179687500e-03  -3.42221420107624e-17
  6.66647265625000e-03  -3.40809805241720e-17
  6.67859351562500e-03  -3.39398190375816e-17
  6.69071437500000e-03  -3.37986575509912e-17
  6.70283523437500e-03  -3.36574960644007e-17
  6.71495609375000e-03  -3.35163345778103e-17
  6.72707695312500e-03  -3.33751730912199e-17
  6.73919781250000e-03  -3.32340116046295e-17
  6.75131867187500e-03  -3.30928501180391e-17
  6.76343953125000e-03  -3.29516886314487e-17
  6.77556039062500e-03  -3.28105271448583e-17
  6.78768125000000e-03  -3.26693656582679e-17
  6.79980210937500e-03  -3.25282041716775e-17
  6.81192296875000e-03  -3.23870426850870e-17
  6.82404382812500e-03  -3.22458811984966e-17
  6.83616468750000e-03  -3.21047197119062e-17
  6.84828554687500e-03  -3.19635582253158e-17
  6.86040640625000e-03  -3.18223967387254e-17
  6.87252726562500e-03  -3.16812352521350e-17
  6.88464812500000e-03  -3.15400737655446e-17
  6.89676898437500e-03  -3.13989122789542e-17
  6.90888984375000e-03  -3.12577507923637e-17
  6.92101070312500e-03  -3.11165893057733e-17
  6.93313156250000e-03  -3.09754278191829e-17
  6.94525242187500e-03  -3.08342663325925e-17
  6.95737328125000e-03  -3.06931048460021e-17
  6.96949414062500e-03  -3.05519433594117e-17
  6.98161500000000e-03  -3.04107818728213e-17
  6.99373585937500e-03  -3.02696203862309e-17
  7.00585671875000e-03  -3.01284588996405e-17
  7.01797757812500e-03  -2.99872974130500e-17
  7.03009843750000e-03  -2.98461359264596e-17
  7.04221929687500e-03  -2.97049744398692e-17
  7.05434015625000e-03  -2.95638129532788e-17
  7.06646101562500e-03  -2.94226514666884e-17
  7.07858187500000e-03  -2.92814899800980e-17
  7.09070273437500e-03  -2.91403284935076e-17
  7.10282359375000e-03  -2.89991670069172e-17
  7.11494445312500e-03  -2.88580055203268e-17
  7.12706531250000e-03  -2.87168440337363e-17
  7.13918617187500e-03  -2.85756825471459e-17
  7.15130703125000e-03  -2.84345210605555e-17
  7.16342789062500e-03  -2.82933595739651e-17
  7.17554875000000e-03  -2.81521980873747e-17
  7.18766960937500e-03  -2.80110366007843e-17
  7.19979046875000e-03  -2.78698751141939e-17
  7.21191132812500e-03  -2.77287136276035e-17
  7.22403218750000e-03  -2.75875521410130e-17
  7.23615304687500e-03  -2.74463906544226e-17
  7.24827390625000e-03  -2.73052291678322e-17
  7.26039476562500e-03  -2.71640676812418e-17
  7.27251562500000e-03  -2.70229061946514e-17
  7.28463648437500e-03  -2.68817447080610e-17
  7.29675734375000e-03  -2.67405832214706e-17
  7.30887820312500e-03  -2.65994217348802e-17
  7.32099906250000e-03  -2.64582602482897e-17
  7.33311992187500e-03  -2.63170987616993e-17
  7.34524078125000e-03  -2.61759372751089e-17
  7.35736164062500e-03  -2.60347757885185e-17
  7.36948250000000e-03  -2.58936143019281e-17
  7.38160335937500e-03  -2.57524528153377e-17
  7.39372421875000e-03  -2.56112913287473e-17
  7.40584507812500e-03  -2.54701298421569e-17
  7.41796593750000e-03  -2.53289683555665e-17
  7.43008679687500e-03  -2.51878068689760e-17
  7.44220765625000e-03  -2.50466453823856e-17
  7.45432851562500e-03  -2.49054838957952e-17
  7.46644937500000e-03  -2.47643224092048e-17
  7.47857023437500e-03  -2.46231609226144e-17
  7.49069109375000e-03  -2.44819994360240e-17
  7.50281195312500e-03  -2.43408379494336e-17
  7.51493281250000e-03  -2.41996764628432e-17
  7.52705367187500e-03  -2.40585149762527e-17
  7.53917453125000e-03  -2.39173534896623e-17
  7.55129539062500e-03  -2.37761920030719e-17
  7.56341625000000e-03  -2.36350305164815e-17
  7.57553710937500e-03  -2.34938690298911e-17
  7.58765796875000e-03  -2.33527075433007e-17
  7.59977882812500e-03  -2.32115460567103e-17
  7.61189968750000e-03  -2.30703845701199e-17
  7.62402054687500e-03  -2.29292230835295e-17
  7.63614140625000e-03  -2.27880615969390e-17
  7.64826226562500e-03  -2.26469001103486e-17
  7.66038312500000e-03  -2.25057386237582e-17
  7.67250398437500e-03  -2.23645771371678e-17
  7.68462484375000e-03  -2.22234156505774e-17
  7.69674570312500e-03  -2.20822541639870e-17
  7.70886656250000e-03  -2.19410926773966e-17
  7.72098742187500e-03  -2.17999311908062e-17
  7.73310828125000e-03  -2.16587697042158e-17
  7.74522914062500e-03  -2.15176082176253e-17
  7.75735000000000e-03  -2.13764467310349e-17
  7.76947085937500e-03  -2.12765414611905e-17
  7.78159171875000e-03  -2.11766361913460e-17
  7.79371257812500e-03  -2.10767309215015e-17
  7.80583343750000e-03  -2.09768256516571e-17
  7.81795429687500e-03  -2.08769203818126e-17
  7.83007515625000e-03  -2.07770151119681e-17
  7.84219601562500e-03  -2.06771098421237e-17
  7.85431687500000e-03  -2.05772045722792e-17
  7.86643773437500e-03  -2.04772993024348e-17
  7.87855859375000e-03  -2.03773940325903e-17
  7.89067945312500e-03  -2.02774887627458e-17
  7.90280031250000e-03  -2.01775834929014e-17
  7.91492117187500e-03  -2.00776782230569e-17
  7.92704203125000e-03  -1.99777729532124e-17
  7.93916289062500e-03  -1.98778676833680e-17
  7.95128375000000e-03  -1.97779624135235e-17
  7.96340460937500e-03  -1.96780571436790e-17
  7.97552546875000e-03  -1.95781518738346e-17
  7.98764632812500e-03  -1.94782466039901e-17
  7.99976718750000e-03  -1.93783413341457e-17
  8.01188804687500e-03  -1.92784360643012e-17
  8.02400890625000e-03  -1.91785307944567e-17
  8.03612976562500e-03  -1.90786255246123e-17
  8.04825062500000e-03  -1.89787202547678e-17
  8.06037148437500e-03  -1.88788149849233e-17
  8.07249234375000e-03  -1.87789097150789e-17
  8.08461320312500e-03  -1.86790044452344e-17
  8.09673406250000e-03  -1.85790991753899e-17
  8.10885492187500e-03  -1.84791939055455e-17
  8.12097578125000e-03  -1.83792886357010e-17
  8.13309664062500e-03  -1.82793833658565e-17
  8.14521750000000e-03  -1.81794780960121e-17
  8.15733835937500e-03  -1.80795728261676e-17
  8.16945921875000e-03  -1.79796675563232e-17
  8.18158007812500e-03  -1.78797622864787e-17
  8.19370093750000e-03  -1.77798570166342e-17
  8.20582179687500e-03  -1.76799517467898e-17
  8.21794265625000e-03  -1.75800464769453e-17
  8.23006351562500e-03  -1.74801412071008e-17
  8.24218437500000e-03  -1.73802359372564e-17
  8.25430523437500e-03  -1.72803306674119e-17
  8.26642609375000e-03  -1.71804253975675e-17
  8.27854695312500e-03  -1.70805201277230e-17
  8.29066781250000e-03  -1.69806148578785e-17
  8.30278867187500e-03  -1.68807095880341e-17
  8.31490953125000e-03  -1.67808043181896e-17
  8.32703039062500e-03  -1.66808990483451e-17
  8.33915125000000e-03  -1.65809937785007e-17
  8.35127210937500e-03  -1.64810885086562e-17
  8.36339296875000e-03  -1.63811832388117e-17
  8.37551382812500e-03  -1.62812779689673e-17
  8.38763468750000e-03  -1.61813726991228e-17
  8.39975554687500e-03  -1.60814674292783e-17
  8.41187640625000e-03  -1.59815621594339e-17
  8.42399726562500e-03  -1.58816568895894e-17
  8.43611812500000e-03  -1.57817516197449e-17
  8.44823898437500e-03  -1.56818463499005e-17
  8.46035984375000e-03  -1.55819410800560e-17
  8.47248070312500e-03  -1.54820358102116e-17
  8.48460156250000e-03  -1.53821305403671e-17
  8.49672242187500e-03  -1.52822252705226e-17
  8.50884328125000e-03  -1.51823200006782e-17
  8.52096414062500e-03  -1.50824147308337e-17
  8.53308500000000e-03  -1.49825094609892e-17
  8.54520585937500e-03  -1.49027404960254e-17
  8.55732671875000e-03  -1.48229715310615e-17
  8.56944757812500e-03  -1.47432025660977e-17
  8.58156843750000e-03  -1.46634336011338e-17
  8.59368929687500e-03  -1.45836646361700e-17
  8.60581015625000e-03  -1.45038956712061e-17
  8.61793101562500e-03  -1.44241267062423e-17
  8.63005187500000e-03  -1.43443577412784e-17
  8.64217273437500e-03  -1.42645887763146e-17
  8.65429359375000e-03  -1.41848198113507e-17
  8.66641445312500e-03  -1.41050508463868e-17
  8.67853531250000e-03  -1.40252818814230e-17
  8.69065617187500e-03  -1.39455129164591e-17
  8.70277703125000e-03  -1.38657439514953e-17
  8.71489789062500e-03  -1.37859749865314e-17
  8.72701875000000e-03  -1.37062060215676e-17
  8.73913960937500e-03  -1.36264370566037e-17
  8.75126046875000e-03  -1.35466680916399e-17
  8.76338132812500e-03  -1.34668991266760e-17
  8.77550218750000e-03  -1.33871301617122e-17
  8.78762304687500e-03  -1.33073611967483e-17
  8.79974390625000e-03  -1.32275922317844e-17
  8.81186476562500e-03  -1.31478232668206e-17
  8.82398562500000e-03  -1.30680543018567e-17
  8.83610648437500e-03  -1.29882853368929e-17
  8.84822734375000e-03  -1.29085163719290e-17
  8.86034820312500e-03  -1.28287474069652e-17
  8.87246906250000e-03  -1.27489784420013e-17
  8.88458992187500e-03  -1.26692094770375e-17
  8.89671078125000e-03  -1.25894405120736e-17
  8.90883164062500e-03  -1.25096715471098e-17
  8.92095250000000e-03  -1.24299025821459e-17
  8.93307335937500e-03  -1.23501336171821e-17
  8.94519421875000e-03  -1.22703646522182e-17
  8.95731507812500e-03  -1.21905956872543e-17
  8.96943593750000e-03  -1.21108267222905e-17
  8.98155679687500e-03  -1.20310577573266e-17
  8.99367765625000e-03  -1.19512887923628e-17
  9.00579851562500e-03  -1.18715198273989e-17
  9.01791937500000e-03  -1.17917508624351e-17
  9.03004023437500e-03  -1.17119818974712e-17
  9.04216109375000e-03  -1.16322129325074e-17
  9.05428195312500e-03  -1.15524439675435e-17
  9.06640281250000e-03  -1.14726750025797e-17
  9.07852367187500e-03  -1.13929060376158e-17
  9.09064453125000e-03  -1.13131370726519e-17
  9.10276539062500e-03  -1.12333681076881e-17
  9.11488625000000e-03  -1.11535991427242e-17
  9.12700710937500e-03  -1.10738301777604e-17
  9.13912796875000e-03  -1.09940612127965e-17
  9.15124882812500e-03  -1.09142922478327e-17
  9.16336968750000e-03  -1.08345232828688e-17
  9.17549054687500e-03  -1.07547543179050e-17
  9.18761140625000e-03  -1.06749853529411e-17
  9.19973226562500e-03  -1.05952163879773e-17
  9.21185312500000e-03  -1.05154474230134e-17
  9.22397398437500e-03  -1.04356784580496e-17
  9.23609484375000e-03  -1.03559094930857e-17
  9.24821570312500e-03  -1.02761405281218e-17
  9.26033656250000e-03  -1.01963715631580e-17
  9.27245742187500e-03  -1.01166025981941e-17
  9.28457828125000e-03  -1.00368336332303e-17
  9.29669914062500e-03  -9.95706466826643e-18
  9.30882000000000e-03  -9.87729570330252e-18
  9.32094085937500e-03  -9.45301338123057e-18
  9.33306171875000e-03  -9.02873105915855e-18
  9.34518257812500e-03  -8.60444873708659e-18
  9.35730343750000e-03  -8.18016641501457e-18
  9.36942429687500e-03  -7.75588409294261e-18
  9.38154515625000e-03  -7.33160177087059e-18
  9.39366601562500e-03  -6.90731944879863e-18
  9.40578687500000e-03  -6.48303712672661e-18
  9.41790773437500e-03  -6.05875480465465e-18
  9.43002859375000e-03  -5.63447248258264e-18
  9.44214945312500e-03  -5.21019016051068e-18
  9.45427031250000e-03  -4.78590783843866e-18
  9.46639117187500e-03  -4.36162551636670e-18
  9.47851203125000e-03  -3.93734319429468e-18
  9.49063289062500e-03  -3.51306087222272e-18
  9.50275375000000e-03  -3.08877855015070e-18
  9.51487460937500e-03  -2.66449622807874e-18
  9.52699546875000e-03  -2.24021390600672e-18
  9.53911632812500e-03  -1.81593158393477e-18
  9.55123718750000e-03  -1.39164926186275e-18
  9.56335804687500e-03  -9.67366939790788e-19
  9.57547890625000e-03  -5.43084617718769e-19
  9.58759976562500e-03  -1.18802295646811e-19
  9.59972062500000e-03   3.05480026425209e-19
  9.61184148437500e-03   7.29762348497167e-19
  9.62396234375000e-03   1.15404467056919e-18
  9.63608320312500e-03   1.57832699264114e-18
  9.64820406250000e-03   2.00260931471316e-18
  9.66032492187500e-03   2.42689163678512e-18
  9.67244578125000e-03   2.85117395885714e-18
  9.68456664062500e-03   3.27545628092910e-18
  9.69668750000000e-03   3.69973860300197e-18
  9.70880835937500e-03   1.00925165682346e-17
  9.72092921875000e-03   1.64852945334682e-17
  9.73305007812500e-03   2.28780724987008e-17
  9.74517093750000e-03   2.92708504639344e-17
  9.75729179687500e-03   3.56636284291670e-17
  9.76941265625000e-03   4.20564063944006e-17
  9.78153351562500e-03   4.84491843596332e-17
  9.79365437500000e-03   5.48419623248668e-17
  9.80577523437500e-03   6.12347402900994e-17
  9.81789609375000e-03   6.76275182553330e-17
  9.83001695312500e-03   7.40202962205656e-17
  9.84213781250000e-03   8.04130741857992e-17
  9.85425867187500e-03   8.68058521510318e-17
  9.86637953125000e-03   9.31986301162654e-17
  9.87850039062500e-03   9.95914080814981e-17
  9.89062125000000e-03   1.05984186046741e-16
  9.90274210937500e-03   1.75235975208050e-16
  9.91486296875000e-03   2.44487764369370e-16
  9.92698382812500e-03   3.13739553530679e-16
  9.93910468750000e-03   3.82991342691999e-16
  9.95122554687500e-03   4.52243131853309e-16
  9.96334640625000e-03   5.21494921014628e-16
  9.97546726562500e-03   5.90746710175938e-16
  9.98758812500000e-03   6.59998499337257e-16
  9.99970898437500e-03   7.29250288498567e-16
  1.00118298437500e-02   7.98502077659887e-16
  1.00239507031250e-02   8.67753866821196e-16
  1.00360715625000e-02   9.37005655982516e-16
  1.00481924218750e-02   1.00625744514383e-15
  1.00603132812500e-02   1.07550923430515e-15
  1.00724341406250e-02   1.14476102346645e-15
  1.00845550000000e-02   1.21401281262787e-15
  1.00966758593750e-02   1.96815498284084e-15
  1.01087967187500e-02   2.72229715305391e-15
  1.01209175781250e-02   3.47643932326688e-15
  1.01330384375000e-02   4.23058149347995e-15
  1.01451592968750e-02   4.98472366369292e-15
  1.01572801562500e-02   5.73886583390599e-15
  1.01694010156250e-02   6.49300800411896e-15
  1.01815218750000e-02   7.24715017433203e-15
  1.01936427343750e-02   8.00129234454500e-15
  1.02057635937500e-02   8.75543451475807e-15
  1.02178844531250e-02   9.50957668497104e-15
  1.02300053125000e-02   1.02637188551841e-14
  1.02421261718750e-02   1.10178610253971e-14
  1.02542470312500e-02   1.17720031956102e-14
  1.02663678906250e-02   1.25261453658231e-14
  1.02784887500000e-02   1.32802875360370e-14
  1.02906096093750e-02   1.96303171127574e-14
  1.03027304687500e-02   2.59803466894786e-14
  1.03148513281250e-02   3.23303762661990e-14
  1.03269721875000e-02   3.86804058429202e-14
  1.03390930468750e-02   4.50304354196406e-14
  1.03512139062500e-02   5.13804649963619e-14
  1.03633347656250e-02   5.77304945730831e-14
  1.03754556250000e-02   6.40805241498078e-14
  1.03875764843750e-02   1.00366880331031e-13
  1.03996973437500e-02   1.36653236512248e-13
  1.04118182031250e-02   1.72939592693471e-13
  1.04239390625000e-02   2.09225948874688e-13
  1.04360599218750e-02   2.45512305055911e-13
  1.04481807812500e-02   2.81798661237129e-13
  1.04603016406250e-02   3.18085017418351e-13
  1.04724225000000e-02   3.54371373599593e-13
  1.04845433593750e-02   5.61223936204150e-13
  1.04966642187500e-02   7.68076498808676e-13
  1.05087850781250e-02   9.74929061413233e-13
  1.05209059375000e-02   1.18178162401776e-12
  1.05330267968750e-02   1.38863418662232e-12
  1.05451476562500e-02   1.59548674922684e-12
  1.05572685156250e-02   1.80233931183140e-12
  1.05693893750000e-02   2.00919187443603e-12
  1.05815102343750e-02   2.94551431248980e-12
  1.05936310937500e-02   3.88183675054343e-12
  1.06057519531250e-02   4.81815918859720e-12
  1.06178728125000e-02   5.75448162665114e-12
  1.06299936718750e-02   8.84044406931501e-12
  1.06421145312500e-02   1.19264065119784e-11
  1.06542353906250e-02   1.50123689546423e-11
  1.06663562500000e-02   1.80983313973065e-11
  1.06784771093750e-02   2.65629806333151e-11
  1.06905979687500e-02   3.50276298693239e-11
  1.07027188281250e-02   5.32943488214339e-11
  1.07148396875000e-02   7.15610677735444e-11
  1.07269605468750e-02   1.11830134835675e-10
  1.07390814062500e-02   1.52099201897806e-10
  1.07512022656250e-02   2.33174305345311e-10
  1.07633231250000e-02   3.70819281246574e-10
  1.07754439843750e-02   6.16639011198749e-10
  1.07875648437500e-02   1.09054851639715e-09
  1.07996857031250e-02   2.10383760034323e-09
  1.08118065625000e-02   4.93316691779439e-09
  1.08239274218750e-02   1.40261949312346e-08
  1.08360482812500e-02   5.02214678813029e-08
  1.08481691406250e-02   2.25030339971946e-07
  1.08602900000000e-02   1.28855062678671e-06
  1.08724108593750e-02   8.58116861927643e-06
  1.08845317187500e-02   5.09726475253864e-05
  1.08966525781250e-02   1.99016844429499e-04
  1.09087734375000e-02   4.71861826091815e-04
  1.09208942968750e-02   7.46552168214389e-04
  1.09330151562500e-02   8.96411012145228e-04
  1.09451360156250e-02   9.05713097742793e-04
  1.09572568750000e-02   8.25116281450446e-04
  1.09693777343750e-02   7.08492135071104e-04
  1.09814985937500e-02   5.89701229086358e-04
  1.09936194531250e-02   4.83996638343256e-04
  1.10057403125000e-02   3.95826310502870e-04
  1.10178611718750e-02   3.24505074305771e-04
  1.10299820312500e-02   2.67626514322156e-04
  1.10421028906250e-02   2.22840539601554e-04
  1.10542237500000e-02   1.87112603431520e-04
  1.10663446093750e-02   1.58492923957665e-04
  1.10784654687500e-02   1.35429846379270e-04
  1.10905863281250e-02   1.16715875655279e-04
  1.11027071875000e-02   1.01416822900842e-04
  1.11148280468750e-02   9.01333051008147e-05
  1.11269489062500e-02   7.88497873007896e-05
  1.11390697656250e-02   7.08934726922611e-05
  1.11511906250000e-02   6.29371580837341e-05
  1.11633114843750e-02   5.71875067073022e-05
  1.11754323437500e-02   5.14378553308714e-05
  1.11875532031250e-02   4.71851499875781e-05
  1.11996740625000e-02   4.29324446442857e-05
  1.12117949218750e-02   4.02003630202680e-05
  1.12239157812500e-02   3.74682813962510e-05
  1.12360366406250e-02   3.47361997722335e-05
  1.12481575000000e-02   3.20041181482164e-05
  1.12602783593750e-02   3.03009454798316e-05
  1.12723992187500e-02   2.85977728114472e-05
  1.12845200781250e-02   2.68946001430626e-05
  1.12966409375000e-02   2.51914274746782e-05
  1.13087617968750e-02   2.40764405981667e-05
  1.13208826562500e-02   2.29614537216555e-05
  1.13330035156250e-02   2.18464668451441e-05
  1.13451243750000e-02   2.07314799686329e-05
  1.13572452343750e-02   2.01271953006859e-05
  1.13693660937500e-02   1.95229106327390e-05
  1.13814869531250e-02   1.89186259647920e-05
  1.13936078125000e-02   1.83143412968451e-05
  1.14057286718750e-02   1.77100566288981e-05
  1.14178495312500e-02   1.71057719609513e-05
  1.14299703906250e-02   1.65014872930043e-05
  1.14420912500000e-02   1.58972026250574e-05
  1.14542121093750e-02   1.55722671343139e-05
  1.14663329687500e-02   1.52473316435705e-05
  1.14784538281250e-02   1.49223961528271e-05
  1.14905746875000e-02   1.45974606620837e-05
  1.15026955468750e-02   1.42725251713402e-05
  1.15148164062500e-02   1.39475896805969e-05
  1.15269372656250e-02   1.36226541898534e-05
  1.15390581250000e-02   1.32977186991100e-05
  1.15511789843750e-02   1.31114971602738e-05
  1.15632998437500e-02   1.29252756214375e-05
  1.15754207031250e-02   1.27390540826013e-05
  1.15875415625000e-02   1.25528325437650e-05
  1.15996624218750e-02   1.23666110049288e-05
  1.16117832812500e-02   1.21803894660926e-05
  1.16239041406250e-02   1.19941679272563e-05
  1.16360250000000e-02   1.18079463884201e-05
  1.16481458593750e-02   1.17274053185959e-05
  1.16602667187500e-02   1.16468642487716e-05
  1.16723875781250e-02   1.15663231789474e-05
  1.16845084375000e-02   1.14857821091232e-05
  1.16966292968750e-02   1.14052410392990e-05
  1.17087501562500e-02   1.13246999694748e-05
  1.17208710156250e-02   1.12441588996506e-05
  1.17329918750000e-02   1.11636178298263e-05
  1.17451127343750e-02   1.10830767600021e-05
  1.17572335937500e-02   1.10025356901779e-05
  1.17693544531250e-02   1.09219946203537e-05
  1.17814753125000e-02   1.08414535505295e-05
  1.17935961718750e-02   1.07609124807053e-05
  1.18057170312500e-02   1.06803714108810e-05
  1.18178378906250e-02   1.05998303410568e-05
  1.18299587500000e-02   1.05192892712326e-05
  1.18420796093750e-02   1.04846459667720e-05
  1.18542004687500e-02   1.04500026623115e-05
  1.18663213281250e-02   1.04153593578509e-05
  1.18784421875000e-02   1.03807160533904e-05
  1.18905630468750e-02   1.03460727489298e-05
  1.19026839062500e-02   1.03114294444692e-05
  1.19148047656250e-02   1.02767861400087e-05
  1.19269256250000e-02   1.02421428355481e-05
  1.19390464843750e-02   1.02074995310876e-05
  1.19511673437500e-02   1.01728562266270e-05
  1.19632882031250e-02   1.01382129221664e-05
  1.19754090625000e-02   1.01035696177059e-05
  1.19875299218750e-02   1.00689263132453e-05
  1.19996507812500e-02   1.00342830087848e-05
  1.20117716406250e-02   9.99963970432421e-06
  1.20238925000000e-02   9.96499639986365e-06
  1.20360133593750e-02   9.95525926581779e-06
  1.20481342187500e-02   9.94552213177192e-06
  1.20602550781250e-02   9.93578499772606e-06
  1.20723759375000e-02   9.92604786368020e-06
  1.20844967968750e-02   9.91631072963433e-06
  1.20966176562500e-02   9.90657359558847e-06
  1.21087385156250e-02   9.89683646154261e-06
  1.21208593750000e-02   9.88709932749675e-06
  1.21329802343750e-02   9.87736219345088e-06
  1.21451010937500e-02   9.86762505940502e-06
  1.21572219531250e-02   9.85788792535916e-06
  1.21693428125000e-02   9.84815079131329e-06
  1.21814636718750e-02   9.83841365726743e-06
  1.21935845312500e-02   9.82867652322157e-06
  1.22057053906250e-02   9.81893938917570e-06
  1.22178262500000e-02   9.80920225512984e-06
  1.22299471093750e-02   9.79946512108398e-06
  1.22420679687500e-02   9.78972798703812e-06
  1.22541888281250e-02   9.77999085299225e-06
  1.22663096875000e-02   9.77025371894639e-06
  1.22784305468750e-02   9.76051658490053e-06
  1.22905514062500e-02   9.75077945085466e-06
  1.23026722656250e-02   9.74104231680880e-06
  1.23147931250000e-02   9.73130518276294e-06
  1.23269139843750e-02   9.72156804871707e-06
  1.23390348437500e-02   9.71183091467121e-06
  1.23511557031250e-02   9.70209378062535e-06
  1.23632765625000e-02   9.69235664657949e-06
  1.23753974218750e-02   9.68261951253362e-06
  1.23875182812500e-02   9.67288237848776e-06
  1.23996391406250e-02   9.66314524444189e-06
  1.24117600000000e-02   9.65340811039603e-06
  1.24238808593750e-02   9.65191071171353e-06
  1.24360017187500e-02   9.65041331303102e-06
  1.24481225781250e-02   9.64891591434852e-06
  1.24602434375000e-02   9.64741851566601e-06
  1.24723642968750e-02   9.64592111698351e-06
  1.24844851562500e-02   9.64442371830100e-06
  1.24966060156250e-02   9.64292631961850e-06
  1.25087268750000e-02   9.64142892093599e-06
  1.25208477343750e-02   9.63993152225349e-06
  1.25329685937500e-02   9.63843412357098e-06
  1.25450894531250e-02   9.63693672488848e-06
  1.25572103125000e-02   9.63543932620597e-06
  1.25693311718750e-02   9.63394192752347e-06
  1.25814520312500e-02   9.63244452884096e-06
  1.25935728906250e-02   9.63094713015846e-06
  1.26056937500000e-02   9.62944973147595e-06
  1.26178146093750e-02   9.62795233279345e-06
  1.26299354687500e-02   9.62645493411094e-06
  1.26420563281250e-02   9.62495753542844e-06
  1.26541771875000e-02   9.62346013674593e-06
  1.26662980468750e-02   9.62196273806343e-06
  1.26784189062500e-02   9.62046533938092e-06
  1.26905397656250e-02   9.61896794069842e-06
  1.27026606250000e-02   9.61747054201591e-06
  1.27147814843750e-02   9.61597314333341e-06
  1.27269023437500e-02   9.61447574465090e-06
  1.27390232031250e-02   9.61297834596840e-06
  1.27511440625000e-02   9.61148094728589e-06
  1.27632649218750e-02   9.60998354860339e-06
  1.27753857812500e-02   9.60848614992088e-06
  1.27875066406250e-02   9.60698875123838e-06
  1.27996275000000e-02   9.60549135255588e-06
  1.28117483593750e-02   9.60399395387337e-06
  1.28238692187500e-02   9.60249655519086e-06
  1.28359900781250e-02   9.60099915650836e-06
  1.28481109375000e-02   9.59950175782585e-06
  1.28602317968750e-02   9.59800435914335e-06
  1.28723526562500e-02   9.59650696046085e-06
  1.28844735156250e-02   9.59500956177834e-06
  1.28965943750000e-02   9.59351216309583e-06
  1.29087152343750e-02   9.59201476441333e-06
  1.29208360937500e-02   9.59051736573083e-06
  1.29329569531250e-02   9.58901996704832e-06
  1.29450778125000e-02   9.58752256836582e-06
  1.29571986718750e-02   9.58602516968331e-06
  1.29693195312500e-02   9.58452777100081e-06
  1.29814403906250e-02   9.58303037231830e-06
  1.29935612500000e-02   9.58153297363580e-06
  1.30056821093750e-02   9.58003557495329e-06
  1.30178029687500e-02   9.57853817627079e-06
  1.30299238281250e-02   9.57704077758828e-06
  1.30420446875000e-02   9.57554337890578e-06
  1.30541655468750e-02   9.57404598022327e-06
  1.30662864062500e-02   9.57254858154077e-06
  1.30784072656250e-02   9.57105118285826e-06
  1.30905281250000e-02   9.56955378417576e-06
  1.31026489843750e-02   9.56805638549325e-06
  1.31147698437500e-02   9.56655898681075e-06
  1.31268907031250e-02   9.56506158812824e-06
  1.31390115625000e-02   9.56356418944574e-06
  1.31511324218750e-02   9.56206679076323e-06
  1.31632532812500e-02   9.56056939208073e-06
  1.31753741406250e-02   9.55907199339822e-06
  1.31874950000000e-02   9.55757459471572e-06
  1.31996158593750e-02   9.55734830374271e-06
  1.32117367187500e-02   9.55712201276969e-06
  1.32238575781250e-02   9.55689572179668e-06
  1.32359784375000e-02   9.55666943082367e-06
  1.32480992968750e-02   9.55644313985066e-06
  1.32602201562500e-02   9.55621684887764e-06
  1.32723410156250e-02   9.55599055790463e-06
  1.32844618750000e-02   9.55576426693162e-06
  1.32965827343750e-02   9.55553797595861e-06
  1.33087035937500e-02   9.55531168498560e-06
  1.33208244531250e-02   9.55508539401259e-06
  1.33329453125000e-02   9.55485910303957e-06
  1.33450661718750e-02   9.55463281206656e-06
  1.33571870312500e-02   9.55440652109355e-06
  1.33693078906250e-02   9.55418023012054e-06
  1.33814287500000e-02   9.55395393914753e-06
  1.33935496093750e-02   9.55372764817451e-06
  1.34056704687500e-02   9.55350135720150e-06
  1.34177913281250e-02   9.55327506622849e-06
  1.34299121875000e-02   9.55304877525548e-06
  1.34420330468750e-02   9.55282248428247e-06
  1.34541539062500e-02   9.55259619330945e-06
  1.34662747656250e-02   9.55236990233644e-06
  1.34783956250000e-02   9.55214361136343e-06
  1.34905164843750e-02   9.55191732039042e-06
  1.35026373437500e-02   9.55169102941741e-06
  1.35147582031250e-02   9.55146473844439e-06
  1.35268790625000e-02   9.55123844747138e-06
  1.35389999218750e-02   9.55101215649837e-06
  1.35511207812500e-02   9.55078586552536e-06
  1.35632416406250e-02   9.55055957455235e-06
  1.35753625000000e-02   9.55033328357934e-06
  1.35874833593750e-02   9.55010699260632e-06
  1.35996042187500e-02   9.54988070163331e-06
  1.36117250781250e-02   9.54965441066030e-06
  1.36238459375000e-02   9.54942811968729e-06
  1.36359667968750e-02   9.54920182871428e-06
  1.36480876562500e-02   9.54897553774126e-06
  1.36602085156250e-02   9.54874924676825e-06
  1.36723293750000e-02   9.54852295579524e-06
  1.36844502343750e-02   9.54829666482223e-06
  1.36965710937500e-02   9.54807037384922e-06
  1.37086919531250e-02   9.54784408287620e-06
  1.37208128125000e-02   9.54761779190319e-06
  1.37329336718750e-02   9.54739150093018e-06
  1.37450545312500e-02   9.54716520995717e-06
  1.37571753906250e-02   9.54693891898415e-06
  1.37692962500000e-02   9.54671262801114e-06
  1.37814171093750e-02   9.54648633703813e-06
  1.37935379687500e-02   9.54626004606512e-06
  1.38056588281250e-02   9.54603375509211e-06
  1.38177796875000e-02   9.54580746411909e-06
  1.38299005468750e-02   9.54558117314608e-06
  1.38420214062500e-02   9.54535488217307e-06
  1.38541422656250e-02   9.54512859120006e-06
  1.38662631250000e-02   9.54490230022705e-06
  1.38783839843750e-02   9.54467600925404e-06
  1.38905048437500e-02   9.54444971828102e-06
  1.39026257031250e-02   9.54422342730801e-06
  1.39147465625000e-02   9.54399713633500e-06
  1.39268674218750e-02   9.54377084536199e-06
  1.39389882812500e-02   9.54354455438898e-06
  1.39511091406250e-02   9.54331826341596e-06
  1.39632300000000e-02   9.54309197244295e-06
  1.39753508593750e-02   9.54307390580941e-06
  1.39874717187500e-02   9.54305583917587e-06
  1.39995925781250e-02   9.54303777254233e-06
  1.40117134375000e-02   9.54301970590879e-06
  1.40238342968750e-02   9.54300163927525e-06
  1.40359551562500e-02   9.54298357264171e-06
  1.40480760156250e-02   9.54296550600817e-06
  1.40601968750000e-02   9.54294743937463e-06
  1.40723177343750e-02   9.54292937274109e-06
  1.40844385937500e-02   9.54291130610755e-06
  1.40965594531250e-02   9.54289323947401e-06
  1.41086803125000e-02   9.54287517284047e-06
  1.41208011718750e-02   9.54285710620694e-06
  1.41329220312500e-02   9.54283903957340e-06
  1.41450428906250e-02   9.54282097293986e-06
  1.41571637500000e-02   9.54280290630632e-06
  1.41692846093750e-02   9.54278483967278e-06
  1.41814054687500e-02   9.54276677303924e-06
  1.41935263281250e-02   9.54274870640570e-06
  1.42056471875000e-02   9.54273063977216e-06
  1.42177680468750e-02   9.54271257313862e-06
  1.42298889062500e-02   9.54269450650508e-06
  1.42420097656250e-02   9.54267643987154e-06
  1.42541306250000e-02   9.54265837323800e-06
  1.42662514843750e-02   9.54264030660446e-06
  1.42783723437500e-02   9.54262223997092e-06
  1.42904932031250e-02   9.54260417333738e-06
  1.43026140625000e-02   9.54258610670384e-06
  1.43147349218750e-02   9.54256804007030e-06
  1.43268557812500e-02   9.54254997343676e-06
  1.43389766406250e-02   9.54253190680322e-06
  1.43510975000000e-02   9.54251384016968e-06
  1.43632183593750e-02   9.54249577353614e-06
  1.43753392187500e-02   9.54247770690260e-06
  1.43874600781250e-02   9.54245964026906e-06
  1.43995809375000e-02   9.54244157363552e-06
  1.44117017968750e-02   9.54242350700198e-06
  1.44238226562500e-02   9.54240544036844e-06
  1.44359435156250e-02   9.54238737373490e-06
  1.44480643750000e-02   9.54236930710136e-06
  1.44601852343750e-02   9.54235124046782e-06
  1.44723060937500e-02   9.54233317383428e-06
  1.44844269531250e-02   9.54231510720074e-06
  1.44965478125000e-02   9.54229704056720e-06
  1.45086686718750e-02   9.54227897393366e-06
  1.45207895312500e-02   9.54226090730012e-06
  1.45329103906250e-02   9.54224284066658e-06
  1.45450312500000e-02   9.54222477403304e-06
  1.45571521093750e-02   9.54220670739950e-06
  1.45692729687500e-02   9.54218864076596e-06
  1.45813938281250e-02   9.54217057413242e-06
  1.45935146875000e-02   9.54215250749888e-06
  1.46056355468750e-02   9.54213444086534e-06
  1.46177564062500e-02   9.54211637423181e-06
  1.46298772656250e-02   9.54209830759827e-06
  1.46419981250000e-02   9.54208024096473e-06
  1.46541189843750e-02   9.54206217433119e-06
  1.46662398437500e-02   9.54204410769765e-06
  1.46783607031250e-02   9.54202604106411e-06
  1.46904815625000e-02   9.54200797443057e-06
  1.47026024218750e-02   9.54198990779703e-06
  1.47147232812500e-02   9.54197184116349e-06
  1.47268441406250e-02   9.54195377452995e-06
  1.47389650000000e-02   9.54193570789641e-06
  1.47510858593750e-02   9.54191764126287e-06
  1.47632067187500e-02   9.54189957462933e-06
  1.47753275781250e-02   9.54188150799579e-06
  1.47874484375000e-02   9.54186344136225e-06
  1.47995692968750e-02   9.54184537472871e-06
  1.48116901562500e-02   9.54182730809517e-06
  1.48238110156250e-02   9.54180924146163e-06
  1.48359318750000e-02   9.54179117482809e-06
  1.48480527343750e-02   9.54177310819455e-06
  1.48601735937500e-02   9.54175504156101e-06
  1.48722944531250e-02   9.54173697492747e-06
  1.48844153125000e-02   9.54171890829393e-06
  1.48965361718750e-02   9.54170084166039e-06
  1.49086570312500e-02   9.54168277502685e-06
  1.49207778906250e-02   9.54166470839331e-06
  1.49328987500000e-02   9.54164664175977e-06
  1.49450196093750e-02   9.54162857512623e-06
  1.49571404687500e-02   9.54161050849269e-06
  1.49692613281250e-02   9.54159244185915e-06
  1.49813821875000e-02   9.54157437522561e-06
  1.49935030468750e-02   9.54155630859207e-06
  1.50056239062500e-02   9.54153824195853e-06
  1.50177447656250e-02   9.54152017532499e-06
  1.50298656250000e-02   9.54150210869145e-06
  1.50419864843750e-02   9.54148404205791e-06
  1.50541073437500e-02   9.54146597542437e-06
  1.50662282031250e-02   9.54144790879083e-06
  1.50783490625000e-02   9.54142984215729e-06
  1.50904699218750e-02   9.54141177552375e-06
  1.51025907812500e-02   9.54139370889021e-06
  1.51147116406250e-02   9.54137564225668e-06
  1.51268325000000e-02   9.54135757562314e-06
  1.51389533593750e-02   9.54133950898960e-06
  1.51510742187500e-02   9.54132144235606e-06
  1.51631950781250e-02   9.54130337572252e-06
  1.51753159375000e-02   9.54128530908898e-06
  1.51874367968750e-02   9.54126724245544e-06
  1.51995576562500e-02   9.54124917582190e-06
  1.52116785156250e-02   9.54123110918836e-06
  1.52237993750000e-02   9.54121304255482e-06
  1.52359202343750e-02   9.54119497592128e-06
  1.52480410937500e-02   9.54117690928774e-06
  1.52601619531250e-02   9.54115884265420e-06
  1.52722828125000e-02   9.54114077602066e-06
  1.52844036718750e-02   9.54112270938712e-06
  1.52965245312500e-02   9.54110464275358e-06
  1.53086453906250e-02   9.54108657612004e-06
  1.53207662500000e-02   9.54106850948650e-06
  1.53328871093750e-02   9.54105044285296e-06
  1.53450079687500e-02   9.54103237621942e-06
  1.53571288281250e-02   9.54101430958588e-06
  1.53692496875000e-02   9.54099624295234e-06
  1.53813705468750e-02   9.54097817631880e-06
  1.53934914062500e-02   9.54096010968526e-06
  1.54056122656250e-02   9.54094204305172e-06
  1.54177331250000e-02   9.54092397641818e-06
  1.54298539843750e-02   9.54090590978464e-06
  1.54419748437500e-02   9.54088784315110e-06
  1.54540957031250e-02   9.54086977651756e-06
  1.54662165625000e-02   9.54085170988402e-06
  1.54783374218750e-02   9.54083364325048e-06
  1.54904582812500e-02   9.54081557661694e-06
  1.55025791406250e-02   9.54079750998340e-06
  1.55147000000000e-02   9.54077944334986e-06
