  1.21208593750000e-05  -1.01209748586925e-16
  2.42417187500000e-05  -1.04285292902415e-16
  3.63625781250000e-05  -1.07360837217905e-16
  4.84834375000000e-05  -1.10436381533395e-16
  6.06042968750000e-05  -1.13511925848885e-16
  7.27251562500000e-05  -1.16587470164375e-16
  8.48460156250000e-05  -1.19663014479865e-16
  9.69668750000000e-05  -1.22738558795355e-16
  1.09087734375000e-04  -1.25814103110845e-16
  1.21208593750000e-04  -1.28889647426335e-16
  1.33329453125000e-04  -1.31965191741825e-16
  1.45450312500000e-04  -1.35040736057315e-16
  1.57571171875000e-04  -1.38116280372805e-16
  1.69692031250000e-04  -1.41191824688295e-16
  1.81812890625000e-04  -1.44267369003785e-16
  1.93933750000000e-04  -1.47342913319275e-16
  2.06054609375000e-04  -1.50418457634764e-16
  2.18175468750000e-04  -1.53494001950254e-16
  2.30296328125000e-04  -1.56569546265744e-16
  2.42417187500000e-04  -1.59645090581234e-16
  2.54538046875000e-04  -1.62720634896724e-16
  2.66658906250000e-04  -1.65796179212214e-16
  2.78779765625000e-04  -1.68871723527704e-16
  2.90900625000000e-04  -1.71947267843194e-16
  3.03021484375000e-04  -1.75022812158684e-16
  3.15142343750000e-04  -1.78098356474174e-16
  3.27263203125000e-04  -1.81173900789664e-16
  3.39384062500000e-04  -1.84249445105154e-16
  3.51504921875000e-04  -1.87324989420644e-16
  3.63625781250000e-04  -1.90400533736134e-16
  3.75746640625000e-04  -1.93476078051624e-16
  3.87867500000000e-04  -1.96551622367114e-16
  3.99988359375000e-04  -1.99627166682604e-16
  4.12109218750000e-04  -2.02702710998094e-16
  4.24230078125000e-04  -2.05778255313584e-16
  4.36350937500000e-04  -2.08853799629074e-16
  4.48471796875000e-04  -2.11929343944564e-16
  4.60592656250000e-04  -2.15004888260054e-16
  4.72713515625000e-04  -2.18080432575544e-16
  4.84834375000000e-04  -2.21155976891034e-16
  4.96955234375000e-04  -2.24231521206523e-16
  5.09076093750000e-04  -2.27307065522013e-16
  5.21196953125000e-04  -2.30382609837503e-16
  5.33317812500000e-04  -2.33458154152993e-16
  5.45438671875000e-04  -2.36533698468483e-16
  5.57559531250000e-04  -2.39609242783973e-16
  5.69680390625000e-04  -2.42684787099463e-16
  5.81801250000000e-04  -2.45760331414953e-16
  5.93922109375000e-04  -2.48835875730443e-16
  6.06042968750000e-04  -2.51911420045933e-16
  6.18163828125000e-04  -2.54986964361423e-16
  6.30284687500000e-04  -2.58062508676913e-16
  6.42405546875000e-04  -2.61138052992403e-16
  6.54526406250000e-04  -2.64213597307893e-16
  6.66647265625000e-04  -2.67289141623383e-16
  6.78768125000000e-04  -2.70364685938873e-16
  6.90888984375000e-04  -2.73440230254363e-16
  7.03009843750000e-04  -2.76515774569853e-16
  7.15130703125000e-04  -2.79591318885343e-16
  7.27251562500000e-04  -2.82666863200833e-16
  7.39372421875000e-04  -2.85742407516323e-16
  7.51493281250000e-04  -2.88817951831813e-16
  7.63614140625000e-04  -2.91893496147303e-16
  7.75735000000000e-04  -2.94969040462793e-16
  7.87855859375000e-04  -2.98044584778282e-16
  7.99976718750000e-04  -3.01120129093772e-16
  8.12097578125000e-04  -3.04195673409262e-16
  8.24218437500000e-04  -3.07271217724752e-16
  8.36339296875000e-04  -3.10346762040242e-16
  8.48460156250000e-04  -3.13422306355732e-16
  8.60581015625000e-04  -3.16497850671222e-16
  8.72701875000000e-04  -3.19573394986712e-16
  8.84822734375000e-04  -3.22648939302202e-16
  8.96943593750000e-04  -3.25724483617692e-16
  9.09064453125000e-04  -3.28800027933182e-16
  9.21185312500000e-04  -3.31875572248672e-16
  9.33306171875000e-04  -3.34951116564162e-16
  9.45427031250000e-04  -3.38026660879652e-16
  9.57547890625000e-04  -3.41102205195142e-16
  9.69668750000000e-04  -3.44177749510632e-16
  9.81789609375000e-04  -3.47253293826122e-16
  9.93910468750000e-04  -3.50328838141612e-16
  1.00603132812500e-03  -3.53404382457102e-16
  1.01815218750000e-03  -3.56479926772592e-16
  1.03027304687500e-03  -3.59555471088082e-16
  1.04239390625000e-03  -3.62631015403572e-16
  1.05451476562500e-03  -3.65706559719062e-16
  1.06663562500000e-03  -3.68782104034552e-16
  1.07875648437500e-03  -3.71857648350041e-16
  1.09087734375000e-03  -3.74933192665531e-16
  1.10299820312500e-03  -3.78008736981021e-16
  1.11511906250000e-03  -3.81084281296511e-16
  1.12723992187500e-03  -3.84159825612001e-16
  1.13936078125000e-03  -3.87235369927491e-16
  1.15148164062500e-03  -3.90310914242981e-16
  1.16360250000000e-03  -3.93386458558471e-16
  1.17572335937500e-03  -3.96462002873961e-16
  1.18784421875000e-03  -3.99537547189451e-16
  1.19996507812500e-03  -4.02613091504941e-16
  1.21208593750000e-03  -4.05688635820431e-16
  1.22420679687500e-03  -4.08764180135921e-16
  1.23632765625000e-03  -4.11839724451411e-16
  1.24844851562500e-03  -4.14915268766901e-16
  1.26056937500000e-03  -4.17990813082391e-16
  1.27269023437500e-03  -4.21066357397881e-16
  1.28481109375000e-03  -4.24141901713371e-16
  1.29693195312500e-03  -4.27217446028861e-16
  1.30905281250000e-03  -4.30292990344351e-16
  1.32117367187500e-03  -4.33368534659841e-16
  1.33329453125000e-03  -4.36444078975331e-16
  1.34541539062500e-03  -4.39519623290821e-16
  1.35753625000000e-03  -4.42595167606311e-16
  1.36965710937500e-03  -4.45670711921801e-16
  1.38177796875000e-03  -4.48746256237290e-16
  1.39389882812500e-03  -4.51821800552780e-16
  1.40601968750000e-03  -4.54897344868270e-16
  1.41814054687500e-03  -4.57972889183760e-16
  1.43026140625000e-03  -4.61048433499250e-16
  1.44238226562500e-03  -4.64123977814740e-16
  1.45450312500000e-03  -4.67199522130230e-16
  1.46662398437500e-03  -4.70275066445720e-16
  1.47874484375000e-03  -4.73350610761210e-16
  1.49086570312500e-03  -4.76426155076700e-16
  1.50298656250000e-03  -4.79501699392190e-16
  1.51510742187500e-03  -4.82577243707680e-16
  1.52722828125000e-03  -4.85652788023170e-16
  1.53934914062500e-03  -4.88728332338660e-16
  1.55147000000000e-03  -4.91803876654150e-16
  1.56359085937500e-03  -4.94879420969640e-16
  1.57571171875000e-03  -4.97954965285130e-16
  1.58783257812500e-03  -5.01030509600620e-16
  1.59995343750000e-03  -5.04106053916110e-16
  1.61207429687500e-03  -5.07181598231600e-16
  1.62419515625000e-03  -5.10257142547090e-16
  1.63631601562500e-03  -5.13332686862580e-16
  1.64843687500000e-03  -5.16408231178069e-16
  1.66055773437500e-03  -5.19483775493559e-16
  1.67267859375000e-03  -5.22559319809049e-16
  1.68479945312500e-03  -5.25634864124539e-16
  1.69692031250000e-03  -5.28710408440029e-16
  1.70904117187500e-03  -5.31785952755519e-16
  1.72116203125000e-03  -5.34861497071009e-16
  1.73328289062500e-03  -5.37937041386499e-16
  1.74540375000000e-03  -5.41012585701989e-16
  1.75752460937500e-03  -5.44088130017479e-16
  1.76964546875000e-03  -5.47163674332969e-16
  1.78176632812500e-03  -5.50239218648459e-16
  1.79388718750000e-03  -5.53314762963949e-16
  1.80600804687500e-03  -5.56390307279439e-16
  1.81812890625000e-03  -5.59465851594929e-16
  1.83024976562500e-03  -5.62541395910419e-16
  1.84237062500000e-03  -5.65616940225909e-16
  1.85449148437500e-03  -5.68692484541399e-16
  1.86661234375000e-03  -5.71768028856889e-16
  1.87873320312500e-03  -5.74843573172379e-16
  1.89085406250000e-03  -5.77919117487869e-16
  1.90297492187500e-03  -5.80994661803359e-16
  1.91509578125000e-03  -5.84070206118849e-16
  1.92721664062500e-03  -5.87145750434339e-16
  1.93933750000000e-03  -5.90221294749829e-16
  1.95145835937500e-03  -5.93296839065319e-16
  1.96357921875000e-03  -5.96372383380808e-16
  1.97570007812500e-03  -5.99447927696298e-16
  1.98782093750000e-03  -6.02523472011788e-16
  1.99994179687500e-03  -6.05599016327278e-16
  2.01206265625000e-03  -6.08674560642768e-16
  2.02418351562500e-03  -6.11750104958258e-16
  2.03630437500000e-03  -6.14825649273748e-16
  2.04842523437500e-03  -6.17901193589238e-16
  2.06054609375000e-03  -6.20976737904728e-16
  2.07266695312500e-03  -6.24052282220218e-16
  2.08478781250000e-03  -6.27127826535708e-16
  2.09690867187500e-03  -6.30203370851198e-16
  2.10902953125000e-03  -6.33278915166688e-16
  2.12115039062500e-03  -6.36354459482178e-16
  2.13327125000000e-03  -6.39430003797668e-16
  2.14539210937500e-03  -6.42505548113158e-16
  2.15751296875000e-03  -6.45581092428648e-16
  2.16963382812500e-03  -6.48656636744138e-16
  2.18175468750000e-03  -6.51732181059628e-16
  2.19387554687500e-03  -6.54807725375118e-16
  2.20599640625000e-03  -6.57883269690608e-16
  2.21811726562500e-03  -6.60958814006097e-16
  2.23023812500000e-03  -6.64034358321587e-16
  2.24235898437500e-03  -6.67109902637077e-16
  2.25447984375000e-03  -6.70185446952567e-16
  2.26660070312500e-03  -6.73260991268057e-16
  2.27872156250000e-03  -6.76336535583547e-16
  2.29084242187500e-03  -6.79412079899037e-16
  2.30296328125000e-03  -6.82487624214527e-16
  2.31508414062500e-03  -6.85563168530017e-16
  2.32720500000000e-03  -6.88638712845507e-16
  2.33932585937500e-03  -6.91714257160997e-16
  2.35144671875000e-03  -6.94789801476487e-16
  2.36356757812500e-03  -6.97865345791977e-16
  2.37568843750000e-03  -7.00940890107467e-16
  2.38780929687500e-03  -7.04016434422957e-16
  2.39993015625000e-03  -7.07091978738447e-16
  2.41205101562500e-03  -7.10167523053937e-16
  2.42417187500000e-03  -7.13243067369427e-16
  2.43629273437500e-03  -7.16318611684917e-16
  2.44841359375000e-03  -7.19394156000407e-16
  2.46053445312500e-03  -7.22469700315897e-16
  2.47265531250000e-03  -7.25545244631387e-16
  2.48477617187500e-03  -7.28620788946877e-16
  2.49689703125000e-03  -7.31696333262367e-16
  2.50901789062500e-03  -7.34771877577856e-16
  2.52113875000000e-03  -7.37847421893346e-16
  2.53325960937500e-03  -7.40922966208836e-16
  2.54538046875000e-03  -7.43998510524326e-16
  2.55750132812500e-03  -7.47074054839816e-16
  2.56962218750000e-03  -7.50149599155306e-16
  2.58174304687500e-03  -7.53225143470796e-16
  2.59386390625000e-03  -7.56300687786286e-16
  2.60598476562500e-03  -7.59376232101776e-16
  2.61810562500000e-03  -7.62451776417266e-16
  2.63022648437500e-03  -7.65527320732756e-16
  2.64234734375000e-03  -7.68602865048246e-16
  2.65446820312500e-03  -7.71678409363736e-16
  2.66658906250000e-03  -7.74753953679226e-16
  2.67870992187500e-03  -7.77829497994716e-16
  2.69083078125000e-03  -7.80905042310206e-16
  2.70295164062500e-03  -7.83980586625696e-16
  2.71507250000000e-03  -7.87056130941186e-16
  2.72719335937500e-03  -7.90131675256676e-16
  2.73931421875000e-03  -7.93207219572166e-16
  2.75143507812500e-03  -7.96282763887656e-16
  2.76355593750000e-03  -7.99358308203146e-16
  2.77567679687500e-03  -8.02433852518636e-16
  2.78779765625000e-03  -8.05509396834126e-16
  2.79991851562500e-03  -8.08584941149616e-16
  2.81203937500000e-03  -8.11660485465106e-16
  2.82416023437500e-03  -8.14736029780596e-16
  2.83628109375000e-03  -8.17811574096085e-16
  2.84840195312500e-03  -8.20887118411575e-16
  2.86052281250000e-03  -8.23962662727065e-16
  2.87264367187500e-03  -8.27038207042555e-16
  2.88476453125000e-03  -8.30113751358045e-16
  2.89688539062500e-03  -8.33189295673535e-16
  2.90900625000000e-03  -8.36264839989025e-16
  2.92112710937500e-03  -8.39340384304515e-16
  2.93324796875000e-03  -8.42415928620005e-16
  2.94536882812500e-03  -8.45491472935495e-16
  2.95748968750000e-03  -8.48567017250985e-16
  2.96961054687500e-03  -8.51642561566475e-16
  2.98173140625000e-03  -8.54718105881965e-16
  2.99385226562500e-03  -8.57793650197455e-16
  3.00597312500000e-03  -8.60869194512945e-16
  3.01809398437500e-03  -8.63944738828435e-16
  3.03021484375000e-03  -8.67020283143925e-16
  3.04233570312500e-03  -8.70095827459415e-16
  3.05445656250000e-03  -8.73171371774905e-16
  3.06657742187500e-03  -8.76246916090395e-16
  3.07869828125000e-03  -8.79322460405885e-16
  3.09081914062500e-03  -8.82398004721375e-16
  3.10294000000000e-03  -8.85473549036865e-16
  3.11506085937500e-03  -8.92177186611878e-16
  3.12718171875000e-03  -8.98880824186891e-16
  3.13930257812500e-03  -9.05584461761905e-16
  3.15142343750000e-03  -9.12288099336918e-16
  3.16354429687500e-03  -9.18991736911931e-16
  3.17566515625000e-03  -9.25695374486945e-16
  3.18778601562500e-03  -9.32399012061958e-16
  3.19990687500000e-03  -9.39102649636972e-16
  3.21202773437500e-03  -9.45806287211985e-16
  3.22414859375000e-03  -9.52509924786998e-16
  3.23626945312500e-03  -9.59213562362012e-16
  3.24839031250000e-03  -9.65917199937025e-16
  3.26051117187500e-03  -9.72620837512039e-16
  3.27263203125000e-03  -9.79324475087052e-16
  3.28475289062500e-03  -9.86028112662065e-16
  3.29687375000000e-03  -9.92731750237079e-16
  3.30899460937500e-03  -9.99435387812092e-16
  3.32111546875000e-03  -1.00613902538711e-15
  3.33323632812500e-03  -1.01284266296212e-15
  3.34535718750000e-03  -1.01954630053713e-15
  3.35747804687500e-03  -1.02624993811215e-15
  3.36959890625000e-03  -1.03295357568716e-15
  3.38171976562500e-03  -1.03965721326217e-15
  3.39384062500000e-03  -1.04636085083719e-15
  3.40596148437500e-03  -1.05306448841220e-15
  3.41808234375000e-03  -1.05976812598721e-15
  3.43020320312500e-03  -1.06647176356223e-15
  3.44232406250000e-03  -1.07317540113724e-15
  3.45444492187500e-03  -1.07987903871225e-15
  3.46656578125000e-03  -1.08658267628727e-15
  3.47868664062500e-03  -1.09328631386228e-15
  3.49080750000000e-03  -1.09998995143729e-15
  3.50292835937500e-03  -1.10669358901231e-15
  3.51504921875000e-03  -1.11339722658732e-15
  3.52717007812500e-03  -1.12010086416233e-15
  3.53929093750000e-03  -1.12680450173735e-15
  3.55141179687500e-03  -1.13350813931236e-15
  3.56353265625000e-03  -1.14021177688737e-15
  3.57565351562500e-03  -1.14691541446239e-15
  3.58777437500000e-03  -1.15361905203740e-15
  3.59989523437500e-03  -1.16032268961241e-15
  3.61201609375000e-03  -1.16702632718743e-15
  3.62413695312500e-03  -1.17372996476244e-15
  3.63625781250000e-03  -1.18043360233745e-15
  3.64837867187500e-03  -1.18713723991247e-15
  3.66049953125000e-03  -1.19384087748748e-15
  3.67262039062500e-03  -1.20054451506249e-15
  3.68474125000000e-03  -1.20724815263751e-15
  3.69686210937500e-03  -1.21395179021252e-15
  3.70898296875000e-03  -1.22065542778753e-15
  3.72110382812500e-03  -1.22735906536255e-15
  3.73322468750000e-03  -1.23406270293756e-15
  3.74534554687500e-03  -1.24076634051258e-15
  3.75746640625000e-03  -1.24746997808759e-15
  3.76958726562500e-03  -1.25417361566260e-15
  3.78170812500000e-03  -1.26087725323762e-15
  3.79382898437500e-03  -1.26758089081263e-15
  3.80594984375000e-03  -1.27428452838764e-15
  3.81807070312500e-03  -1.28098816596266e-15
  3.83019156250000e-03  -1.28769180353767e-15
  3.84231242187500e-03  -1.29439544111268e-15
  3.85443328125000e-03  -1.30109907868770e-15
  3.86655414062500e-03  -1.30780271626271e-15
  3.87867500000000e-03  -1.31450635383772e-15
  3.89079585937500e-03  -1.32120999141274e-15
  3.90291671875000e-03  -1.32791362898775e-15
  3.91503757812500e-03  -1.33461726656276e-15
  3.92715843750000e-03  -1.34132090413778e-15
  3.93927929687500e-03  -1.34802454171279e-15
  3.95140015625000e-03  -1.35472817928780e-15
  3.96352101562500e-03  -1.36143181686282e-15
  3.97564187500000e-03  -1.36813545443783e-15
  3.98776273437500e-03  -1.37483909201284e-15
  3.99988359375000e-03  -1.38154272958786e-15
  4.01200445312500e-03  -1.38824636716287e-15
  4.02412531250000e-03  -1.39495000473788e-15
  4.03624617187500e-03  -1.40165364231290e-15
  4.04836703125000e-03  -1.40835727988791e-15
  4.06048789062500e-03  -1.41506091746292e-15
  4.07260875000000e-03  -1.42176455503794e-15
  4.08472960937500e-03  -1.42846819261295e-15
  4.09685046875000e-03  -1.43517183018796e-15
  4.10897132812500e-03  -1.44187546776298e-15
  4.12109218750000e-03  -1.44857910533799e-15
  4.13321304687500e-03  -1.45528274291300e-15
  4.14533390625000e-03  -1.46198638048802e-15
  4.15745476562500e-03  -1.46869001806303e-15
  4.16957562500000e-03  -1.47539365563804e-15
  4.18169648437500e-03  -1.48209729321306e-15
  4.19381734375000e-03  -1.48880093078807e-15
  4.20593820312500e-03  -1.49550456836308e-15
  4.21805906250000e-03  -1.50220820593810e-15
  4.23017992187500e-03  -1.50891184351311e-15
  4.24230078125000e-03  -1.51561548108812e-15
  4.25442164062500e-03  -1.52231911866314e-15
  4.26654250000000e-03  -1.52902275623815e-15
  4.27866335937500e-03  -1.53572639381316e-15
  4.29078421875000e-03  -1.54243003138818e-15
  4.30290507812500e-03  -1.54913366896319e-15
  4.31502593750000e-03  -1.55583730653820e-15
  4.32714679687500e-03  -1.56254094411322e-15
  4.33926765625000e-03  -1.56924458168823e-15
  4.35138851562500e-03  -1.57594821926325e-15
  4.36350937500000e-03  -1.58265185683826e-15
  4.37563023437500e-03  -1.58935549441327e-15
  4.38775109375000e-03  -1.59605913198829e-15
  4.39987195312500e-03  -1.60276276956330e-15
  4.41199281250000e-03  -1.60946640713831e-15
  4.42411367187500e-03  -1.61617004471333e-15
  4.43623453125000e-03  -1.62287368228834e-15
  4.44835539062500e-03  -1.62957731986335e-15
  4.46047625000000e-03  -1.63628095743837e-15
  4.47259710937500e-03  -1.64298459501338e-15
  4.48471796875000e-03  -1.64968823258839e-15
  4.49683882812500e-03  -1.65639187016341e-15
  4.50895968750000e-03  -1.66309550773842e-15
  4.52108054687500e-03  -1.66979914531343e-15
  4.53320140625000e-03  -1.67650278288845e-15
  4.54532226562500e-03  -1.68320642046346e-15
  4.55744312500000e-03  -1.68991005803847e-15
  4.56956398437500e-03  -1.69661369561349e-15
  4.58168484375000e-03  -1.70331733318850e-15
  4.59380570312500e-03  -1.71002097076351e-15
  4.60592656250000e-03  -1.71672460833853e-15
  4.61804742187500e-03  -1.72342824591354e-15
  4.63016828125000e-03  -1.73013188348855e-15
  4.64228914062500e-03  -1.73683552106357e-15
  4.65441000000000e-03  -1.74353915863858e-15
  4.66653085937500e-03  -1.75024279621359e-15
  4.67865171875000e-03  -1.75694643378861e-15
  4.69077257812500e-03  -1.76365007136362e-15
  4.70289343750000e-03  -1.77035370893863e-15
  4.71501429687500e-03  -1.77705734651365e-15
  4.72713515625000e-03  -1.78376098408866e-15
  4.73925601562500e-03  -1.79046462166367e-15
  4.75137687500000e-03  -1.79716825923869e-15
  4.76349773437500e-03  -1.80387189681370e-15
  4.77561859375000e-03  -1.81057553438871e-15
  4.78773945312500e-03  -1.81727917196373e-15
  4.79986031250000e-03  -1.82398280953874e-15
  4.81198117187500e-03  -1.83068644711375e-15
  4.82410203125000e-03  -1.83739008468877e-15
  4.83622289062500e-03  -1.84409372226378e-15
  4.84834375000000e-03  -1.85079735983879e-15
  4.86046460937500e-03  -1.85750099741381e-15
  4.87258546875000e-03  -1.86420463498882e-15
  4.88470632812500e-03  -1.87090827256383e-15
  4.89682718750000e-03  -1.87761191013885e-15
  4.90894804687500e-03  -1.88431554771386e-15
  4.92106890625000e-03  -1.89101918528888e-15
  4.93318976562500e-03  -1.89772282286389e-15
  4.94531062500000e-03  -1.90442646043890e-15
  4.95743148437500e-03  -1.91113009801392e-15
  4.96955234375000e-03  -1.91783373558893e-15
  4.98167320312500e-03  -1.92453737316394e-15
  4.99379406250000e-03  -1.93124101073896e-15
  5.00591492187500e-03  -1.93794464831397e-15
  5.01803578125000e-03  -1.94464828588898e-15
  5.03015664062500e-03  -1.95135192346400e-15
  5.04227750000000e-03  -1.95805556103901e-15
  5.05439835937500e-03  -1.96475919861402e-15
  5.06651921875000e-03  -1.97146283618904e-15
  5.07864007812500e-03  -1.97816647376405e-15
  5.09076093750000e-03  -1.98487011133906e-15
  5.10288179687500e-03  -1.99157374891408e-15
  5.11500265625000e-03  -1.99827738648909e-15
  5.12712351562500e-03  -2.00498102406410e-15
  5.13924437500000e-03  -2.01168466163912e-15
  5.15136523437500e-03  -2.01838829921413e-15
  5.16348609375000e-03  -2.02509193678914e-15
  5.17560695312500e-03  -2.03179557436416e-15
  5.18772781250000e-03  -2.03849921193917e-15
  5.19984867187500e-03  -2.04520284951418e-15
  5.21196953125000e-03  -2.05190648708920e-15
  5.22409039062500e-03  -2.05861012466421e-15
  5.23621125000000e-03  -2.06531376223922e-15
  5.24833210937500e-03  -2.07201739981424e-15
  5.26045296875000e-03  -2.07872103738925e-15
  5.27257382812500e-03  -2.08542467496426e-15
  5.28469468750000e-03  -2.09212831253928e-15
  5.29681554687500e-03  -2.09883195011429e-15
  5.30893640625000e-03  -2.10553558768930e-15
  5.32105726562500e-03  -2.11223922526432e-15
  5.33317812500000e-03  -2.11894286283933e-15
  5.34529898437500e-03  -2.12564650041434e-15
  5.35741984375000e-03  -2.13235013798936e-15
  5.36954070312500e-03  -2.13905377556437e-15
  5.38166156250000e-03  -2.14575741313938e-15
  5.39378242187500e-03  -2.15246105071440e-15
  5.40590328125000e-03  -2.15916468828941e-15
  5.41802414062500e-03  -2.16586832586443e-15
  5.43014500000000e-03  -2.17257196343944e-15
  5.44226585937500e-03  -2.17927560101445e-15
  5.45438671875000e-03  -2.18597923858947e-15
  5.46650757812500e-03  -2.19268287616448e-15
  5.47862843750000e-03  -2.19938651373949e-15
  5.49074929687500e-03  -2.20609015131451e-15
  5.50287015625000e-03  -2.21279378888952e-15
  5.51499101562500e-03  -2.21949742646453e-15
  5.52711187500000e-03  -2.22620106403955e-15
  5.53923273437500e-03  -2.23290470161456e-15
  5.55135359375000e-03  -2.23960833918957e-15
  5.56347445312500e-03  -2.24631197676459e-15
  5.57559531250000e-03  -2.25301561433960e-15
  5.58771617187500e-03  -2.25971925191461e-15
  5.59983703125000e-03  -2.26642288948963e-15
  5.61195789062500e-03  -2.27312652706464e-15
  5.62407875000000e-03  -2.27983016463965e-15
  5.63619960937500e-03  -2.28653380221467e-15
  5.64832046875000e-03  -2.29323743978968e-15
  5.66044132812500e-03  -2.29994107736469e-15
  5.67256218750000e-03  -2.30664471493971e-15
  5.68468304687500e-03  -2.31334835251472e-15
  5.69680390625000e-03  -2.32005199008973e-15
  5.70892476562500e-03  -2.32675562766475e-15
  5.72104562500000e-03  -2.33345926523976e-15
  5.73316648437500e-03  -2.34016290281477e-15
  5.74528734375000e-03  -2.34686654038979e-15
  5.75740820312500e-03  -2.35357017796480e-15
  5.76952906250000e-03  -2.36027381553981e-15
  5.78164992187500e-03  -2.36697745311483e-15
  5.79377078125000e-03  -2.37368109068984e-15
  5.80589164062500e-03  -2.38038472826485e-15
  5.81801250000000e-03  -2.38708836583987e-15
  5.83013335937500e-03  -2.39379200341488e-15
  5.84225421875000e-03  -2.40049564098989e-15
  5.85437507812500e-03  -2.40719927856491e-15
  5.86649593750000e-03  -2.41390291613992e-15
  5.87861679687500e-03  -2.42060655371493e-15
  5.89073765625000e-03  -2.42731019128995e-15
  5.90285851562500e-03  -2.43401382886496e-15
  5.91497937500000e-03  -2.44071746643997e-15
  5.92710023437500e-03  -2.44742110401499e-15
  5.93922109375000e-03  -2.45412474159000e-15
  5.95134195312500e-03  -2.46082837916501e-15
  5.96346281250000e-03  -2.46753201674003e-15
  5.97558367187500e-03  -2.47423565431504e-15
  5.98770453125000e-03  -2.48093929189006e-15
  5.99982539062500e-03  -2.48764292946507e-15
  6.01194625000000e-03  -2.49434656704008e-15
  6.02406710937500e-03  -2.50105020461510e-15
  6.03618796875000e-03  -2.50775384219011e-15
  6.04830882812500e-03  -2.51445747976512e-15
  6.06042968750000e-03  -2.52116111734014e-15
  6.07255054687500e-03  -2.52786475491515e-15
  6.08467140625000e-03  -2.53456839249016e-15
  6.09679226562500e-03  -2.54127203006518e-15
  6.10891312500000e-03  -2.54797566764019e-15
  6.12103398437500e-03  -2.55467930521520e-15
  6.13315484375000e-03  -2.56138294279022e-15
  6.14527570312500e-03  -2.56808658036523e-15
  6.15739656250000e-03  -2.57479021794024e-15
  6.16951742187500e-03  -2.58149385551526e-15
  6.18163828125000e-03  -2.58819749309027e-15
  6.19375914062500e-03  -2.59490113066528e-15
  6.20588000000000e-03  -2.60160476824030e-15
  6.21800085937500e-03  -2.60816491359050e-15
  6.23012171875000e-03  -2.61472505894070e-15
  6.24224257812500e-03  -2.62128520429090e-15
  6.25436343750000e-03  -2.62784534964110e-15
  6.26648429687500e-03  -2.63440549499130e-15
  6.27860515625000e-03  -2.64096564034150e-15
  6.29072601562500e-03  -2.64752578569170e-15
  6.30284687500000e-03  -2.65408593104190e-15
  6.31496773437500e-03  -2.66064607639210e-15
  6.32708859375000e-03  -2.66720622174230e-15
  6.33920945312500e-03  -2.67376636709250e-15
  6.35133031250000e-03  -2.68032651244270e-15
  6.36345117187500e-03  -2.68688665779290e-15
  6.37557203125000e-03  -2.69344680314310e-15
  6.38769289062500e-03  -2.70000694849330e-15
  6.39981375000000e-03  -2.70656709384350e-15
  6.41193460937500e-03  -2.71312723919370e-15
  6.42405546875000e-03  -2.71968738454390e-15
  6.43617632812500e-03  -2.72624752989410e-15
  6.44829718750000e-03  -2.73280767524430e-15
  6.46041804687500e-03  -2.73936782059450e-15
  6.47253890625000e-03  -2.74592796594470e-15
  6.48465976562500e-03  -2.75248811129490e-15
  6.49678062500000e-03  -2.75904825664510e-15
  6.50890148437500e-03  -2.76560840199530e-15
  6.52102234375000e-03  -2.77216854734550e-15
  6.53314320312500e-03  -2.77872869269570e-15
  6.54526406250000e-03  -2.78528883804590e-15
  6.55738492187500e-03  -2.79184898339610e-15
  6.56950578125000e-03  -2.79840912874630e-15
  6.58162664062500e-03  -2.80496927409650e-15
  6.59374750000000e-03  -2.81152941944670e-15
  6.60586835937500e-03  -2.81808956479690e-15
  6.61798921875000e-03  -2.82464971014710e-15
  6.63011007812500e-03  -2.83120985549730e-15
  6.64223093750000e-03  -2.83777000084750e-15
  6.65435179687500e-03  -2.84433014619770e-15
  6.66647265625000e-03  -2.85089029154790e-15
  6.67859351562500e-03  -2.85745043689810e-15
  6.69071437500000e-03  -2.86401058224830e-15
  6.70283523437500e-03  -2.87057072759850e-15
  6.71495609375000e-03  -2.87713087294870e-15
  6.72707695312500e-03  -2.88369101829890e-15
  6.73919781250000e-03  -2.89025116364910e-15
  6.75131867187500e-03  -2.89681130899930e-15
  6.76343953125000e-03  -2.90337145434950e-15
  6.77556039062500e-03  -2.90993159969970e-15
  6.78768125000000e-03  -2.91649174504990e-15
  6.79980210937500e-03  -2.92305189040010e-15
  6.81192296875000e-03  -2.92961203575030e-15
  6.82404382812500e-03  -2.93617218110050e-15
  6.83616468750000e-03  -2.94273232645070e-15
  6.84828554687500e-03  -2.94929247180090e-15
  6.86040640625000e-03  -2.95585261715110e-15
  6.87252726562500e-03  -2.96241276250130e-15
  6.88464812500000e-03  -2.96897290785150e-15
  6.89676898437500e-03  -2.97553305320170e-15
  6.90888984375000e-03  -2.98209319855190e-15
  6.92101070312500e-03  -2.98865334390210e-15
  6.93313156250000e-03  -2.99521348925230e-15
  6.94525242187500e-03  -3.00177363460250e-15
  6.95737328125000e-03  -3.00833377995270e-15
  6.96949414062500e-03  -3.01489392530290e-15
  6.98161500000000e-03  -3.02145407065310e-15
  6.99373585937500e-03  -3.02801421600330e-15
  7.00585671875000e-03  -3.03457436135350e-15
  7.01797757812500e-03  -3.04113450670370e-15
  7.03009843750000e-03  -3.04769465205390e-15
  7.04221929687500e-03  -3.05425479740410e-15
  7.05434015625000e-03  -3.06081494275430e-15
  7.06646101562500e-03  -3.06737508810450e-15
  7.07858187500000e-03  -3.07393523345470e-15
  7.09070273437500e-03  -3.08049537880490e-15
  7.10282359375000e-03  -3.08705552415510e-15
  7.11494445312500e-03  -3.09361566950530e-15
  7.12706531250000e-03  -3.10017581485550e-15
  7.13918617187500e-03  -3.10673596020570e-15
  7.15130703125000e-03  -3.11329610555590e-15
  7.16342789062500e-03  -3.11985625090610e-15
  7.17554875000000e-03  -3.12641639625630e-15
  7.18766960937500e-03  -3.13297654160650e-15
  7.19979046875000e-03  -3.13953668695670e-15
  7.21191132812500e-03  -3.14609683230690e-15
  7.22403218750000e-03  -3.15265697765710e-15
  7.23615304687500e-03  -3.15921712300730e-15
  7.24827390625000e-03  -3.16577726835750e-15
  7.26039476562500e-03  -3.17233741370770e-15
  7.27251562500000e-03  -3.17889755905790e-15
  7.28463648437500e-03  -3.18545770440810e-15
  7.29675734375000e-03  -3.19201784975830e-15
  7.30887820312500e-03  -3.19857799510850e-15
  7.32099906250000e-03  -3.20513814045870e-15
  7.33311992187500e-03  -3.21169828580890e-15
  7.34524078125000e-03  -3.21825843115910e-15
  7.35736164062500e-03  -3.22481857650930e-15
  7.36948250000000e-03  -3.23137872185950e-15
  7.38160335937500e-03  -3.23793886720970e-15
  7.39372421875000e-03  -3.24449901255990e-15
  7.40584507812500e-03  -3.25105915791010e-15
  7.41796593750000e-03  -3.25761930326030e-15
  7.43008679687500e-03  -3.26417944861050e-15
  7.44220765625000e-03  -3.27073959396070e-15
  7.45432851562500e-03  -3.27729973931090e-15
  7.46644937500000e-03  -3.28385988466110e-15
  7.47857023437500e-03  -3.29042003001130e-15
  7.49069109375000e-03  -3.29698017536150e-15
  7.50281195312500e-03  -3.30354032071170e-15
  7.51493281250000e-03  -3.31010046606190e-15
  7.52705367187500e-03  -3.31666061141210e-15
  7.53917453125000e-03  -3.32322075676230e-15
  7.55129539062500e-03  -3.32978090211250e-15
  7.56341625000000e-03  -3.33634104746270e-15
  7.57553710937500e-03  -3.34290119281290e-15
  7.58765796875000e-03  -3.34946133816310e-15
  7.59977882812500e-03  -3.35602148351330e-15
  7.61189968750000e-03  -3.36258162886350e-15
  7.62402054687500e-03  -3.36914177421370e-15
  7.63614140625000e-03  -3.37570191956390e-15
  7.64826226562500e-03  -3.38226206491410e-15
  7.66038312500000e-03  -3.38882221026430e-15
  7.67250398437500e-03  -3.39538235561450e-15
  7.68462484375000e-03  -3.40194250096470e-15
  7.69674570312500e-03  -3.40850264631490e-15
  7.70886656250000e-03  -3.41506279166510e-15
  7.72098742187500e-03  -3.42162293701530e-15
  7.73310828125000e-03  -3.42818308236550e-15
  7.74522914062500e-03  -3.43474322771570e-15
  7.75735000000000e-03  -3.44130337306590e-15
  7.76947085937500e-03  -3.44780389130069e-15
  7.78159171875000e-03  -3.45430440953548e-15
  7.79371257812500e-03  -3.46080492777027e-15
  7.80583343750000e-03  -3.46730544600506e-15
  7.81795429687500e-03  -3.47380596423985e-15
  7.83007515625000e-03  -3.48030648247464e-15
  7.84219601562500e-03  -3.48680700070943e-15
  7.85431687500000e-03  -3.49330751894422e-15
  7.86643773437500e-03  -3.49980803717901e-15
  7.87855859375000e-03  -3.50630855541380e-15
  7.89067945312500e-03  -3.51280907364859e-15
  7.90280031250000e-03  -3.51930959188338e-15
  7.91492117187500e-03  -3.52581011011817e-15
  7.92704203125000e-03  -3.53231062835296e-15
  7.93916289062500e-03  -3.53881114658775e-15
  7.95128375000000e-03  -3.54531166482254e-15
  7.96340460937500e-03  -3.55181218305733e-15
  7.97552546875000e-03  -3.55831270129211e-15
  7.98764632812500e-03  -3.56481321952690e-15
  7.99976718750000e-03  -3.57131373776169e-15
  8.01188804687500e-03  -3.57781425599648e-15
  8.02400890625000e-03  -3.58431477423127e-15
  8.03612976562500e-03  -3.59081529246606e-15
  8.04825062500000e-03  -3.59731581070085e-15
  8.06037148437500e-03  -3.60381632893564e-15
  8.07249234375000e-03  -3.61031684717043e-15
  8.08461320312500e-03  -3.61681736540522e-15
  8.09673406250000e-03  -3.62331788364001e-15
  8.10885492187500e-03  -3.62981840187480e-15
  8.12097578125000e-03  -3.63631892010959e-15
  8.13309664062500e-03  -3.64281943834438e-15
  8.14521750000000e-03  -3.64931995657917e-15
  8.15733835937500e-03  -3.65582047481396e-15
  8.16945921875000e-03  -3.66232099304875e-15
  8.18158007812500e-03  -3.66882151128354e-15
  8.19370093750000e-03  -3.67532202951833e-15
  8.20582179687500e-03  -3.68182254775312e-15
  8.21794265625000e-03  -3.68832306598791e-15
  8.23006351562500e-03  -3.69482358422270e-15
  8.24218437500000e-03  -3.70132410245749e-15
  8.25430523437500e-03  -3.70782462069228e-15
  8.26642609375000e-03  -3.71432513892707e-15
  8.27854695312500e-03  -3.72082565716186e-15
  8.29066781250000e-03  -3.72732617539665e-15
  8.30278867187500e-03  -3.73382669363144e-15
  8.31490953125000e-03  -3.74032721186623e-15
  8.32703039062500e-03  -3.74682773010101e-15
  8.33915125000000e-03  -3.75332824833580e-15
  8.35127210937500e-03  -3.75982876657059e-15
  8.36339296875000e-03  -3.76632928480538e-15
  8.37551382812500e-03  -3.77282980304017e-15
  8.38763468750000e-03  -3.77933032127496e-15
  8.39975554687500e-03  -3.78583083950975e-15
  8.41187640625000e-03  -3.79233135774454e-15
  8.42399726562500e-03  -3.79883187597933e-15
  8.43611812500000e-03  -3.80533239421412e-15
  8.44823898437500e-03  -3.81183291244891e-15
  8.46035984375000e-03  -3.81833343068370e-15
  8.47248070312500e-03  -3.82483394891849e-15
  8.48460156250000e-03  -3.83133446715328e-15
  8.49672242187500e-03  -3.83783498538807e-15
  8.50884328125000e-03  -3.84433550362286e-15
  8.52096414062500e-03  -3.85083602185765e-15
  8.53308500000000e-03  -3.85733654009244e-15
  8.54520585937500e-03  -3.86180118980382e-15
  8.55732671875000e-03  -3.86626583951520e-15
  8.56944757812500e-03  -3.87073048922658e-15
  8.58156843750000e-03  -3.87519513893796e-15
  8.59368929687500e-03  -3.87965978864934e-15
  8.60581015625000e-03  -3.88412443836072e-15
  8.61793101562500e-03  -3.88858908807210e-15
  8.63005187500000e-03  -3.89305373778348e-15
  8.64217273437500e-03  -3.89751838749486e-15
  8.65429359375000e-03  -3.90198303720624e-15
  8.66641445312500e-03  -3.90644768691762e-15
  8.67853531250000e-03  -3.91091233662900e-15
  8.69065617187500e-03  -3.91537698634038e-15
  8.70277703125000e-03  -3.91984163605176e-15
  8.71489789062500e-03  -3.92430628576314e-15
  8.72701875000000e-03  -3.92877093547452e-15
  8.73913960937500e-03  -3.93323558518590e-15
  8.75126046875000e-03  -3.93770023489728e-15
  8.76338132812500e-03  -3.94216488460867e-15
  8.77550218750000e-03  -3.94662953432005e-15
  8.78762304687500e-03  -3.95109418403143e-15
  8.79974390625000e-03  -3.95555883374281e-15
  8.81186476562500e-03  -3.96002348345419e-15
  8.82398562500000e-03  -3.96448813316557e-15
  8.83610648437500e-03  -3.96895278287695e-15
  8.84822734375000e-03  -3.97341743258833e-15
  8.86034820312500e-03  -3.97788208229971e-15
  8.87246906250000e-03  -3.98234673201109e-15
  8.88458992187500e-03  -3.98681138172247e-15
  8.89671078125000e-03  -3.99127603143385e-15
  8.90883164062500e-03  -3.99574068114523e-15
  8.92095250000000e-03  -4.00020533085661e-15
  8.93307335937500e-03  -4.00466998056799e-15
  8.94519421875000e-03  -4.00913463027937e-15
  8.95731507812500e-03  -4.01359927999075e-15
  8.96943593750000e-03  -4.01806392970213e-15
  8.98155679687500e-03  -4.02252857941351e-15
  8.99367765625000e-03  -4.02699322912489e-15
  9.00579851562500e-03  -4.03145787883627e-15
  9.01791937500000e-03  -4.03592252854765e-15
  9.03004023437500e-03  -4.04038717825903e-15
  9.04216109375000e-03  -4.04485182797041e-15
  9.05428195312500e-03  -4.04931647768179e-15
  9.06640281250000e-03  -4.05378112739317e-15
  9.07852367187500e-03  -4.05824577710455e-15
  9.09064453125000e-03  -4.06271042681594e-15
  9.10276539062500e-03  -4.06717507652732e-15
  9.11488625000000e-03  -4.07163972623870e-15
  9.12700710937500e-03  -4.07610437595008e-15
  9.13912796875000e-03  -4.08056902566146e-15
  9.15124882812500e-03  -4.08503367537284e-15
  9.16336968750000e-03  -4.08949832508422e-15
  9.17549054687500e-03  -4.09396297479560e-15
  9.18761140625000e-03  -4.09842762450698e-15
  9.19973226562500e-03  -4.10289227421836e-15
  9.21185312500000e-03  -4.10735692392974e-15
  9.22397398437500e-03  -4.11182157364112e-15
  9.23609484375000e-03  -4.11628622335250e-15
  9.24821570312500e-03  -4.12075087306388e-15
  9.26033656250000e-03  -4.12521552277526e-15
  9.27245742187500e-03  -4.12968017248664e-15
  9.28457828125000e-03  -4.13414482219802e-15
  9.29669914062500e-03  -4.13860947190940e-15
  9.30882000000000e-03  -4.14307412162077e-15
  9.32094085937500e-03  -4.06265176438170e-15
  9.33306171875000e-03  -3.98222940714262e-15
  9.34518257812500e-03  -3.90180704990355e-15
  9.35730343750000e-03  -3.82138469266447e-15
  9.36942429687500e-03  -3.74096233542540e-15
  9.38154515625000e-03  -3.66053997818631e-15
  9.39366601562500e-03  -3.58011762094724e-15
  9.40578687500000e-03  -3.49969526370816e-15
  9.41790773437500e-03  -3.41927290646909e-15
  9.43002859375000e-03  -3.33885054923001e-15
  9.44214945312500e-03  -3.25842819199094e-15
  9.45427031250000e-03  -3.17800583475186e-15
  9.46639117187500e-03  -3.09758347751279e-15
  9.47851203125000e-03  -3.01716112027370e-15
  9.49063289062500e-03  -2.93673876303463e-15
  9.50275375000000e-03  -2.85631640579555e-15
  9.51487460937500e-03  -2.77589404855648e-15
  9.52699546875000e-03  -2.69547169131740e-15
  9.53911632812500e-03  -2.61504933407833e-15
  9.55123718750000e-03  -2.53462697683925e-15
  9.56335804687500e-03  -2.45420461960018e-15
  9.57547890625000e-03  -2.37378226236110e-15
  9.58759976562500e-03  -2.29335990512203e-15
  9.59972062500000e-03  -2.21293754788294e-15
  9.61184148437500e-03  -2.13251519064387e-15
  9.62396234375000e-03  -2.05209283340479e-15
  9.63608320312500e-03  -1.97167047616572e-15
  9.64820406250000e-03  -1.89124811892664e-15
  9.66032492187500e-03  -1.81082576168757e-15
  9.67244578125000e-03  -1.73040340444849e-15
  9.68456664062500e-03  -1.64998104720942e-15
  9.69668750000000e-03  -1.56955868997008e-15
  9.70880835937500e-03   2.92345876168942e-16
  9.72092921875000e-03   2.15425044230823e-15
  9.73305007812500e-03   4.01615500844725e-15
  9.74517093750000e-03   5.87805957458654e-15
  9.75729179687500e-03   7.73996414072557e-15
  9.76941265625000e-03   9.60186870686486e-15
  9.78153351562500e-03   1.14637732730039e-14
  9.79365437500000e-03   1.33256778391432e-14
  9.80577523437500e-03   1.51875824052822e-14
  9.81789609375000e-03   1.70494869714215e-14
  9.83001695312500e-03   1.89113915375605e-14
  9.84213781250000e-03   2.07732961036998e-14
  9.85425867187500e-03   2.26352006698388e-14
  9.86637953125000e-03   2.44971052359781e-14
  9.87850039062500e-03   2.63590098021171e-14
  9.89062125000000e-03   2.82209143682601e-14
  9.90274210937500e-03   5.56539094907922e-14
  9.91486296875000e-03   8.30869046133282e-14
  9.92698382812500e-03   1.10519899735860e-13
  9.93910468750000e-03   1.37952894858396e-13
  9.95122554687500e-03   1.65385889980928e-13
  9.96334640625000e-03   1.92818885103464e-13
  9.97546726562500e-03   2.20251880225996e-13
  9.98758812500000e-03   2.47684875348533e-13
  9.99970898437500e-03   2.75117870471065e-13
  1.00118298437500e-02   3.02550865593601e-13
  1.00239507031250e-02   3.29983860716133e-13
  1.00360715625000e-02   3.57416855838669e-13
  1.00481924218750e-02   3.84849850961201e-13
  1.00603132812500e-02   4.12282846083737e-13
  1.00724341406250e-02   4.39715841206269e-13
  1.00845550000000e-02   4.67148836328859e-13
  1.00966758593750e-02   8.70263054989278e-13
  1.01087967187500e-02   1.27337727364975e-12
  1.01209175781250e-02   1.67649149231017e-12
  1.01330384375000e-02   2.07960571097065e-12
  1.01451592968750e-02   2.48271992963107e-12
  1.01572801562500e-02   2.88583414829155e-12
  1.01694010156250e-02   3.28894836695197e-12
  1.01815218750000e-02   3.69206258561244e-12
  1.01936427343750e-02   4.09517680427286e-12
  1.02057635937500e-02   4.49829102293334e-12
  1.02178844531250e-02   4.90140524159376e-12
  1.02300053125000e-02   5.30451946025424e-12
  1.02421261718750e-02   5.70763367891465e-12
  1.02542470312500e-02   6.11074789757513e-12
  1.02663678906250e-02   6.51386211623555e-12
  1.02784887500000e-02   6.91697633489662e-12
  1.02906096093750e-02   1.14605057476718e-11
  1.03027304687500e-02   1.60040351604475e-11
  1.03148513281250e-02   2.05475645732227e-11
  1.03269721875000e-02   2.50910939859985e-11
  1.03390930468750e-02   2.96346233987736e-11
  1.03512139062500e-02   3.41781528115494e-11
  1.03633347656250e-02   3.87216822243252e-11
  1.03754556250000e-02   4.32652116371047e-11
  1.03875764843750e-02   7.89273721950162e-11
  1.03996973437500e-02   1.14589532752923e-10
  1.04118182031250e-02   1.50251693310834e-10
  1.04239390625000e-02   1.85913853868740e-10
  1.04360599218750e-02   2.21576014426652e-10
  1.04481807812500e-02   2.57238174984558e-10
  1.04603016406250e-02   2.92900335542470e-10
  1.04724225000000e-02   3.28562496100411e-10
  1.04845433593750e-02   6.08302016936764e-10
  1.04966642187500e-02   8.88041537773076e-10
  1.05087850781250e-02   1.16778105860943e-09
  1.05209059375000e-02   1.44752057944574e-09
  1.05330267968750e-02   1.72726010028209e-09
  1.05451476562500e-02   2.00699962111841e-09
  1.05572685156250e-02   2.28673914195476e-09
  1.05693893750000e-02   2.56647866279128e-09
  1.05815102343750e-02   4.28141016915351e-09
  1.05936310937500e-02   5.99634167551549e-09
  1.06057519531250e-02   7.71127318187771e-09
  1.06178728125000e-02   9.42620468824053e-09
  1.06299936718750e-02   1.69934556200703e-08
  1.06421145312500e-02   2.45607065518990e-08
  1.06542353906250e-02   3.21279574837288e-08
  1.06663562500000e-02   3.96952084155603e-08
  1.06784771093750e-02   6.66422985740178e-08
  1.06905979687500e-02   9.35893887324781e-08
  1.07027188281250e-02   1.66365372764004e-07
  1.07148396875000e-02   2.39141356795538e-07
  1.07269605468750e-02   4.35487750684833e-07
  1.07390814062500e-02   6.31834144574137e-07
  1.07512022656250e-02   1.08162736088985e-06
  1.07633231250000e-02   1.91525806900204e-06
  1.07754439843750e-02   3.46435957855184e-06
  1.07875648437500e-02   6.35894039843255e-06
  1.07996857031250e-02   1.18129323776490e-05
  1.08118065625000e-02   2.30765329359932e-05
  1.08239274218750e-02   4.66984069977449e-05
  1.08360482812500e-02   9.67920940999770e-05
  1.08481691406250e-02   1.98027003970333e-04
  1.08602900000000e-02   3.87695038822699e-04
  1.08724108593750e-02   6.46177273441661e-04
  1.08845317187500e-02   7.39975691951556e-04
  1.08966525781250e-02   6.06025952693167e-04
  1.09087734375000e-02   4.36871797673060e-04
  1.09208942968750e-02   3.05678843330276e-04
  1.09330151562500e-02   2.18221771482007e-04
  1.09451360156250e-02   1.59757628184895e-04
  1.09572568750000e-02   1.19665984204377e-04
  1.09693777343750e-02   9.14178021049235e-05
  1.09814985937500e-02   7.10169906946832e-05
  1.09936194531250e-02   5.60388694323675e-05
  1.10057403125000e-02   4.47954249560398e-05
  1.10178611718750e-02   3.62464223471435e-05
  1.10299820312500e-02   2.96673972886245e-05
  1.10421028906250e-02   2.46202632821489e-05
  1.10542237500000e-02   2.06391068207972e-05
  1.10663446093750e-02   1.74712817893082e-05
  1.10784654687500e-02   1.49284214450634e-05
  1.10905863281250e-02   1.28691442646901e-05
  1.11027071875000e-02   1.11859787514529e-05
  1.11148280468750e-02   9.95481587132443e-06
  1.11269489062500e-02   8.72365299119615e-06
  1.11390697656250e-02   7.85864106596179e-06
  1.11511906250000e-02   6.99362914072760e-06
  1.11633114843750e-02   6.37256201932075e-06
  1.11754323437500e-02   5.75149489791403e-06
  1.11875532031250e-02   5.29549621463161e-06
  1.11996740625000e-02   4.83949753134927e-06
  1.12117949218750e-02   4.55335254884633e-06
  1.12239157812500e-02   4.26720756634345e-06
  1.12360366406250e-02   3.98106258384053e-06
  1.12481575000000e-02   3.69491760133764e-06
  1.12602783593750e-02   3.52131705405619e-06
  1.12723992187500e-02   3.34771650677478e-06
  1.12845200781250e-02   3.17411595949334e-06
  1.12966409375000e-02   3.00051541221193e-06
  1.13087617968750e-02   2.89025395869681e-06
  1.13208826562500e-02   2.77999250518172e-06
  1.13330035156250e-02   2.66973105166661e-06
  1.13451243750000e-02   2.55946959815152e-06
  1.13572452343750e-02   2.50263142090451e-06
  1.13693660937500e-02   2.44579324365752e-06
  1.13814869531250e-02   2.38895506641053e-06
  1.13936078125000e-02   2.33211688916354e-06
  1.14057286718750e-02   2.27527871191654e-06
  1.14178495312500e-02   2.21844053466955e-06
  1.14299703906250e-02   2.16160235742255e-06
  1.14420912500000e-02   2.10476418017557e-06
  1.14542121093750e-02   2.07583374751239e-06
  1.14663329687500e-02   2.04690331484922e-06
  1.14784538281250e-02   2.01797288218605e-06
  1.14905746875000e-02   1.98904244952289e-06
  1.15026955468750e-02   1.96011201685972e-06
  1.15148164062500e-02   1.93118158419655e-06
  1.15269372656250e-02   1.90225115153338e-06
  1.15390581250000e-02   1.87332071887021e-06
  1.15511789843750e-02   1.85747479685608e-06
  1.15632998437500e-02   1.84162887484195e-06
  1.15754207031250e-02   1.82578295282781e-06
  1.15875415625000e-02   1.80993703081368e-06
  1.15996624218750e-02   1.79409110879955e-06
  1.16117832812500e-02   1.77824518678542e-06
  1.16239041406250e-02   1.76239926477129e-06
  1.16360250000000e-02   1.74655334275715e-06
  1.16481458593750e-02   1.74000226363634e-06
  1.16602667187500e-02   1.73345118451554e-06
  1.16723875781250e-02   1.72690010539473e-06
  1.16845084375000e-02   1.72034902627392e-06
  1.16966292968750e-02   1.71379794715311e-06
  1.17087501562500e-02   1.70724686803231e-06
  1.17208710156250e-02   1.70069578891150e-06
  1.17329918750000e-02   1.69414470979069e-06
  1.17451127343750e-02   1.68759363066988e-06
  1.17572335937500e-02   1.68104255154908e-06
  1.17693544531250e-02   1.67449147242827e-06
  1.17814753125000e-02   1.66794039330746e-06
  1.17935961718750e-02   1.66138931418665e-06
  1.18057170312500e-02   1.65483823506584e-06
  1.18178378906250e-02   1.64828715594504e-06
  1.18299587500000e-02   1.64173607682423e-06
  1.18420796093750e-02   1.63901515769969e-06
  1.18542004687500e-02   1.63629423857515e-06
  1.18663213281250e-02   1.63357331945060e-06
  1.18784421875000e-02   1.63085240032606e-06
  1.18905630468750e-02   1.62813148120152e-06
  1.19026839062500e-02   1.62541056207698e-06
  1.19148047656250e-02   1.62268964295244e-06
  1.19269256250000e-02   1.61996872382790e-06
  1.19390464843750e-02   1.61724780470336e-06
  1.19511673437500e-02   1.61452688557882e-06
  1.19632882031250e-02   1.61180596645428e-06
  1.19754090625000e-02   1.60908504732973e-06
  1.19875299218750e-02   1.60636412820519e-06
  1.19996507812500e-02   1.60364320908065e-06
  1.20117716406250e-02   1.60092228995611e-06
  1.20238925000000e-02   1.59820137083157e-06
  1.20360133593750e-02   1.59745310493009e-06
  1.20481342187500e-02   1.59670483902861e-06
  1.20602550781250e-02   1.59595657312712e-06
  1.20723759375000e-02   1.59520830722564e-06
  1.20844967968750e-02   1.59446004132416e-06
  1.20966176562500e-02   1.59371177542268e-06
  1.21087385156250e-02   1.59296350952120e-06
  1.21208593750000e-02   1.59221524361971e-06
  1.21329802343750e-02   1.59146697771823e-06
  1.21451010937500e-02   1.59071871181675e-06
  1.21572219531250e-02   1.58997044591527e-06
  1.21693428125000e-02   1.58922218001379e-06
  1.21814636718750e-02   1.58847391411230e-06
  1.21935845312500e-02   1.58772564821082e-06
  1.22057053906250e-02   1.58697738230934e-06
  1.22178262500000e-02   1.58622911640786e-06
  1.22299471093750e-02   1.58548085050638e-06
  1.22420679687500e-02   1.58473258460489e-06
  1.22541888281250e-02   1.58398431870341e-06
  1.22663096875000e-02   1.58323605280193e-06
  1.22784305468750e-02   1.58248778690045e-06
  1.22905514062500e-02   1.58173952099897e-06
  1.23026722656250e-02   1.58099125509748e-06
  1.23147931250000e-02   1.58024298919600e-06
  1.23269139843750e-02   1.57949472329452e-06
  1.23390348437500e-02   1.57874645739304e-06
  1.23511557031250e-02   1.57799819149156e-06
  1.23632765625000e-02   1.57724992559008e-06
  1.23753974218750e-02   1.57650165968859e-06
  1.23875182812500e-02   1.57575339378711e-06
  1.23996391406250e-02   1.57500512788563e-06
  1.24117600000000e-02   1.57425686198415e-06
  1.24238808593750e-02   1.57414343692886e-06
  1.24360017187500e-02   1.57403001187357e-06
  1.24481225781250e-02   1.57391658681829e-06
  1.24602434375000e-02   1.57380316176300e-06
  1.24723642968750e-02   1.57368973670771e-06
  1.24844851562500e-02   1.57357631165243e-06
  1.24966060156250e-02   1.57346288659714e-06
  1.25087268750000e-02   1.57334946154185e-06
  1.25208477343750e-02   1.57323603648657e-06
  1.25329685937500e-02   1.57312261143128e-06
  1.25450894531250e-02   1.57300918637599e-06
  1.25572103125000e-02   1.57289576132071e-06
  1.25693311718750e-02   1.57278233626542e-06
  1.25814520312500e-02   1.57266891121013e-06
  1.25935728906250e-02   1.57255548615485e-06
  1.26056937500000e-02   1.57244206109956e-06
  1.26178146093750e-02   1.57232863604427e-06
  1.26299354687500e-02   1.57221521098899e-06
  1.26420563281250e-02   1.57210178593370e-06
  1.26541771875000e-02   1.57198836087841e-06
  1.26662980468750e-02   1.57187493582313e-06
  1.26784189062500e-02   1.57176151076784e-06
  1.26905397656250e-02   1.57164808571255e-06
  1.27026606250000e-02   1.57153466065727e-06
  1.27147814843750e-02   1.57142123560198e-06
  1.27269023437500e-02   1.57130781054669e-06
  1.27390232031250e-02   1.57119438549141e-06
  1.27511440625000e-02   1.57108096043612e-06
  1.27632649218750e-02   1.57096753538083e-06
  1.27753857812500e-02   1.57085411032555e-06
  1.27875066406250e-02   1.57074068527026e-06
  1.27996275000000e-02   1.57062726021497e-06
  1.28117483593750e-02   1.57051383515969e-06
  1.28238692187500e-02   1.57040041010440e-06
  1.28359900781250e-02   1.57028698504911e-06
  1.28481109375000e-02   1.57017355999383e-06
  1.28602317968750e-02   1.57006013493854e-06
  1.28723526562500e-02   1.56994670988325e-06
  1.28844735156250e-02   1.56983328482797e-06
  1.28965943750000e-02   1.56971985977268e-06
  1.29087152343750e-02   1.56960643471739e-06
  1.29208360937500e-02   1.56949300966211e-06
  1.29329569531250e-02   1.56937958460682e-06
  1.29450778125000e-02   1.56926615955154e-06
  1.29571986718750e-02   1.56915273449625e-06
  1.29693195312500e-02   1.56903930944096e-06
  1.29814403906250e-02   1.56892588438568e-06
  1.29935612500000e-02   1.56881245933039e-06
  1.30056821093750e-02   1.56869903427510e-06
  1.30178029687500e-02   1.56858560921982e-06
  1.30299238281250e-02   1.56847218416453e-06
  1.30420446875000e-02   1.56835875910924e-06
  1.30541655468750e-02   1.56824533405396e-06
  1.30662864062500e-02   1.56813190899867e-06
  1.30784072656250e-02   1.56801848394338e-06
  1.30905281250000e-02   1.56790505888810e-06
  1.31026489843750e-02   1.56779163383281e-06
  1.31147698437500e-02   1.56767820877752e-06
  1.31268907031250e-02   1.56756478372224e-06
  1.31390115625000e-02   1.56745135866695e-06
  1.31511324218750e-02   1.56733793361166e-06
  1.31632532812500e-02   1.56722450855638e-06
  1.31753741406250e-02   1.56711108350109e-06
  1.31874950000000e-02   1.56699765844580e-06
  1.31996158593750e-02   1.56698061043339e-06
  1.32117367187500e-02   1.56696356242097e-06
  1.32238575781250e-02   1.56694651440856e-06
  1.32359784375000e-02   1.56692946639614e-06
  1.32480992968750e-02   1.56691241838373e-06
  1.32602201562500e-02   1.56689537037131e-06
  1.32723410156250e-02   1.56687832235890e-06
  1.32844618750000e-02   1.56686127434648e-06
  1.32965827343750e-02   1.56684422633407e-06
  1.33087035937500e-02   1.56682717832165e-06
  1.33208244531250e-02   1.56681013030924e-06
  1.33329453125000e-02   1.56679308229682e-06
  1.33450661718750e-02   1.56677603428441e-06
  1.33571870312500e-02   1.56675898627199e-06
  1.33693078906250e-02   1.56674193825958e-06
  1.33814287500000e-02   1.56672489024716e-06
  1.33935496093750e-02   1.56670784223475e-06
  1.34056704687500e-02   1.56669079422233e-06
  1.34177913281250e-02   1.56667374620992e-06
  1.34299121875000e-02   1.56665669819750e-06
  1.34420330468750e-02   1.56663965018509e-06
  1.34541539062500e-02   1.56662260217267e-06
  1.34662747656250e-02   1.56660555416026e-06
  1.34783956250000e-02   1.56658850614784e-06
  1.34905164843750e-02   1.56657145813543e-06
  1.35026373437500e-02   1.56655441012301e-06
  1.35147582031250e-02   1.56653736211060e-06
  1.35268790625000e-02   1.56652031409818e-06
  1.35389999218750e-02   1.56650326608577e-06
  1.35511207812500e-02   1.56648621807335e-06
  1.35632416406250e-02   1.56646917006094e-06
  1.35753625000000e-02   1.56645212204852e-06
  1.35874833593750e-02   1.56643507403611e-06
  1.35996042187500e-02   1.56641802602369e-06
  1.36117250781250e-02   1.56640097801128e-06
  1.36238459375000e-02   1.56638392999886e-06
  1.36359667968750e-02   1.56636688198645e-06
  1.36480876562500e-02   1.56634983397403e-06
  1.36602085156250e-02   1.56633278596162e-06
  1.36723293750000e-02   1.56631573794920e-06
  1.36844502343750e-02   1.56629868993679e-06
  1.36965710937500e-02   1.56628164192437e-06
  1.37086919531250e-02   1.56626459391196e-06
  1.37208128125000e-02   1.56624754589954e-06
  1.37329336718750e-02   1.56623049788713e-06
  1.37450545312500e-02   1.56621344987471e-06
  1.37571753906250e-02   1.56619640186230e-06
  1.37692962500000e-02   1.56617935384988e-06
  1.37814171093750e-02   1.56616230583747e-06
  1.37935379687500e-02   1.56614525782505e-06
  1.38056588281250e-02   1.56612820981264e-06
  1.38177796875000e-02   1.56611116180022e-06
  1.38299005468750e-02   1.56609411378781e-06
  1.38420214062500e-02   1.56607706577539e-06
  1.38541422656250e-02   1.56606001776298e-06
  1.38662631250000e-02   1.56604296975056e-06
  1.38783839843750e-02   1.56602592173815e-06
  1.38905048437500e-02   1.56600887372573e-06
  1.39026257031250e-02   1.56599182571332e-06
  1.39147465625000e-02   1.56597477770090e-06
  1.39268674218750e-02   1.56595772968849e-06
  1.39389882812500e-02   1.56594068167608e-06
  1.39511091406250e-02   1.56592363366366e-06
  1.39632300000000e-02   1.56590658565125e-06
  1.39753508593750e-02   1.56590522795674e-06
  1.39874717187500e-02   1.56590387026223e-06
  1.39995925781250e-02   1.56590251256773e-06
  1.40117134375000e-02   1.56590115487322e-06
  1.40238342968750e-02   1.56589979717871e-06
  1.40359551562500e-02   1.56589843948421e-06
  1.40480760156250e-02   1.56589708178970e-06
  1.40601968750000e-02   1.56589572409519e-06
  1.40723177343750e-02   1.56589436640069e-06
  1.40844385937500e-02   1.56589300870618e-06
  1.40965594531250e-02   1.56589165101167e-06
  1.41086803125000e-02   1.56589029331717e-06
  1.41208011718750e-02   1.56588893562266e-06
  1.41329220312500e-02   1.56588757792815e-06
  1.41450428906250e-02   1.56588622023365e-06
  1.41571637500000e-02   1.56588486253914e-06
  1.41692846093750e-02   1.56588350484463e-06
  1.41814054687500e-02   1.56588214715013e-06
  1.41935263281250e-02   1.56588078945562e-06
  1.42056471875000e-02   1.56587943176111e-06
  1.42177680468750e-02   1.56587807406661e-06
  1.42298889062500e-02   1.56587671637210e-06
  1.42420097656250e-02   1.56587535867759e-06
  1.42541306250000e-02   1.56587400098309e-06
  1.42662514843750e-02   1.56587264328858e-06
  1.42783723437500e-02   1.56587128559407e-06
  1.42904932031250e-02   1.56586992789957e-06
  1.43026140625000e-02   1.56586857020506e-06
  1.43147349218750e-02   1.56586721251055e-06
  1.43268557812500e-02   1.56586585481605e-06
  1.43389766406250e-02   1.56586449712154e-06
  1.43510975000000e-02   1.56586313942703e-06
  1.43632183593750e-02   1.56586178173253e-06
  1.43753392187500e-02   1.56586042403802e-06
  1.43874600781250e-02   1.56585906634352e-06
  1.43995809375000e-02   1.56585770864901e-06
  1.44117017968750e-02   1.56585635095450e-06
  1.44238226562500e-02   1.56585499326000e-06
  1.44359435156250e-02   1.56585363556549e-06
  1.44480643750000e-02   1.56585227787098e-06
  1.44601852343750e-02   1.56585092017648e-06
  1.44723060937500e-02   1.56584956248197e-06
  1.44844269531250e-02   1.56584820478746e-06
  1.44965478125000e-02   1.56584684709296e-06
  1.45086686718750e-02   1.56584548939845e-06
  1.45207895312500e-02   1.56584413170394e-06
  1.45329103906250e-02   1.56584277400944e-06
  1.45450312500000e-02   1.56584141631493e-06
  1.45571521093750e-02   1.56584005862042e-06
  1.45692729687500e-02   1.56583870092592e-06
  1.45813938281250e-02   1.56583734323141e-06
  1.45935146875000e-02   1.56583598553690e-06
  1.46056355468750e-02   1.56583462784240e-06
  1.46177564062500e-02   1.56583327014789e-06
  1.46298772656250e-02   1.56583191245338e-06
  1.46419981250000e-02   1.56583055475888e-06
  1.46541189843750e-02   1.56582919706437e-06
  1.46662398437500e-02   1.56582783936986e-06
  1.46783607031250e-02   1.56582648167536e-06
  1.46904815625000e-02   1.56582512398085e-06
  1.47026024218750e-02   1.56582376628634e-06
  1.47147232812500e-02   1.56582240859184e-06
  1.47268441406250e-02   1.56582105089733e-06
  1.47389650000000e-02   1.56581969320282e-06
  1.47510858593750e-02   1.56581833550832e-06
  1.47632067187500e-02   1.56581697781381e-06
  1.47753275781250e-02   1.56581562011930e-06
  1.47874484375000e-02   1.56581426242480e-06
  1.47995692968750e-02   1.56581290473029e-06
  1.48116901562500e-02   1.56581154703578e-06
  1.48238110156250e-02   1.56581018934128e-06
  1.48359318750000e-02   1.56580883164677e-06
  1.48480527343750e-02   1.56580747395227e-06
  1.48601735937500e-02   1.56580611625776e-06
  1.48722944531250e-02   1.56580475856325e-06
  1.48844153125000e-02   1.56580340086875e-06
  1.48965361718750e-02   1.56580204317424e-06
  1.49086570312500e-02   1.56580068547973e-06
  1.49207778906250e-02   1.56579932778523e-06
  1.49328987500000e-02   1.56579797009072e-06
  1.49450196093750e-02   1.56579661239621e-06
  1.49571404687500e-02   1.56579525470171e-06
  1.49692613281250e-02   1.56579389700720e-06
  1.49813821875000e-02   1.56579253931269e-06
  1.49935030468750e-02   1.56579118161819e-06
  1.50056239062500e-02   1.56578982392368e-06
  1.50177447656250e-02   1.56578846622917e-06
  1.50298656250000e-02   1.56578710853467e-06
  1.50419864843750e-02   1.56578575084016e-06
  1.50541073437500e-02   1.56578439314565e-06
  1.50662282031250e-02   1.56578303545115e-06
  1.50783490625000e-02   1.56578167775664e-06
  1.50904699218750e-02   1.56578032006213e-06
  1.51025907812500e-02   1.56577896236763e-06
  1.51147116406250e-02   1.56577760467312e-06
  1.51268325000000e-02   1.56577624697861e-06
  1.51389533593750e-02   1.56577488928411e-06
  1.51510742187500e-02   1.56577353158960e-06
  1.51631950781250e-02   1.56577217389509e-06
  1.51753159375000e-02   1.56577081620059e-06
  1.51874367968750e-02   1.56576945850608e-06
  1.51995576562500e-02   1.56576810081157e-06
  1.52116785156250e-02   1.56576674311707e-06
  1.52237993750000e-02   1.56576538542256e-06
  1.52359202343750e-02   1.56576402772806e-06
  1.52480410937500e-02   1.56576267003355e-06
  1.52601619531250e-02   1.56576131233904e-06
  1.52722828125000e-02   1.56575995464454e-06
  1.52844036718750e-02   1.56575859695003e-06
  1.52965245312500e-02   1.56575723925552e-06
  1.53086453906250e-02   1.56575588156102e-06
  1.53207662500000e-02   1.56575452386651e-06
  1.53328871093750e-02   1.56575316617200e-06
  1.53450079687500e-02   1.56575180847750e-06
  1.53571288281250e-02   1.56575045078299e-06
  1.53692496875000e-02   1.56574909308848e-06
  1.53813705468750e-02   1.56574773539398e-06
  1.53934914062500e-02   1.56574637769947e-06
  1.54056122656250e-02   1.56574502000496e-06
  1.54177331250000e-02   1.56574366231046e-06
  1.54298539843750e-02   1.56574230461595e-06
  1.54419748437500e-02   1.56574094692144e-06
  1.54540957031250e-02   1.56573958922694e-06
  1.54662165625000e-02   1.56573823153243e-06
  1.54783374218750e-02   1.56573687383792e-06
  1.54904582812500e-02   1.56573551614342e-06
  1.55025791406250e-02   1.56573415844891e-06
  1.55147000000000e-02   1.56573280075440e-06
