                     -995.01246882793009                       -0.00000000000000
                     -990.02493765586019                        0.00000000000000
                     -985.03740648379039                        0.00000000000000
                     -980.04987531172060                        0.00000000000000
                     -975.06234413965080                        0.00000000000000
                     -970.07481296758090                        0.00000000000000
                     -965.08728179551110                        0.00000000000000
                     -960.09975062344131                        0.00000000000000
                     -955.11221945137152                        0.00000000000000
                     -950.12468827930161                        0.00000000000000
                     -945.13715710723181                        0.00000000000000
                     -940.14962593516202                        0.00000000000000
                     -935.16209476309211                        0.00000000000000
                     -930.17456359102232                        0.00000000000000
                     -925.18703241895253                        0.00000000000000
                     -920.19950124688273                        0.00000000000000
                     -915.21197007481283                        0.00000000000000
                     -910.22443890274303                        0.00000000000000
                     -905.23690773067324                        0.00000000000000
                     -900.24937655860344                        0.00000000000000
                     -895.26184538653354                        0.00000000000000
                     -890.27431421446374                        0.00000000000000
                     -885.28678304239395                        0.00000000000000
                     -880.29925187032404                        0.00000000000000
                     -875.31172069825425                        0.00000000000000
                     -870.32418952618445                        0.00000000000000
                     -865.33665835411466                        0.00000000000000
                     -860.34912718204475                        0.00000000000000
                     -855.36159600997496                        0.00000000000000
                     -850.37406483790517                        0.00000000000000
                     -845.38653366583537                        0.00000000000000
                     -840.39900249376547                        0.00000000000000
                     -835.41147132169567                        0.00000000000000
                     -830.42394014962588                        0.00000000000000
                     -825.43640897755597                        0.00000000000000
                     -820.44887780548618                        0.00000000000000
                     -815.46134663341638                        0.00000000000000
                     -810.47381546134659                        0.00000000000000
                     -805.48628428927668                        0.00000000000000
                     -800.49875311720689                        0.00000000000000
                     -795.51122194513709                        0.00000000000000
                     -790.52369077306730                        0.00000000000000
                     -785.53615960099739                        0.00000000000000
                     -780.54862842892760                        0.00000000000000
                     -775.56109725685781                        0.00000000000000
                     -770.57356608478790                        0.00000000000000
                     -765.58603491271811                        0.00000000000000
                     -760.59850374064831                        0.00000000000000
                     -755.61097256857852                        0.00000000000000
                     -750.62344139650861                        0.00000000000000
                     -745.63591022443882                        0.00000000000000
                     -740.64837905236902                        0.00000000000000
                     -735.66084788029923                        0.00000000000000
                     -730.67331670822932                        0.00000000000002
                     -725.68578553615953                        0.00000000000007
                     -720.69825436408973                        0.00000000001452
                     -715.71072319201983                        0.00000000014369
                     -710.72319201995003                        0.00000000044330
                     -705.73566084788024                        0.00000000078258
                     -700.74812967581045                        0.00000000109124
                     -695.76059850374054                        0.00000000280073
                     -690.77306733167075                        0.00000001297642
                     -685.78553615960095                        0.00000004666833
                     -680.79800498753116                        0.00000010096654
                     -675.81047381546125                        0.00000015295253
                     -670.82294264339146                        0.00000017026632
                     -665.83541147132166                        0.00000011613515
                     -660.84788029925176                        0.00000002373964
                     -655.86034912718196                       -0.00000003217846
                     -650.87281795511217                        0.00000003940663
                     -645.88528678304237                        0.00000047675556
                     -640.89775561097247                        0.00000139401655
                     -635.91022443890267                        0.00000216335392
                     -630.92269326683288                        0.00000217462681
                     -625.93516209476297                       -0.00000010543219
                     -620.94763092269318                       -0.00000355001521
                     -615.96009975062339                       -0.00000557991420
                     -610.97256857855359                       -0.00000205865698
                     -605.98503740648368                        0.00000643102089
                     -600.99750623441389                        0.00001277223950
                     -596.00997506234410                        0.00000877566414
                     -591.02244389027430                       -0.00000434241694
                     -586.03491271820440                       -0.00001456967443
                     -581.04738154613460                       -0.00000927498065
                     -576.05985037406481                        0.00000867551246
                     -571.07231920199490                        0.00002176302427
                     -566.08478802992511                        0.00001318216438
                     -561.09725685785531                       -0.00000977229554
                     -556.10972568578552                       -0.00002378395637
                     -551.12219451371561                       -0.00001101146544
                     -546.13466334164582                        0.00001398039522
                     -541.14713216957603                        0.00002444805945
                     -536.15960099750623                        0.00000430721618
                     -531.17206982543632                       -0.00002410089490
                     -526.18453865336653                       -0.00002793762220
                     -521.19700748129674                        0.00000377481857
                     -516.20947630922683                        0.00003917708093
                     -511.22194513715704                        0.00013140950742
                     -506.23441396508724                        0.00042962751301
                     -501.24688279301739                        0.00153972762641
                     -496.25935162094760                        0.00324316017545
                     -491.27182044887775                        0.00473909418802
                     -486.28428927680795                        0.00562921972546
                     -481.29675810473810                        0.00600854063475
                     -476.30922693266831                        0.00617943559761
                     -471.32169576059846                        0.00630754856019
                     -466.33416458852861                        0.00644053850058
                     -461.34663341645881                        0.00657115716390
                     -456.35910224438896                        0.00666982122609
                     -451.37157107231917                        0.00672150346735
                     -446.38403990024932                        0.00673276679940
                     -441.39650872817953                        0.00671530483389
                     -436.40897755610968                        0.00667374041537
                     -431.42144638403988                        0.00660828751045
                     -426.43391521197003                        0.00651891865354
                     -421.44638403990024                        0.00640613184981
                     -416.45885286783039                        0.00626955278617
                     -411.47132169576054                        0.00610765635783
                     -406.48379052369074                        0.00591904783090
                     -401.49625935162089                        0.00570344706630
                     -396.50872817955110                        0.00546222462673
                     -391.52119700748125                        0.00519846977365
                     -386.53366583541145                        0.00491565941207
                     -381.54613466334160                        0.00461524821691
                     -376.55860349127181                        0.00429599327664
                     -371.57107231920196                        0.00395664575566
                     -366.58354114713217                        0.00359914435090
                     -361.59600997506232                        0.00322838545837
                     -356.60847880299247                        0.00284868435341
                     -351.62094763092267                        0.00246044590697
                     -346.63341645885282                        0.00205968641842
                     -341.64588528678303                        0.00164160126477
                     -336.65835411471318                        0.00120958219663
                     -331.67082294264338                        0.00078683939896
                     -326.68329177057353                        0.00041912253585
                     -321.69576059850374                        0.00015759144947
                     -316.70822942643389                        0.00002432714211
                     -311.72069825436409                       -0.00002242878285
                     -306.73316708229424                       -0.00003946848523
                     -301.74563591022439                       -0.00004583976273
                     -296.75810473815460                       -0.00004831907480
                     -291.77057356608475                       -0.00004925300221
                     -286.78304239401496                       -0.00004941286087
                     -281.79551122194511                       -0.00004897116404
                     -276.80798004987531                       -0.00004824043801
                     -271.82044887780546                       -0.00004718675178
                     -266.83291770573567                       -0.00004586554010
                     -261.84538653366582                       -0.00004403802195
                     -256.85785536159602                       -0.00004227644327
                     -251.87032418952617                       -0.00003982618204
                     -246.88279301745635                       -0.00003936781966
                     -241.89526184538653                       -0.00004125814534
                     -236.90773067331671                       -0.00004239256623
                     -231.92019950124688                       -0.00004354981471
                     -226.93266832917703                       -0.00004432645557
                     -221.94513715710721                       -0.00004490858527
                     -216.95760598503739                       -0.00004522003073
                     -211.97007481296757                       -0.00004531719054
                     -206.98254364089775                       -0.00004513206111
                     -201.99501246882792                       -0.00004465326393
                     -197.00748129675810                       -0.00004389735779
                     -192.01995012468828                       -0.00004291139635
                     -187.03241895261846                       -0.00004170784155
                     -182.04488778054863                       -0.00004028708092
                     -177.05735660847881                       -0.00003865399687
                     -172.06982543640896                       -0.00003682654802
                     -167.08229426433914                       -0.00003482730073
                     -162.09476309226932                       -0.00003267893552
                     -157.10723192019950                       -0.00003040524624
                     -152.11970074812967                       -0.00002803191443
                     -147.13216957605985                       -0.00002558509667
                     -142.14463840399003                       -0.00002309082548
                     -137.15710723192021                       -0.00002057827571
                     -132.16957605985039                       -0.00001808104069
                     -127.18204488778055                       -0.00001563187140
                     -122.19451371571073                       -0.00001325761379
                     -117.20698254364090                       -0.00001098460820
                     -112.21945137157108                       -0.00000884798696
                     -107.23192019950125                       -0.00000688677339
                     -102.24438902743142                       -0.00000512579679
                      -97.25685785536160                       -0.00000357262578
                      -92.26932668329178                       -0.00000224549841
                      -87.28179551122196                       -0.00000120102891
                      -82.29426433915214                       -0.00000051073222
                      -77.30673316708230                       -0.00000017789511
                      -72.31920199501248                       -0.00000006029948
                      -67.33167082294266                       -0.00000001817545
                      -62.34413965087283                       -0.00000000448852
                      -57.35660847880300                       -0.00000000114684
                      -52.36907730673318                       -0.00000000069545
                      -47.38154613466335                       -0.00000000041544
                      -42.39401496259353                       -0.00000000016694
                      -37.40648379052371                       -0.00000000002537
                      -32.41895261845388                       -0.00000000000018
                      -27.43142144638406                       -0.00000000000001
                      -22.44389027431423                       -0.00000000000000
                      -17.45635910224441                       -0.00000000000000
                      -12.46882793017458                       -0.00000000000000
                       -7.48129675810476                       -0.00000000000000
                       -2.49376558603493                        0.00000000000000
                        2.49376558603489                        0.00000000000000
                        7.48129675810472                        0.00000000000000
                       12.46882793017454                        0.00000000000000
                       17.45635910224437                        0.00000000000000
                       22.44389027431419                        0.00000000000000
                       27.43142144638401                        0.00000000000000
                       32.41895261845384                        0.00000000000001
                       37.40648379052367                        0.00000000000018
                       42.39401496259349                        0.00000000002537
                       47.38154613466332                        0.00000000016694
                       52.36907730673314                        0.00000000041544
                       57.35660847880297                        0.00000000069545
                       62.34413965087279                        0.00000000114684
                       67.33167082294261                        0.00000000448852
                       72.31920199501243                        0.00000001817545
                       77.30673316708226                        0.00000006029948
                       82.29426433915209                        0.00000017789511
                       87.28179551122192                        0.00000051073222
                       92.26932668329174                        0.00000120102891
                       97.25685785536156                        0.00000224549841
                      102.24438902743138                        0.00000357262578
                      107.23192019950122                        0.00000512579679
                      112.21945137157104                        0.00000688677339
                      117.20698254364086                        0.00000884798696
                      122.19451371571068                        0.00001098460820
                      127.18204488778051                        0.00001325761379
                      132.16957605985033                        0.00001563187140
                      137.15710723192015                        0.00001808104069
                      142.14463840398997                        0.00002057827570
                      147.13216957605982                        0.00002309082547
                      152.11970074812965                        0.00002558509673
                      157.10723192019947                        0.00002803191455
                      162.09476309226929                        0.00003040524631
                      167.08229426433911                        0.00003267893545
                      172.06982543640893                        0.00003482730064
                      177.05735660847876                        0.00003682654806
                      182.04488778054858                        0.00003865399692
                      187.03241895261840                        0.00004028708096
                      192.01995012468822                        0.00004170784150
                      197.00748129675804                        0.00004291139616
                      201.99501246882789                        0.00004389735774
                      206.98254364089772                        0.00004465326471
                      211.97007481296754                        0.00004513206191
                      216.95760598503736                        0.00004531718857
                      221.94513715710718                        0.00004522002459
                      226.93266832917701                        0.00004490858430
                      231.92019950124683                        0.00004432647768
                      236.90773067331665                        0.00004354985062
                      241.89526184538647                        0.00004239256399
                      246.88279301745629                        0.00004125807411
                      251.87032418952614                        0.00003936773938
                      256.85785536159597                        0.00003982630594
                      261.84538653366576                        0.00004227681185
                      266.83291770573561                        0.00004403883342
                      271.82044887780540                        0.00004586847507
                      276.80798004987525                        0.00004719688585
                      281.79551122194511                        0.00004826123973
                      286.78304239401490                        0.00004898831340
                      291.77057356608475                        0.00004943879454
                      296.75810473815454                        0.00004953394228
                      301.74563591022439                        0.00004926491201
                      306.73316708229419                        0.00004864570563
                      311.72069825436404                        0.00004772218779
                      316.70822942643383                        0.00004651136688
                      321.69576059850368                        0.00004501672066
                      326.68329177057348                        0.00004324553445
                      331.67082294264333                        0.00004122102916
                      336.65835411471318                        0.00003897454114
                      341.64588528678297                        0.00003653824198
                      346.63341645885282                        0.00003394496660
                      351.62094763092261                        0.00003122912626
                      356.60847880299247                        0.00002842580892
                      361.59600997506226                        0.00002557004956
                      366.58354114713211                        0.00002269980484
                      371.57107231920190                        0.00001985685095
                      376.55860349127175                        0.00001708130210
                      381.54613466334155                        0.00001440643471
                      386.53366583541140                        0.00001186400292
                      391.52119700748125                        0.00000949330870
                      396.50872817955104                        0.00000733600064
                      401.49625935162089                        0.00000541780589
                      406.48379052369069                        0.00000374548616
                      411.47132169576054                        0.00000233491328
                      416.45885286783033                        0.00000123888954
                      421.44638403990018                        0.00000052331139
                      426.43391521196997                        0.00000018232319
                      431.42144638403983                        0.00000006186089
                      436.40897755610968                        0.00000001867602
                      441.39650872817947                        0.00000000463021
                      446.38403990024932                        0.00000000117351
                      451.37157107231911                        0.00000000070295
                      456.35910224438896                        0.00000000041814
                      461.34663341645876                        0.00000000016665
                      466.33416458852861                        0.00000000002461
                      471.32169576059840                        0.00000000000017
                      476.30922693266825                        0.00000000000001
                      481.29675810473805                        0.00000000000000
                      486.28428927680790                        0.00000000000000
                      491.27182044887775                        0.00000000000000
                      496.25935162094754                        0.00000000000000
                      501.24688279301739                        0.00000000000000
                      506.23441396508719                        0.00000000000000
                      511.22194513715704                        0.00000000000000
                      516.20947630922683                        0.00000000000000
                      521.19700748129662                        0.00000000000000
                      526.18453865336653                        0.00000000000000
                      531.17206982543632                        0.00000000000000
                      536.15960099750612                        0.00000000000000
                      541.14713216957591                        0.00000000000000
                      546.13466334164582                        0.00000000000000
                      551.12219451371561                        0.00000000000000
                      556.10972568578541                        0.00000000000000
                      561.09725685785531                        0.00000000000000
                      566.08478802992511                        0.00000000000000
                      571.07231920199490                        0.00000000000000
                      576.05985037406469                        0.00000000000000
                      581.04738154613460                        0.00000000000000
                      586.03491271820440                        0.00000000000000
                      591.02244389027419                        0.00000000000000
                      596.00997506234398                        0.00000000000000
                      600.99750623441389                        0.00000000000000
                      605.98503740648368                        0.00000000000000
                      610.97256857855348                        0.00000000000000
                      615.96009975062339                        0.00000000000000
                      620.94763092269318                        0.00000000000000
                      625.93516209476297                        0.00000000000000
                      630.92269326683277                        0.00000000000000
                      635.91022443890267                        0.00000000000000
                      640.89775561097247                        0.00000000000000
                      645.88528678304226                        0.00000000000000
                      650.87281795511217                        0.00000000000000
                      655.86034912718196                        0.00000000000000
                      660.84788029925176                        0.00000000000000
                      665.83541147132155                        0.00000000000000
                      670.82294264339146                        0.00000000000000
                      675.81047381546125                        0.00000000000000
                      680.79800498753104                        0.00000000000000
                      685.78553615960084                        0.00000000000000
                      690.77306733167075                        0.00000000000000
                      695.76059850374054                        0.00000000000000
                      700.74812967581033                        0.00000000000000
                      705.73566084788024                        0.00000000000000
                      710.72319201995003                        0.00000000000000
                      715.71072319201983                        0.00000000000000
                      720.69825436408962                        0.00000000000000
                      725.68578553615953                        0.00000000000000
                      730.67331670822932                        0.00000000000000
                      735.66084788029912                        0.00000000000000
                      740.64837905236891                        0.00000000000000
                      745.63591022443882                        0.00000000000000
                      750.62344139650861                        0.00000000000000
                      755.61097256857840                        0.00000000000000
                      760.59850374064831                        0.00000000000000
                      765.58603491271811                        0.00000000000000
                      770.57356608478790                        0.00000000000000
                      775.56109725685769                        0.00000000000000
                      780.54862842892760                        0.00000000000000
                      785.53615960099739                        0.00000000000000
                      790.52369077306719                        0.00000000000000
                      795.51122194513698                        0.00000000000000
                      800.49875311720689                        0.00000000000000
                      805.48628428927668                        0.00000000000000
                      810.47381546134648                        0.00000000000000
                      815.46134663341638                        0.00000000000000
                      820.44887780548618                        0.00000000000000
                      825.43640897755597                        0.00000000000000
                      830.42394014962576                        0.00000000000000
                      835.41147132169567                        0.00000000000000
                      840.39900249376547                        0.00000000000000
                      845.38653366583526                        0.00000000000000
                      850.37406483790505                        0.00000000000000
                      855.36159600997496                        0.00000000000000
                      860.34912718204475                        0.00000000000000
                      865.33665835411455                        0.00000000000000
                      870.32418952618445                        0.00000000000000
                      875.31172069825425                        0.00000000000000
                      880.29925187032404                        0.00000000000000
                      885.28678304239384                        0.00000000000000
                      890.27431421446374                        0.00000000000000
                      895.26184538653354                        0.00000000000000
                      900.24937655860333                        0.00000000000000
                      905.23690773067312                        0.00000000000000
                      910.22443890274303                        0.00000000000000
                      915.21197007481283                        0.00000000000000
                      920.19950124688262                        0.00000000000000
                      925.18703241895253                        0.00000000000000
                      930.17456359102232                        0.00000000000000
                      935.16209476309211                        0.00000000000000
                      940.14962593516191                        0.00000000000000
                      945.13715710723181                        0.00000000000000
                      950.12468827930161                        0.00000000000000
                      955.11221945137140                        0.00000000000000
                      960.09975062344120                        0.00000000000000
                      965.08728179551110                        0.00000000000000
                      970.07481296758090                        0.00000000000000
                      975.06234413965069                        0.00000000000000
                      980.04987531172060                        0.00000000000000
                      985.03740648379039                        0.00000000000000
                      990.02493765586019                        0.00000000000000
                      995.01246882792998                        0.00000000000000
                      999.99999999999989                       -0.00000000000000
