                     -995.01246882793009                       -0.00000000000000
                     -990.02493765586019                        0.00000000000000
                     -985.03740648379039                        0.00000000000000
                     -980.04987531172060                        0.00000000000000
                     -975.06234413965080                        0.00000000000000
                     -970.07481296758090                        0.00000000000000
                     -965.08728179551110                        0.00000000000000
                     -960.09975062344131                        0.00000000000000
                     -955.11221945137152                        0.00000000000000
                     -950.12468827930161                        0.00000000000000
                     -945.13715710723181                        0.00000000000000
                     -940.14962593516202                        0.00000000000000
                     -935.16209476309211                        0.00000000000000
                     -930.17456359102232                        0.00000000000000
                     -925.18703241895253                        0.00000000000000
                     -920.19950124688273                        0.00000000000000
                     -915.21197007481283                        0.00000000000000
                     -910.22443890274303                        0.00000000000000
                     -905.23690773067324                        0.00000000000000
                     -900.24937655860344                        0.00000000000000
                     -895.26184538653354                        0.00000000000000
                     -890.27431421446374                        0.00000000000000
                     -885.28678304239395                        0.00000000000000
                     -880.29925187032404                        0.00000000000000
                     -875.31172069825425                        0.00000000000000
                     -870.32418952618445                        0.00000000000000
                     -865.33665835411466                        0.00000000000000
                     -860.34912718204475                        0.00000000000000
                     -855.36159600997496                        0.00000000000000
                     -850.37406483790517                        0.00000000000000
                     -845.38653366583537                        0.00000000000000
                     -840.39900249376547                        0.00000000000000
                     -835.41147132169567                        0.00000000000000
                     -830.42394014962588                        0.00000000000000
                     -825.43640897755597                        0.00000000000000
                     -820.44887780548618                        0.00000000000000
                     -815.46134663341638                        0.00000000000000
                     -810.47381546134659                        0.00000000000000
                     -805.48628428927668                        0.00000000000000
                     -800.49875311720689                        0.00000000000000
                     -795.51122194513709                        0.00000000000000
                     -790.52369077306730                        0.00000000000000
                     -785.53615960099739                        0.00000000000000
                     -780.54862842892760                        0.00000000000000
                     -775.56109725685781                        0.00000000000000
                     -770.57356608478790                        0.00000000000000
                     -765.58603491271811                        0.00000000000000
                     -760.59850374064831                        0.00000000000000
                     -755.61097256857852                        0.00000000000000
                     -750.62344139650861                        0.00000000000000
                     -745.63591022443882                        0.00000000000000
                     -740.64837905236902                        0.00000000000000
                     -735.66084788029923                        0.00000000000000
                     -730.67331670822932                        0.00000000000000
                     -725.68578553615953                        0.00000000000000
                     -720.69825436408973                        0.00000000000000
                     -715.71072319201983                        0.00000000000000
                     -710.72319201995003                        0.00000000000000
                     -705.73566084788024                        0.00000000000000
                     -700.74812967581045                        0.00000000000000
                     -695.76059850374054                        0.00000000000000
                     -690.77306733167075                        0.00000000000000
                     -685.78553615960095                        0.00000000000000
                     -680.79800498753116                        0.00000000000000
                     -675.81047381546125                        0.00000000000000
                     -670.82294264339146                        0.00000000000000
                     -665.83541147132166                        0.00000000000000
                     -660.84788029925176                        0.00000000001299
                     -655.86034912718196                        0.00000000011982
                     -650.87281795511217                        0.00000000033959
                     -645.88528678304237                        0.00000000058694
                     -640.89775561097247                        0.00000000089299
                     -635.91022443890267                        0.00000000359184
                     -630.92269326683288                        0.00000001760106
                     -625.93516209476297                        0.00000005751077
                     -620.94763092269318                        0.00000011718472
                     -615.96009975062339                        0.00000017195580
                     -610.97256857855359                        0.00000018938027
                     -605.98503740648368                        0.00000010891990
                     -600.99750623441389                       -0.00000003717054
                     -596.00997506234410                       -0.00000012935772
                     -591.02244389027430                       -0.00000001901624
                     -586.03491271820440                        0.00000066337054
                     -581.04738154613460                        0.00000198317574
                     -576.05985037406481                        0.00000294003796
                     -571.07231920199490                        0.00000238762447
                     -566.08478802992511                       -0.00000173205173
                     -561.09725685785531                       -0.00000648742427
                     -556.10972568578552                       -0.00000770596056
                     -551.12219451371561                        0.00000089862401
                     -546.13466334164582                        0.00001341226291
                     -541.14713216957603                        0.00001815848585
                     -536.15960099750623                        0.00000435564098
                     -531.17206982543632                       -0.00001644809233
                     -526.18453865336653                       -0.00002280085418
                     -521.19700748129674                       -0.00000417693066
                     -516.20947630922683                        0.00003602236476
                     -511.22194513715704                        0.00017448206737
                     -506.23441396508724                        0.00053351827226
                     -501.24688279301739                        0.00184060987401
                     -496.25935162094760                        0.00391271451837
                     -491.27182044887775                        0.00551366447566
                     -486.28428927680795                        0.00641365634467
                     -481.29675810473810                        0.00640024799916
                     -476.30922693266831                        0.00629212299870
                     -471.32169576059846                        0.00615582491710
                     -466.33416458852861                        0.00597042696481
                     -461.34663341645881                        0.00576334829236
                     -456.35910224438896                        0.00553068022508
                     -451.37157107231917                        0.00527449637058
                     -446.38403990024932                        0.00499710107237
                     -441.39650872817953                        0.00470315394100
                     -436.40897755610968                        0.00439231928187
                     -431.42144638403988                        0.00406188807456
                     -426.43391521197003                        0.00371108511559
                     -421.44638403990024                        0.00334473086602
                     -416.45885286783039                        0.00296940741217
                     -411.47132169576054                        0.00258684968288
                     -406.48379052369074                        0.00219273377640
                     -401.49625935162089                        0.00178234265708
                     -396.50872817955110                        0.00135750704083
                     -391.52119700748125                        0.00093423731447
                     -386.53366583541145                        0.00054897617557
                     -381.54613466334160                        0.00025446190358
                     -376.55860349127181                        0.00008873999813
                     -371.57107231920196                        0.00002921619999
                     -366.58354114713217                        0.00000947677607
                     -361.59600997506232                        0.00000263257378
                     -356.60847880299247                        0.00000023117406
                     -351.62094763092267                       -0.00000123667496
                     -346.63341645885282                       -0.00000262512122
                     -341.64588528678303                       -0.00000413250037
                     -336.65835411471318                       -0.00000586865788
                     -331.67082294264338                       -0.00000785497859
                     -326.68329177057353                       -0.00001007927626
                     -321.69576059850374                       -0.00001249829721
                     -316.70822942643389                       -0.00001507295220
                     -311.72069825436409                       -0.00001777653107
                     -306.73316708229424                       -0.00002057469094
                     -301.74563591022439                       -0.00002343205840
                     -296.75810473815460                       -0.00002629706551
                     -291.77057356608475                       -0.00002914799971
                     -286.78304239401496                       -0.00003192275840
                     -281.79551122194511                       -0.00003462938186
                     -276.80798004987531                       -0.00003715580542
                     -271.82044887780546                       -0.00003959446332
                     -266.83291770573567                       -0.00004169785694
                     -261.84538653366582                       -0.00004377889236
                     -256.85785536159602                       -0.00004522729411
                     -251.87032418952617                       -0.00004705408379
                     -246.88279301745635                       -0.00004684030036
                     -241.89526184538653                       -0.00004469193079
                     -236.90773067331671                       -0.00004295503286
                     -231.92019950124688                       -0.00004066154983
                     -226.93266832917703                       -0.00003840336342
                     -221.94513715710721                       -0.00003587845921
                     -216.95760598503739                       -0.00003331521476
                     -211.97007481296757                       -0.00003062157314
                     -206.98254364089775                       -0.00002789797492
                     -201.99501246882792                       -0.00002513152391
                     -197.00748129675810                       -0.00002237485343
                     -192.01995012468828                       -0.00001964303894
                     -187.03241895261846                       -0.00001697989241
                     -182.04488778054863                       -0.00001441437730
                     -177.05735660847881                       -0.00001197427513
                     -172.06982543640896                       -0.00000968034984
                     -167.08229426433914                       -0.00000756834225
                     -162.09476309226932                       -0.00000567714478
                     -157.10723192019950                       -0.00000402571506
                     -152.11970074812967                       -0.00000261405305
                     -147.13216957605985                       -0.00000146772620
                     -142.14463840399003                       -0.00000065688289
                     -137.15710723192021                       -0.00000022727746
                     -132.16957605985039                       -0.00000007414555
                     -127.18204488778055                       -0.00000002177571
                     -122.19451371571073                       -0.00000000508030
                     -117.20698254364090                       -0.00000000094712
                     -112.21945137157108                       -0.00000000047052
                     -107.23192019950125                       -0.00000000029408
                     -102.24438902743142                       -0.00000000011845
                      -97.25685785536160                       -0.00000000001542
                      -92.26932668329178                       -0.00000000000000
                      -87.28179551122196                       -0.00000000000000
                      -82.29426433915214                       -0.00000000000000
                      -77.30673316708230                        0.00000000000000
                      -72.31920199501248                        0.00000000000000
                      -67.33167082294266                        0.00000000000000
                      -62.34413965087283                        0.00000000000000
                      -57.35660847880300                        0.00000000000000
                      -52.36907730673318                        0.00000000000000
                      -47.38154613466335                        0.00000000000000
                      -42.39401496259353                        0.00000000000000
                      -37.40648379052371                        0.00000000000000
                      -32.41895261845388                        0.00000000000000
                      -27.43142144638406                        0.00000000000000
                      -22.44389027431423                        0.00000000000000
                      -17.45635910224441                        0.00000000000000
                      -12.46882793017458                        0.00000000000000
                       -7.48129675810476                        0.00000000000000
                       -2.49376558603493                        0.00000000000000
                        2.49376558603489                        0.00000000000000
                        7.48129675810472                        0.00000000000000
                       12.46882793017454                        0.00000000000000
                       17.45635910224437                        0.00000000000000
                       22.44389027431419                        0.00000000000000
                       27.43142144638401                        0.00000000000000
                       32.41895261845384                        0.00000000000000
                       37.40648379052367                        0.00000000000000
                       42.39401496259349                        0.00000000000000
                       47.38154613466332                        0.00000000000000
                       52.36907730673314                        0.00000000000000
                       57.35660847880297                        0.00000000000000
                       62.34413965087279                        0.00000000000000
                       67.33167082294261                        0.00000000000000
                       72.31920199501243                        0.00000000000000
                       77.30673316708226                        0.00000000000000
                       82.29426433915209                        0.00000000000000
                       87.28179551122192                        0.00000000000000
                       92.26932668329174                        0.00000000000000
                       97.25685785536156                        0.00000000000000
                      102.24438902743138                        0.00000000001542
                      107.23192019950122                        0.00000000011845
                      112.21945137157104                        0.00000000029408
                      117.20698254364086                        0.00000000047052
                      122.19451371571068                        0.00000000094712
                      127.18204488778051                        0.00000000508030
                      132.16957605985033                        0.00000002177571
                      137.15710723192015                        0.00000007414555
                      142.14463840398997                        0.00000022727746
                      147.13216957605982                        0.00000065688289
                      152.11970074812965                        0.00000146772620
                      157.10723192019947                        0.00000261405305
                      162.09476309226929                        0.00000402571506
                      167.08229426433911                        0.00000567714478
                      172.06982543640893                        0.00000756834225
                      177.05735660847876                        0.00000968034984
                      182.04488778054858                        0.00001197427513
                      187.03241895261840                        0.00001441437730
                      192.01995012468822                        0.00001697989241
                      197.00748129675804                        0.00001964303894
                      201.99501246882789                        0.00002237485343
                      206.98254364089772                        0.00002513152391
                      211.97007481296754                        0.00002789797492
                      216.95760598503736                        0.00003062157313
                      221.94513715710718                        0.00003331521473
                      226.93266832917701                        0.00003587845925
                      231.92019950124683                        0.00003840336349
                      236.90773067331665                        0.00004066154990
                      241.89526184538647                        0.00004295503297
                      246.88279301745629                        0.00004469193077
                      251.87032418952614                        0.00004684030029
                      256.85785536159597                        0.00004705408366
                      261.84538653366576                        0.00004522729398
                      266.83291770573561                        0.00004377889226
                      271.82044887780540                        0.00004169785707
                      276.80798004987525                        0.00003959446351
                      281.79551122194511                        0.00003715580459
                      286.78304239401490                        0.00003462937978
                      291.77057356608475                        0.00003192275981
                      296.75810473815454                        0.00002914801303
                      301.74563591022439                        0.00002629707580
                      306.73316708229419                        0.00002343201636
                      311.72069825436404                        0.00002057459088
                      316.70822942643383                        0.00001777661328
                      321.69576059850368                        0.00001507359927
                      326.68329177057348                        0.00001249982180
                      331.67082294264333                        0.00001008142435
                      336.65835411471318                        0.00000785874784
                      341.64588528678297                        0.00000587394398
                      346.63341645885282                        0.00000414789232
                      351.62094763092261                        0.00000268105513
                      356.60847880299247                        0.00000149820595
                      361.59600997506226                        0.00000066747067
                      366.58354114713211                        0.00000023056817
                      371.57107231920190                        0.00000007527871
                      376.55860349127175                        0.00000002211153
                      381.54613466334155                        0.00000000517062
                      386.53366583541140                        0.00000000096170
                      391.52119700748125                        0.00000000047210
                      396.50872817955104                        0.00000000029428
                      401.49625935162089                        0.00000000011760
                      406.48379052369069                        0.00000000001471
                      411.47132169576054                        0.00000000000000
                      416.45885286783033                        0.00000000000000
                      421.44638403990018                        0.00000000000000
                      426.43391521196997                        0.00000000000000
                      431.42144638403983                        0.00000000000000
                      436.40897755610968                        0.00000000000000
                      441.39650872817947                        0.00000000000000
                      446.38403990024932                        0.00000000000000
                      451.37157107231911                        0.00000000000000
                      456.35910224438896                        0.00000000000000
                      461.34663341645876                        0.00000000000000
                      466.33416458852861                        0.00000000000000
                      471.32169576059840                        0.00000000000000
                      476.30922693266825                        0.00000000000000
                      481.29675810473805                        0.00000000000000
                      486.28428927680790                        0.00000000000000
                      491.27182044887775                        0.00000000000000
                      496.25935162094754                        0.00000000000000
                      501.24688279301739                        0.00000000000000
                      506.23441396508719                        0.00000000000000
                      511.22194513715704                        0.00000000000000
                      516.20947630922683                        0.00000000000000
                      521.19700748129662                        0.00000000000000
                      526.18453865336653                        0.00000000000000
                      531.17206982543632                        0.00000000000000
                      536.15960099750612                        0.00000000000000
                      541.14713216957591                        0.00000000000000
                      546.13466334164582                        0.00000000000000
                      551.12219451371561                        0.00000000000000
                      556.10972568578541                        0.00000000000000
                      561.09725685785531                        0.00000000000000
                      566.08478802992511                        0.00000000000000
                      571.07231920199490                        0.00000000000000
                      576.05985037406469                        0.00000000000000
                      581.04738154613460                        0.00000000000000
                      586.03491271820440                        0.00000000000000
                      591.02244389027419                        0.00000000000000
                      596.00997506234398                        0.00000000000000
                      600.99750623441389                        0.00000000000000
                      605.98503740648368                        0.00000000000000
                      610.97256857855348                        0.00000000000000
                      615.96009975062339                        0.00000000000000
                      620.94763092269318                        0.00000000000000
                      625.93516209476297                        0.00000000000000
                      630.92269326683277                        0.00000000000000
                      635.91022443890267                        0.00000000000000
                      640.89775561097247                        0.00000000000000
                      645.88528678304226                        0.00000000000000
                      650.87281795511217                        0.00000000000000
                      655.86034912718196                        0.00000000000000
                      660.84788029925176                        0.00000000000000
                      665.83541147132155                        0.00000000000000
                      670.82294264339146                        0.00000000000000
                      675.81047381546125                        0.00000000000000
                      680.79800498753104                        0.00000000000000
                      685.78553615960084                        0.00000000000000
                      690.77306733167075                        0.00000000000000
                      695.76059850374054                        0.00000000000000
                      700.74812967581033                        0.00000000000000
                      705.73566084788024                        0.00000000000000
                      710.72319201995003                        0.00000000000000
                      715.71072319201983                        0.00000000000000
                      720.69825436408962                        0.00000000000000
                      725.68578553615953                        0.00000000000000
                      730.67331670822932                        0.00000000000000
                      735.66084788029912                        0.00000000000000
                      740.64837905236891                        0.00000000000000
                      745.63591022443882                        0.00000000000000
                      750.62344139650861                        0.00000000000000
                      755.61097256857840                        0.00000000000000
                      760.59850374064831                        0.00000000000000
                      765.58603491271811                        0.00000000000000
                      770.57356608478790                        0.00000000000000
                      775.56109725685769                        0.00000000000000
                      780.54862842892760                        0.00000000000000
                      785.53615960099739                        0.00000000000000
                      790.52369077306719                        0.00000000000000
                      795.51122194513698                        0.00000000000000
                      800.49875311720689                        0.00000000000000
                      805.48628428927668                        0.00000000000000
                      810.47381546134648                        0.00000000000000
                      815.46134663341638                        0.00000000000000
                      820.44887780548618                        0.00000000000000
                      825.43640897755597                        0.00000000000000
                      830.42394014962576                        0.00000000000000
                      835.41147132169567                        0.00000000000000
                      840.39900249376547                        0.00000000000000
                      845.38653366583526                        0.00000000000000
                      850.37406483790505                        0.00000000000000
                      855.36159600997496                        0.00000000000000
                      860.34912718204475                        0.00000000000000
                      865.33665835411455                        0.00000000000000
                      870.32418952618445                        0.00000000000000
                      875.31172069825425                        0.00000000000000
                      880.29925187032404                        0.00000000000000
                      885.28678304239384                        0.00000000000000
                      890.27431421446374                        0.00000000000000
                      895.26184538653354                        0.00000000000000
                      900.24937655860333                        0.00000000000000
                      905.23690773067312                        0.00000000000000
                      910.22443890274303                        0.00000000000000
                      915.21197007481283                        0.00000000000000
                      920.19950124688262                        0.00000000000000
                      925.18703241895253                        0.00000000000000
                      930.17456359102232                        0.00000000000000
                      935.16209476309211                        0.00000000000000
                      940.14962593516191                        0.00000000000000
                      945.13715710723181                        0.00000000000000
                      950.12468827930161                        0.00000000000000
                      955.11221945137140                        0.00000000000000
                      960.09975062344120                        0.00000000000000
                      965.08728179551110                        0.00000000000000
                      970.07481296758090                        0.00000000000000
                      975.06234413965069                        0.00000000000000
                      980.04987531172060                        0.00000000000000
                      985.03740648379039                        0.00000000000000
                      990.02493765586019                        0.00000000000000
                      995.01246882792998                        0.00000000000000
                      999.99999999999989                       -0.00000000000000
