                     -995.01246882793009                        0.99999999999900
                     -990.02493765586019                        0.99999999999900
                     -985.03740648379039                        0.99999999999900
                     -980.04987531172060                        0.99999999999900
                     -975.06234413965080                        0.99999999999900
                     -970.07481296758090                        0.99999999999900
                     -965.08728179551110                        0.99999999999900
                     -960.09975062344131                        0.99999999999900
                     -955.11221945137152                        0.99999999999900
                     -950.12468827930161                        0.99999999999900
                     -945.13715710723181                        0.99999999999900
                     -940.14962593516202                        0.99999999999900
                     -935.16209476309211                        0.99999999999900
                     -930.17456359102232                        0.99999999999900
                     -925.18703241895253                        0.99999999999900
                     -920.19950124688273                        0.99999999999900
                     -915.21197007481283                        0.99999999999900
                     -910.22443890274303                        0.99999999999900
                     -905.23690773067324                        0.99999999999900
                     -900.24937655860344                        0.99999999999900
                     -895.26184538653354                        0.99999999999900
                     -890.27431421446374                        0.99999999999900
                     -885.28678304239395                        0.99999999999900
                     -880.29925187032404                        0.99999999999900
                     -875.31172069825425                        0.99999999999900
                     -870.32418952618445                        0.99999999999900
                     -865.33665835411466                        0.99999999999900
                     -860.34912718204475                        0.99999999999900
                     -855.36159600997496                        0.99999999999900
                     -850.37406483790517                        0.99999999999900
                     -845.38653366583537                        0.99999999999900
                     -840.39900249376547                        0.99999999999900
                     -835.41147132169567                        0.99999999999900
                     -830.42394014962588                        0.99999999999900
                     -825.43640897755597                        0.99999999999900
                     -820.44887780548618                        0.99999999999900
                     -815.46134663341638                        0.99999999999900
                     -810.47381546134659                        0.99999999999892
                     -805.48628428927668                        0.99999999999798
                     -800.49875311720689                        0.99999999999550
                     -795.51122194513709                        0.99999999999227
                     -790.52369077306730                        0.99999999998995
                     -785.53615960099739                        0.99999999998205
                     -780.54862842892760                        0.99999999993731
                     -775.56109725685781                        0.99999999976512
                     -770.57356608478790                        0.99999999944552
                     -765.58603491271811                        0.99999999911720
                     -760.59850374064831                        0.99999999897774
                     -755.61097256857852                        0.99999999914522
                     -750.62344139650861                        0.99999999947150
                     -745.63591022443882                        0.99999999968168
                     -740.64837905236902                        0.99999999944642
                     -735.66084788029923                        0.99999999785636
                     -730.67331670822932                        0.99999999383316
                     -725.68578553615953                        0.99999998966165
                     -720.69825436408973                        0.99999998783771
                     -715.71072319201983                        0.99999999397979
                     -710.72319201995003                        1.00000000824169
                     -705.73566084788024                        1.00000002097591
                     -700.74812967581045                        1.00000001959770
                     -695.76059850374054                        0.99999999079316
                     -690.77306733167075                        0.99999995485782
                     -685.78553615960095                        0.99999994271454
                     -680.79800498753116                        0.99999997760198
                     -675.81047381546125                        1.00000003026512
                     -670.82294264339146                        1.00000005394354
                     -665.83541147132166                        1.00000001422346
                     -660.84788029925176                        0.99999994848423
                     -655.86034912718196                        0.99999991856589
                     -650.87281795511217                        0.99999996845992
                     -645.88528678304237                        1.00000004801826
                     -640.89775561097247                        1.00000007756852
                     -635.91022443890267                        1.00000002504130
                     -630.92269326683288                        0.99999995167340
                     -625.93516209476297                        0.99999993636745
                     -620.94763092269318                        1.00000000186886
                     -615.96009975062339                        1.00000007404083
                     -610.97256857855359                        1.00000006670461
                     -605.98503740648368                        0.99999997916128
                     -600.99750623441389                        0.99999991017528
                     -596.00997506234410                        0.99999994883761
                     -591.02244389027430                        1.00000004837589
                     -586.03491271820440                        1.00000009057956
                     -581.04738154613460                        1.00000001564081
                     -576.05985037406481                        0.99999991900831
                     -571.07231920199490                        0.99999993014118
                     -566.08478802992511                        1.00000003930817
                     -561.09725685785531                        1.00000009759024
                     -556.10972568578552                        1.00000001999992
                     -551.12219451371561                        0.99999991964963
                     -546.13466334164582                        0.99999995330338
                     -541.14713216957603                        1.00000006202494
                     -536.15960099750623                        1.00000006960498
                     -531.17206982543632                        0.99999996694027
                     -526.18453865336653                        0.99999992686888
                     -521.19700748129674                        1.00000002575126
                     -516.20947630922683                        1.00000009850516
                     -511.22194513715704                        0.99999983339956
                     -506.23441396508724                        0.99999912584571
                     -501.24688279301739                        0.99999781088633
                     -496.25935162094760                        0.99999593167725
                     -491.27182044887775                        0.99999545043597
                     -486.28428927680795                        0.99999700212297
                     -481.29675810473810                        0.99999941733751
                     -476.30922693266831                        1.00000222267429
                     -471.32169576059846                        1.00000511395473
                     -466.33416458852861                        1.00000800183193
                     -461.34663341645881                        1.00001087612081
                     -456.35910224438896                        1.00001369923857
                     -451.37157107231917                        1.00001649090469
                     -446.38403990024932                        1.00001923146113
                     -441.39650872817953                        1.00002187048922
                     -436.40897755610968                        1.00002439333438
                     -431.42144638403988                        1.00002683685702
                     -426.43391521197003                        1.00002921531117
                     -421.44638403990024                        1.00003146673706
                     -416.45885286783039                        1.00003352899881
                     -411.47132169576054                        1.00003543635950
                     -406.48379052369074                        1.00003727014877
                     -401.49625935162089                        1.00003902228177
                     -396.50872817955110                        1.00004057674602
                     -391.52119700748125                        1.00004184668478
                     -386.53366583541145                        1.00004288224261
                     -381.54613466334160                        1.00004380986669
                     -376.55860349127181                        1.00004468883544
                     -371.57107231920196                        1.00004545683792
                     -366.58354114713217                        1.00004600374534
                     -361.59600997506232                        1.00004627032756
                     -356.60847880299247                        1.00004627606194
                     -351.62094763092267                        1.00004607534265
                     -346.63341645885282                        1.00004570564767
                     -341.64588528678303                        1.00004517959319
                     -336.65835411471318                        1.00004449630597
                     -331.67082294264338                        1.00004365155118
                     -326.68329177057353                        1.00004263868341
                     -321.69576059850374                        1.00004144874287
                     -316.70822942643389                        1.00004007498813
                     -311.72069825436409                        1.00003852218345
                     -306.73316708229424                        1.00003680727059
                     -301.74563591022439                        1.00003495280532
                     -296.75810473815460                        1.00003297088542
                     -291.77057356608475                        1.00003086215919
                     -286.78304239401496                        1.00002861950862
                     -281.79551122194511                        1.00002624909980
                     -276.80798004987531                        1.00002377343467
                     -271.82044887780546                        1.00002122479552
                     -266.83291770573567                        1.00001862254408
                     -261.84538653366582                        1.00001595360968
                     -256.85785536159602                        1.00001316268863
                     -251.87032418952617                        1.00001024759633
                     -246.88279301745635                        0.99996730567442
                     -241.89526184538653                        0.99996452124863
                     -236.90773067331671                        0.99996226897086
                     -231.92019950124688                        0.99996085264714
                     -226.93266832917703                        0.99996024149054
                     -221.94513715710721                        0.99996001980046
                     -216.95760598503739                        0.99995992811050
                     -211.97007481296757                        0.99995988550531
                     -206.98254364089775                        0.99995986139500
                     -201.99501246882792                        0.99995984433838
                     -197.00748129675810                        0.99995983050101
                     -192.01995012468828                        0.99995981816401
                     -187.03241895261846                        0.99995980634061
                     -182.04488778054863                        0.99995979468991
                     -177.05735660847881                        0.99995978333768
                     -172.06982543640896                        0.99995977257918
                     -167.08229426433914                        0.99995976260238
                     -162.09476309226932                        0.99995975346291
                     -157.10723192019950                        0.99995974518798
                     -152.11970074812967                        0.99995973790038
                     -147.13216957605985                        0.99995973179250
                     -142.14463840399003                        0.99995972699281
                     -137.15710723192021                        0.99995972348459
                     -132.16957605985039                        0.99995972119236
                     -127.18204488778055                        0.99995972013388
                     -122.19451371571073                        0.99995972045530
                     -117.20698254364090                        0.99995972230984
                     -112.21945137157108                        0.99995972572694
                     -107.23192019950125                        0.99995973060955
                     -102.24438902743142                        0.99995973683568
                      -97.25685785536160                        0.99995974433864
                      -92.26932668329178                        0.99995975310023
                      -87.28179551122196                        0.99995976309565
                      -82.29426433915214                        0.99995977425578
                      -77.30673316708230                        0.99995978646773
                      -72.31920199501248                        0.99995979959626
                      -67.33167082294266                        0.99995981350432
                      -62.34413965087283                        0.99995982805804
                      -57.35660847880300                        0.99995984311200
                      -52.36907730673318                        0.99995985849138
                      -47.38154613466335                        0.99995987399975
                      -42.39401496259353                        0.99995988944918
                      -37.40648379052371                        0.99995990467127
                      -32.41895261845388                        0.99995991947868
                      -27.43142144638406                        0.99995993362761
                      -22.44389027431423                        0.99995994685999
                      -17.45635910224441                        0.99995995898221
                      -12.46882793017458                        0.99995996985352
                       -7.48129675810476                        0.99995997902799
                       -2.49376558603493                        0.99995998556908
                        2.49376558603489                        0.99995998800961
                        7.48129675810472                        0.99995998556908
                       12.46882793017454                        0.99995997902799
                       17.45635910224437                        0.99995996985352
                       22.44389027431419                        0.99995995898221
                       27.43142144638401                        0.99995994685999
                       32.41895261845384                        0.99995993362761
                       37.40648379052367                        0.99995991947868
                       42.39401496259349                        0.99995990467127
                       47.38154613466332                        0.99995988944918
                       52.36907730673314                        0.99995987399975
                       57.35660847880297                        0.99995985849138
                       62.34413965087279                        0.99995984311200
                       67.33167082294261                        0.99995982805804
                       72.31920199501243                        0.99995981350432
                       77.30673316708226                        0.99995979959626
                       82.29426433915209                        0.99995978646773
                       87.28179551122192                        0.99995977425578
                       92.26932668329174                        0.99995976309565
                       97.25685785536156                        0.99995975310023
                      102.24438902743138                        0.99995974433864
                      107.23192019950122                        0.99995973683568
                      112.21945137157104                        0.99995973060955
                      117.20698254364086                        0.99995972572693
                      122.19451371571068                        0.99995972230985
                      127.18204488778051                        0.99995972045531
                      132.16957605985033                        0.99995972013385
                      137.15710723192015                        0.99995972119235
                      142.14463840398997                        0.99995972348474
                      147.13216957605982                        0.99995972699294
                      152.11970074812965                        0.99995973179174
                      157.10723192019947                        0.99995973789831
                      162.09476309226929                        0.99995974518773
                      167.08229426433911                        0.99995975347113
                      172.06982543640893                        0.99995976261723
                      177.05735660847876                        0.99995977257111
                      182.04488778054858                        0.99995978325825
                      187.03241895261840                        0.99995979454611
                      192.01995012468822                        0.99995980626980
                      197.00748129675804                        0.99995981831779
                      201.99501246882789                        0.99995983054734
                      206.98254364089772                        0.99995984285432
                      211.97007481296754                        0.99995985503258
                      216.95760598503736                        0.99995986708096
                      221.94513715710718                        0.99995987868502
                      226.93266832917701                        0.99995989001277
                      231.92019950124683                        0.99995990043059
                      236.90773067331665                        0.99995991072242
                      241.89526184538647                        0.99995991925171
                      246.88279301745629                        0.99995992830895
                      251.87032418952614                        0.99995993452995
                      256.85785536159597                        0.99999994419223
                      261.84538653366576                        0.99999995274678
                      266.83291770573561                        0.99999996616273
                      271.82044887780540                        0.99999997901373
                      276.80798004987525                        0.99999999546477
                      281.79551122194511                        1.00000001260071
                      286.78304239401490                        1.00000003176796
                      291.77057356608475                        1.00000005173832
                      296.75810473815454                        1.00000007287614
                      301.74563591022439                        1.00000009457711
                      306.73316708229419                        1.00000011676928
                      311.72069825436404                        1.00000013906170
                      316.70822942643383                        1.00000016127787
                      321.69576059850368                        1.00000018311646
                      326.68329177057348                        1.00000020434025
                      331.67082294264333                        1.00000022467373
                      336.65835411471318                        1.00000024388406
                      341.64588528678297                        1.00000026177509
                      346.63341645885282                        1.00000027820413
                      351.62094763092261                        1.00000029299373
                      356.60847880299247                        1.00000030589862
                      361.59600997506226                        1.00000031669168
                      366.58354114713211                        1.00000032528947
                      371.57107231920190                        1.00000033172962
                      376.55860349127175                        1.00000033602159
                      381.54613466334155                        1.00000033806384
                      386.53366583541140                        1.00000033773171
                      391.52119700748125                        1.00000033501395
                      396.50872817955104                        1.00000033003486
                      401.49625935162089                        1.00000032295929
                      406.48379052369069                        1.00000031390638
                      411.47132169576054                        1.00000030295306
                      416.45885286783033                        1.00000029019314
                      421.44638403990018                        1.00000027577892
                      426.43391521196997                        1.00000025991799
                      431.42144638403983                        1.00000024284441
                      436.40897755610968                        1.00000022479236
                      441.39650872817947                        1.00000020598969
                      446.38403990024932                        1.00000018667305
                      451.37157107231911                        1.00000016710434
                      456.35910224438896                        1.00000014756078
                      461.34663341645876                        1.00000012830319
                      466.33416458852861                        1.00000010956625
                      471.32169576059840                        1.00000009159303
                      476.30922693266825                        1.00000007466454
                      481.29675810473805                        1.00000005905661
                      486.28428927680790                        1.00000004495039
                      491.27182044887775                        1.00000003242074
                      496.25935162094754                        1.00000002157177
                      501.24688279301739                        1.00000001269970
                      506.23441396508719                        1.00000000625174
                      511.22194513715704                        1.00000000247330
                      516.20947630922683                        1.00000000088292
                      521.19700748129662                        1.00000000030596
                      526.18453865336653                        1.00000000009558
                      531.17206982543632                        1.00000000002701
                      536.15960099750612                        1.00000000000916
                      541.14713216957591                        1.00000000000523
                      546.13466334164582                        1.00000000000250
                      551.12219451371561                        1.00000000000029
                      556.10972568578541                        0.99999999999919
                      561.09725685785531                        0.99999999999900
                      566.08478802992511                        0.99999999999900
                      571.07231920199490                        0.99999999999900
                      576.05985037406469                        0.99999999999900
                      581.04738154613460                        0.99999999999900
                      586.03491271820440                        0.99999999999900
                      591.02244389027419                        0.99999999999900
                      596.00997506234398                        0.99999999999900
                      600.99750623441389                        0.99999999999900
                      605.98503740648368                        0.99999999999900
                      610.97256857855348                        0.99999999999900
                      615.96009975062339                        0.99999999999900
                      620.94763092269318                        0.99999999999900
                      625.93516209476297                        0.99999999999900
                      630.92269326683277                        0.99999999999900
                      635.91022443890267                        0.99999999999900
                      640.89775561097247                        0.99999999999900
                      645.88528678304226                        0.99999999999900
                      650.87281795511217                        0.99999999999900
                      655.86034912718196                        0.99999999999900
                      660.84788029925176                        0.99999999999900
                      665.83541147132155                        0.99999999999900
                      670.82294264339146                        0.99999999999900
                      675.81047381546125                        0.99999999999900
                      680.79800498753104                        0.99999999999900
                      685.78553615960084                        0.99999999999900
                      690.77306733167075                        0.99999999999900
                      695.76059850374054                        0.99999999999900
                      700.74812967581033                        0.99999999999900
                      705.73566084788024                        0.99999999999900
                      710.72319201995003                        0.99999999999900
                      715.71072319201983                        0.99999999999900
                      720.69825436408962                        0.99999999999900
                      725.68578553615953                        0.99999999999900
                      730.67331670822932                        0.99999999999900
                      735.66084788029912                        0.99999999999900
                      740.64837905236891                        0.99999999999900
                      745.63591022443882                        0.99999999999900
                      750.62344139650861                        0.99999999999900
                      755.61097256857840                        0.99999999999900
                      760.59850374064831                        0.99999999999900
                      765.58603491271811                        0.99999999999900
                      770.57356608478790                        0.99999999999900
                      775.56109725685769                        0.99999999999900
                      780.54862842892760                        0.99999999999900
                      785.53615960099739                        0.99999999999900
                      790.52369077306719                        0.99999999999900
                      795.51122194513698                        0.99999999999900
                      800.49875311720689                        0.99999999999900
                      805.48628428927668                        0.99999999999900
                      810.47381546134648                        0.99999999999900
                      815.46134663341638                        0.99999999999900
                      820.44887780548618                        0.99999999999900
                      825.43640897755597                        0.99999999999900
                      830.42394014962576                        0.99999999999900
                      835.41147132169567                        0.99999999999900
                      840.39900249376547                        0.99999999999900
                      845.38653366583526                        0.99999999999900
                      850.37406483790505                        0.99999999999900
                      855.36159600997496                        0.99999999999900
                      860.34912718204475                        0.99999999999900
                      865.33665835411455                        0.99999999999900
                      870.32418952618445                        0.99999999999900
                      875.31172069825425                        0.99999999999900
                      880.29925187032404                        0.99999999999900
                      885.28678304239384                        0.99999999999900
                      890.27431421446374                        0.99999999999900
                      895.26184538653354                        0.99999999999900
                      900.24937655860333                        0.99999999999900
                      905.23690773067312                        0.99999999999900
                      910.22443890274303                        0.99999999999900
                      915.21197007481283                        0.99999999999900
                      920.19950124688262                        0.99999999999900
                      925.18703241895253                        0.99999999999900
                      930.17456359102232                        0.99999999999900
                      935.16209476309211                        0.99999999999900
                      940.14962593516191                        0.99999999999900
                      945.13715710723181                        0.99999999999900
                      950.12468827930161                        0.99999999999900
                      955.11221945137140                        0.99999999999900
                      960.09975062344120                        0.99999999999900
                      965.08728179551110                        0.99999999999900
                      970.07481296758090                        0.99999999999900
                      975.06234413965069                        0.99999999999900
                      980.04987531172060                        0.99999999999900
                      985.03740648379039                        0.99999999999900
                      990.02493765586019                        0.99999999999900
                      995.01246882792998                        0.99999999999900
                      999.99999999999989                        0.99999999999900
