                     -995.01246882793009                       -0.00000000000000
                     -990.02493765586019                        0.00000000000000
                     -985.03740648379039                        0.00000000000000
                     -980.04987531172060                        0.00000000000000
                     -975.06234413965080                        0.00000000000000
                     -970.07481296758090                        0.00000000000000
                     -965.08728179551110                        0.00000000000000
                     -960.09975062344131                        0.00000000000000
                     -955.11221945137152                        0.00000000000000
                     -950.12468827930161                        0.00000000000000
                     -945.13715710723181                        0.00000000000000
                     -940.14962593516202                        0.00000000000000
                     -935.16209476309211                        0.00000000000000
                     -930.17456359102232                        0.00000000000000
                     -925.18703241895253                        0.00000000000000
                     -920.19950124688273                        0.00000000000000
                     -915.21197007481283                        0.00000000000000
                     -910.22443890274303                        0.00000000000000
                     -905.23690773067324                        0.00000000000000
                     -900.24937655860344                        0.00000000000000
                     -895.26184538653354                        0.00000000000000
                     -890.27431421446374                        0.00000000000000
                     -885.28678304239395                        0.00000000000000
                     -880.29925187032404                        0.00000000000000
                     -875.31172069825425                        0.00000000000000
                     -870.32418952618445                        0.00000000000000
                     -865.33665835411466                        0.00000000000000
                     -860.34912718204475                        0.00000000000000
                     -855.36159600997496                        0.00000000000000
                     -850.37406483790517                        0.00000000000000
                     -845.38653366583537                        0.00000000000000
                     -840.39900249376547                        0.00000000000000
                     -835.41147132169567                        0.00000000000000
                     -830.42394014962588                        0.00000000000000
                     -825.43640897755597                        0.00000000000000
                     -820.44887780548618                        0.00000000000000
                     -815.46134663341638                        0.00000000000000
                     -810.47381546134659                        0.00000000000000
                     -805.48628428927668                        0.00000000000000
                     -800.49875311720689                        0.00000000000000
                     -795.51122194513709                        0.00000000000000
                     -790.52369077306730                        0.00000000000000
                     -785.53615960099739                        0.00000000000000
                     -780.54862842892760                        0.00000000000000
                     -775.56109725685781                        0.00000000000000
                     -770.57356608478790                        0.00000000000000
                     -765.58603491271811                        0.00000000000001
                     -760.59850374064831                        0.00000000000004
                     -755.61097256857852                        0.00000000000013
                     -750.62344139650861                        0.00000000001406
                     -745.63591022443882                        0.00000000014756
                     -740.64837905236902                        0.00000000047617
                     -735.66084788029923                        0.00000000085917
                     -730.67331670822932                        0.00000000119940
                     -725.68578553615953                        0.00000000255394
                     -720.69825436408973                        0.00000001118219
                     -715.71072319201983                        0.00000004202790
                     -710.72319201995003                        0.00000009383328
                     -705.73566084788024                        0.00000014458490
                     -700.74812967581045                        0.00000016279295
                     -695.76059850374054                        0.00000012019587
                     -690.77306733167075                        0.00000004556700
                     -685.78553615960095                       -0.00000000118494
                     -680.79800498753116                        0.00000005346846
                     -675.81047381546125                        0.00000041559718
                     -670.82294264339146                        0.00000119280188
                     -665.83541147132166                        0.00000190458564
                     -660.84788029925176                        0.00000203849024
                     -655.86034912718196                        0.00000034481924
                     -650.87281795511217                       -0.00000257282481
                     -645.88528678304237                       -0.00000462030206
                     -640.89775561097247                       -0.00000262618019
                     -635.91022443890267                        0.00000420725085
                     -630.92269326683288                        0.00001038176433
                     -625.93516209476297                        0.00000919280852
                     -620.94763092269318                       -0.00000077787943
                     -615.96009975062339                       -0.00001056848932
                     -610.97256857855359                       -0.00000972907404
                     -605.98503740648368                        0.00000346059176
                     -600.99750623441389                        0.00001619308299
                     -596.00997506234410                        0.00001420478657
                     -591.02244389027430                       -0.00000277983669
                     -586.03491271820440                       -0.00001740776589
                     -581.04738154613460                       -0.00001311200082
                     -576.05985037406481                        0.00000526020398
                     -571.07231920199490                        0.00001823131948
                     -566.08478802992511                        0.00000889974821
                     -561.09725685785531                       -0.00001247853213
                     -556.10972568578552                       -0.00002281625318
                     -551.12219451371561                       -0.00000538001883
                     -546.13466334164582                        0.00002017084873
                     -541.14713216957603                        0.00002367454010
                     -536.15960099750623                       -0.00000304656351
                     -531.17206982543632                       -0.00002833155878
                     -526.18453865336653                       -0.00001913210343
                     -521.19700748129674                        0.00001844119530
                     -516.20947630922683                        0.00004564598016
                     -511.22194513715704                        0.00004268635559
                     -506.23441396508724                        0.00027723851341
                     -501.24688279301739                        0.00108546725728
                     -496.25935162094760                        0.00217460706195
                     -491.27182044887775                        0.00331870662882
                     -486.28428927680795                        0.00403735939606
                     -481.29675810473810                        0.00446627713250
                     -476.30922693266831                        0.00480623035976
                     -471.32169576059846                        0.00508482985833
                     -466.33416458852861                        0.00533991055974
                     -461.34663341645881                        0.00559936081092
                     -456.35910224438896                        0.00584666293152
                     -451.37157107231917                        0.00604633211326
                     -446.38403990024932                        0.00619619475419
                     -441.39650872817953                        0.00632665919171
                     -436.40897755610968                        0.00645802563592
                     -431.42144638403988                        0.00658061116556
                     -426.43391521197003                        0.00667120470232
                     -421.44638403990024                        0.00671749095835
                     -416.45885286783039                        0.00672389521830
                     -411.47132169576054                        0.00670049280791
                     -406.48379052369074                        0.00665259189829
                     -401.49625935162089                        0.00658127601678
                     -396.50872817955110                        0.00648645934363
                     -391.52119700748125                        0.00636815216628
                     -386.53366583541145                        0.00622592121494
                     -381.54613466334160                        0.00605857949301
                     -376.55860349127181                        0.00586483838611
                     -371.57107231920196                        0.00564448384508
                     -366.58354114713217                        0.00539930296283
                     -361.59600997506232                        0.00513271880974
                     -356.60847880299247                        0.00484779143345
                     -351.62094763092267                        0.00454522981562
                     -346.63341645885282                        0.00422379615357
                     -341.64588528678303                        0.00388301235286
                     -336.65835411471318                        0.00352530481956
                     -331.67082294264338                        0.00315535167070
                     -326.68329177057353                        0.00277700584735
                     -321.69576059850374                        0.00239032537570
                     -316.70822942643389                        0.00199019789365
                     -311.72069825436409                        0.00157194438002
                     -306.73316708229424                        0.00114123749588
                     -301.74563591022439                        0.00072586383521
                     -296.75810473815460                        0.00037370694749
                     -291.77057356608475                        0.00013366470249
                     -286.78304239401496                        0.00001942073097
                     -281.79551122194511                       -0.00001780556511
                     -276.80798004987531                       -0.00002991025328
                     -271.82044887780546                       -0.00003225125976
                     -266.83291770573567                       -0.00003128966150
                     -261.84538653366582                       -0.00002882925310
                     -256.85785536159602                       -0.00002623543882
                     -251.87032418952617                       -0.00002262908608
                     -246.88279301745635                       -0.00002229497460
                     -241.89526184538653                       -0.00002527643011
                     -236.90773067331671                       -0.00002738222565
                     -231.92019950124688                       -0.00002986412610
                     -226.93266832917703                       -0.00003194479777
                     -221.94513715710721                       -0.00003398436348
                     -216.95760598503739                       -0.00003577103333
                     -211.97007481296757                       -0.00003741652234
                     -206.98254364089775                       -0.00003882007254
                     -201.99501246882792                       -0.00003999126811
                     -197.00748129675810                       -0.00004090263053
                     -192.01995012468828                       -0.00004158333030
                     -187.03241895261846                       -0.00004204038799
                     -182.04488778054863                       -0.00004226195630
                     -177.05735660847881                       -0.00004221352514
                     -172.06982543640896                       -0.00004188375072
                     -167.08229426433914                       -0.00004129218893
                     -162.09476309226932                       -0.00004046795914
                     -157.10723192019950                       -0.00003942524571
                     -152.11970074812967                       -0.00003816636133
                     -147.13216957605985                       -0.00003669619635
                     -142.14463840399003                       -0.00003502919046
                     -137.15710723192021                       -0.00003318581459
                     -132.16957605985039                       -0.00003118853628
                     -127.18204488778055                       -0.00002906086445
                     -122.19451371571073                       -0.00002682696950
                     -117.20698254364090                       -0.00002451113999
                     -112.21945137157108                       -0.00002213951489
                     -107.23192019950125                       -0.00001974263335
                     -102.24438902743142                       -0.00001735354180
                      -97.25685785536160                       -0.00001500214074
                      -92.26932668329178                       -0.00001271466955
                      -87.28179551122196                       -0.00001052147024
                      -82.29426433915214                       -0.00000846102802
                      -77.30673316708230                       -0.00000656907187
                      -72.31920199501248                       -0.00000486437428
                      -67.33167082294266                       -0.00000335614022
                      -62.34413965087283                       -0.00000207393006
                      -57.35660847880300                       -0.00000108341407
                      -52.36907730673318                       -0.00000045018642
                      -47.38154613466335                       -0.00000015765263
                      -42.39401496259353                       -0.00000005396539
                      -37.40648379052371                       -0.00000001640424
                      -32.41895261845388                       -0.00000000418390
                      -27.43142144638406                       -0.00000000124812
                      -22.44389027431423                       -0.00000000078376
                      -17.45635910224441                       -0.00000000045766
                      -12.46882793017458                       -0.00000000017934
                       -7.48129675810476                       -0.00000000002751
                       -2.49376558603493                       -0.00000000000032
                        2.49376558603489                        0.00000000000000
                        7.48129675810472                        0.00000000000032
                       12.46882793017454                        0.00000000002751
                       17.45635910224437                        0.00000000017934
                       22.44389027431419                        0.00000000045766
                       27.43142144638401                        0.00000000078376
                       32.41895261845384                        0.00000000124812
                       37.40648379052367                        0.00000000418390
                       42.39401496259349                        0.00000001640424
                       47.38154613466332                        0.00000005396539
                       52.36907730673314                        0.00000015765263
                       57.35660847880297                        0.00000045018642
                       62.34413965087279                        0.00000108341407
                       67.33167082294261                        0.00000207393006
                       72.31920199501243                        0.00000335614022
                       77.30673316708226                        0.00000486437428
                       82.29426433915209                        0.00000656907187
                       87.28179551122192                        0.00000846102802
                       92.26932668329174                        0.00001052147024
                       97.25685785536156                        0.00001271466955
                      102.24438902743138                        0.00001500214074
                      107.23192019950122                        0.00001735354180
                      112.21945137157104                        0.00001974263335
                      117.20698254364086                        0.00002213951489
                      122.19451371571068                        0.00002451113999
                      127.18204488778051                        0.00002682696951
                      132.16957605985033                        0.00002906086445
                      137.15710723192015                        0.00003118853628
                      142.14463840398997                        0.00003318581460
                      147.13216957605982                        0.00003502919047
                      152.11970074812965                        0.00003669619641
                      157.10723192019947                        0.00003816636145
                      162.09476309226929                        0.00003942524552
                      167.08229426433911                        0.00004046795886
                      172.06982543640893                        0.00004129218938
                      177.05735660847876                        0.00004188375187
                      182.04488778054858                        0.00004221352522
                      187.03241895261840                        0.00004226195260
                      192.01995012468822                        0.00004204038282
                      197.00748129675804                        0.00004158333553
                      201.99501246882789                        0.00004090265255
                      206.98254364089772                        0.00003999128106
                      211.97007481296754                        0.00003882005108
                      216.95760598503736                        0.00003741654215
                      221.94513715710718                        0.00003577116250
                      226.93266832917701                        0.00003398420145
                      231.92019950124683                        0.00003194364566
                      236.90773067331665                        0.00002986377731
                      241.89526184538647                        0.00002738910419
                      246.88279301745629                        0.00002529427898
                      251.87032418952614                        0.00002232260197
                      256.85785536159597                        0.00002263317638
                      261.84538653366576                        0.00002628026422
                      266.83291770573561                        0.00002906250371
                      271.82044887780540                        0.00003222314337
                      276.80798004987525                        0.00003498110923
                      281.79551122194511                        0.00003771663597
                      286.78304239401490                        0.00004014449069
                      291.77057356608475                        0.00004238296999
                      296.75810473815454                        0.00004434203785
                      301.74563591022439                        0.00004601964500
                      306.73316708229419                        0.00004735518540
                      311.72069825436404                        0.00004836853398
                      316.70822942643383                        0.00004907445471
                      321.69576059850368                        0.00004946824704
                      326.68329177057348                        0.00004951501185
                      331.67082294264333                        0.00004920159989
                      336.65835411471318                        0.00004854800080
                      341.64588528678297                        0.00004758676587
                      346.63341645885282                        0.00004633670787
                      351.62094763092261                        0.00004480469663
                      356.60847880299247                        0.00004300095667
                      361.59600997506226                        0.00004094756974
                      366.58354114713211                        0.00003867495359
                      371.57107231920190                        0.00003621634991
                      376.55860349127175                        0.00003360569802
                      381.54613466334155                        0.00003087712652
                      386.53366583541140                        0.00002806473127
                      391.52119700748125                        0.00002520434354
                      396.50872817955104                        0.00002233575298
                      401.49625935162089                        0.00001950042179
                      406.48379052369069                        0.00001673561754
                      411.47132169576054                        0.00001407382897
                      416.45885286783033                        0.00001155039842
                      421.44638403990018                        0.00000920727709
                      426.43391521196997                        0.00000708184514
                      431.42144638403983                        0.00000519262284
                      436.40897755610968                        0.00000354675226
                      441.39650872817947                        0.00000217006750
                      446.38403990024932                        0.00000112288088
                      451.37157107231911                        0.00000046320049
                      456.35910224438896                        0.00000016248181
                      461.34663341645876                        0.00000005567951
                      466.33416458852861                        0.00000001696948
                      471.32169576059840                        0.00000000434696
                      476.30922693266825                        0.00000000128124
                      481.29675810473805                        0.00000000079531
                      486.28428927680790                        0.00000000046196
                      491.27182044887775                        0.00000000017956
                      496.25935162094754                        0.00000000002659
                      501.24688279301739                        0.00000000000029
                      506.23441396508719                        0.00000000000002
                      511.22194513715704                        0.00000000000000
                      516.20947630922683                        0.00000000000000
                      521.19700748129662                        0.00000000000000
                      526.18453865336653                        0.00000000000000
                      531.17206982543632                        0.00000000000000
                      536.15960099750612                        0.00000000000000
                      541.14713216957591                        0.00000000000000
                      546.13466334164582                        0.00000000000000
                      551.12219451371561                        0.00000000000000
                      556.10972568578541                        0.00000000000000
                      561.09725685785531                        0.00000000000000
                      566.08478802992511                        0.00000000000000
                      571.07231920199490                        0.00000000000000
                      576.05985037406469                        0.00000000000000
                      581.04738154613460                        0.00000000000000
                      586.03491271820440                        0.00000000000000
                      591.02244389027419                        0.00000000000000
                      596.00997506234398                        0.00000000000000
                      600.99750623441389                        0.00000000000000
                      605.98503740648368                        0.00000000000000
                      610.97256857855348                        0.00000000000000
                      615.96009975062339                        0.00000000000000
                      620.94763092269318                        0.00000000000000
                      625.93516209476297                        0.00000000000000
                      630.92269326683277                        0.00000000000000
                      635.91022443890267                        0.00000000000000
                      640.89775561097247                        0.00000000000000
                      645.88528678304226                        0.00000000000000
                      650.87281795511217                        0.00000000000000
                      655.86034912718196                        0.00000000000000
                      660.84788029925176                        0.00000000000000
                      665.83541147132155                        0.00000000000000
                      670.82294264339146                        0.00000000000000
                      675.81047381546125                        0.00000000000000
                      680.79800498753104                        0.00000000000000
                      685.78553615960084                        0.00000000000000
                      690.77306733167075                        0.00000000000000
                      695.76059850374054                        0.00000000000000
                      700.74812967581033                        0.00000000000000
                      705.73566084788024                        0.00000000000000
                      710.72319201995003                        0.00000000000000
                      715.71072319201983                        0.00000000000000
                      720.69825436408962                        0.00000000000000
                      725.68578553615953                        0.00000000000000
                      730.67331670822932                        0.00000000000000
                      735.66084788029912                        0.00000000000000
                      740.64837905236891                        0.00000000000000
                      745.63591022443882                        0.00000000000000
                      750.62344139650861                        0.00000000000000
                      755.61097256857840                        0.00000000000000
                      760.59850374064831                        0.00000000000000
                      765.58603491271811                        0.00000000000000
                      770.57356608478790                        0.00000000000000
                      775.56109725685769                        0.00000000000000
                      780.54862842892760                        0.00000000000000
                      785.53615960099739                        0.00000000000000
                      790.52369077306719                        0.00000000000000
                      795.51122194513698                        0.00000000000000
                      800.49875311720689                        0.00000000000000
                      805.48628428927668                        0.00000000000000
                      810.47381546134648                        0.00000000000000
                      815.46134663341638                        0.00000000000000
                      820.44887780548618                        0.00000000000000
                      825.43640897755597                        0.00000000000000
                      830.42394014962576                        0.00000000000000
                      835.41147132169567                        0.00000000000000
                      840.39900249376547                        0.00000000000000
                      845.38653366583526                        0.00000000000000
                      850.37406483790505                        0.00000000000000
                      855.36159600997496                        0.00000000000000
                      860.34912718204475                        0.00000000000000
                      865.33665835411455                        0.00000000000000
                      870.32418952618445                        0.00000000000000
                      875.31172069825425                        0.00000000000000
                      880.29925187032404                        0.00000000000000
                      885.28678304239384                        0.00000000000000
                      890.27431421446374                        0.00000000000000
                      895.26184538653354                        0.00000000000000
                      900.24937655860333                        0.00000000000000
                      905.23690773067312                        0.00000000000000
                      910.22443890274303                        0.00000000000000
                      915.21197007481283                        0.00000000000000
                      920.19950124688262                        0.00000000000000
                      925.18703241895253                        0.00000000000000
                      930.17456359102232                        0.00000000000000
                      935.16209476309211                        0.00000000000000
                      940.14962593516191                        0.00000000000000
                      945.13715710723181                        0.00000000000000
                      950.12468827930161                        0.00000000000000
                      955.11221945137140                        0.00000000000000
                      960.09975062344120                        0.00000000000000
                      965.08728179551110                        0.00000000000000
                      970.07481296758090                        0.00000000000000
                      975.06234413965069                        0.00000000000000
                      980.04987531172060                        0.00000000000000
                      985.03740648379039                        0.00000000000000
                      990.02493765586019                        0.00000000000000
                      995.01246882792998                        0.00000000000000
                      999.99999999999989                       -0.00000000000000
