                     -995.01246882793009                       -0.00000000000000
                     -990.02493765586019                        0.00000000000000
                     -985.03740648379039                        0.00000000000000
                     -980.04987531172060                        0.00000000000000
                     -975.06234413965080                        0.00000000000000
                     -970.07481296758090                        0.00000000000000
                     -965.08728179551110                        0.00000000000000
                     -960.09975062344131                        0.00000000000000
                     -955.11221945137152                        0.00000000000000
                     -950.12468827930161                        0.00000000000000
                     -945.13715710723181                        0.00000000000000
                     -940.14962593516202                        0.00000000000000
                     -935.16209476309211                        0.00000000000000
                     -930.17456359102232                        0.00000000000000
                     -925.18703241895253                        0.00000000000000
                     -920.19950124688273                        0.00000000000000
                     -915.21197007481283                        0.00000000000000
                     -910.22443890274303                        0.00000000000000
                     -905.23690773067324                        0.00000000000000
                     -900.24937655860344                        0.00000000000000
                     -895.26184538653354                        0.00000000000000
                     -890.27431421446374                        0.00000000000000
                     -885.28678304239395                        0.00000000000000
                     -880.29925187032404                        0.00000000000000
                     -875.31172069825425                        0.00000000000000
                     -870.32418952618445                        0.00000000000000
                     -865.33665835411466                        0.00000000000000
                     -860.34912718204475                        0.00000000000000
                     -855.36159600997496                        0.00000000000000
                     -850.37406483790517                        0.00000000000000
                     -845.38653366583537                        0.00000000000000
                     -840.39900249376547                        0.00000000000000
                     -835.41147132169567                        0.00000000000000
                     -830.42394014962588                        0.00000000000000
                     -825.43640897755597                        0.00000000000000
                     -820.44887780548618                        0.00000000000000
                     -815.46134663341638                        0.00000000000000
                     -810.47381546134659                        0.00000000000000
                     -805.48628428927668                        0.00000000000000
                     -800.49875311720689                        0.00000000000000
                     -795.51122194513709                        0.00000000000000
                     -790.52369077306730                        0.00000000000000
                     -785.53615960099739                        0.00000000000000
                     -780.54862842892760                        0.00000000000000
                     -775.56109725685781                        0.00000000000000
                     -770.57356608478790                        0.00000000000000
                     -765.58603491271811                        0.00000000000000
                     -760.59850374064831                        0.00000000000000
                     -755.61097256857852                        0.00000000000000
                     -750.62344139650861                        0.00000000000000
                     -745.63591022443882                        0.00000000000000
                     -740.64837905236902                        0.00000000000000
                     -735.66084788029923                        0.00000000000000
                     -730.67331670822932                        0.00000000000000
                     -725.68578553615953                        0.00000000000000
                     -720.69825436408973                        0.00000000000000
                     -715.71072319201983                        0.00000000000000
                     -710.72319201995003                        0.00000000000000
                     -705.73566084788024                        0.00000000000000
                     -700.74812967581045                        0.00000000000001
                     -695.76059850374054                        0.00000000000003
                     -690.77306733167075                        0.00000000001423
                     -685.78553615960095                        0.00000000013481
                     -680.79800498753116                        0.00000000039852
                     -675.81047381546125                        0.00000000069224
                     -670.82294264339146                        0.00000000098546
                     -665.83541147132166                        0.00000000313639
                     -660.84788029925176                        0.00000001510543
                     -655.86034912718196                        0.00000005183841
                     -650.87281795511217                        0.00000010874222
                     -645.88528678304237                        0.00000016197509
                     -640.89775561097247                        0.00000017887843
                     -635.91022443890267                        0.00000011231086
                     -630.92269326683288                       -0.00000000297664
                     -625.93516209476297                       -0.00000007389935
                     -620.94763092269318                        0.00000001524178
                     -615.96009975062339                        0.00000056162669
                     -610.97256857855359                        0.00000164428317
                     -605.98503740648368                        0.00000250055064
                     -600.99750623441389                        0.00000230242609
                     -596.00997506234410                       -0.00000076783090
                     -591.02244389027430                       -0.00000481699715
                     -586.03491271820440                       -0.00000663712217
                     -581.04738154613460                       -0.00000096547859
                     -576.05985037406481                        0.00000939181289
                     -571.07231920199490                        0.00001545517151
                     -566.08478802992511                        0.00000735206925
                     -561.09725685785531                       -0.00000933148495
                     -556.10972568578552                       -0.00001906209590
                     -551.12219451371561                       -0.00000709308210
                     -546.13466334164582                        0.00001621150024
                     -541.14713216957603                        0.00002760751764
                     -536.15960099750623                        0.00000947743846
                     -531.17206982543632                       -0.00002010491206
                     -526.18453865336653                       -0.00002882570701
                     -521.19700748129674                       -0.00000726592416
                     -516.20947630922683                        0.00003374017477
                     -511.22194513715704                        0.00016656448671
                     -506.23441396508724                        0.00051715331839
                     -501.24688279301739                        0.00180733532860
                     -496.25935162094760                        0.00384145800745
                     -491.27182044887775                        0.00554284059201
                     -486.28428927680795                        0.00639109277927
                     -481.29675810473810                        0.00671556912172
                     -476.30922693266831                        0.00672986946854
                     -471.32169576059846                        0.00671735770522
                     -466.33416458852861                        0.00668042232402
                     -461.34663341645881                        0.00661789158231
                     -456.35910224438896                        0.00653129372595
                     -451.37157107231917                        0.00642111772134
                     -446.38403990024932                        0.00628805270355
                     -441.39650872817953                        0.00613063175595
                     -436.40897755610968                        0.00594623183782
                     -431.42144638403988                        0.00573543042287
                     -426.43391521197003                        0.00549912134399
                     -421.44638403990024                        0.00523986426193
                     -416.45885286783039                        0.00496104499196
                     -411.47132169576054                        0.00466519259025
                     -406.48379052369074                        0.00435151022472
                     -401.49625935162089                        0.00401779095743
                     -396.50872817955110                        0.00366493469603
                     -391.52119700748125                        0.00329779961777
                     -386.53366583541145                        0.00292145609787
                     -381.54613466334160                        0.00253656397976
                     -376.55860349127181                        0.00213929657028
                     -371.57107231920196                        0.00172530301936
                     -366.58354114713217                        0.00129663722796
                     -361.59600997506232                        0.00087215067469
                     -356.60847880299247                        0.00049355052564
                     -351.62094763092267                        0.00021399032677
                     -346.63341645885282                        0.00006367667752
                     -341.64588528678303                        0.00000902025482
                     -336.65835411471318                       -0.00001152187140
                     -331.67082294264338                       -0.00002014786796
                     -326.68329177057353                       -0.00002499573540
                     -321.69576059850374                       -0.00002854079218
                     -316.70822942643389                       -0.00003152198685
                     -311.72069825436409                       -0.00003426300273
                     -306.73316708229424                       -0.00003684640929
                     -301.74563591022439                       -0.00003926612400
                     -296.75810473815460                       -0.00004148623966
                     -291.77057356608475                       -0.00004348702565
                     -286.78304239401496                       -0.00004522118364
                     -281.79551122194511                       -0.00004668701391
                     -276.80798004987531                       -0.00004784484043
                     -271.82044887780546                       -0.00004873967247
                     -266.83291770573567                       -0.00004932540234
                     -261.84538653366582                       -0.00004954116276
                     -256.85785536159602                       -0.00004944252157
                     -251.87032418952617                       -0.00004893402903
                     -246.88279301745635                       -0.00004864345638
                     -241.89526184538653                       -0.00004859864898
                     -236.90773067331671                       -0.00004822998933
                     -231.92019950124688                       -0.00004758592503
                     -226.93266832917703                       -0.00004666126017
                     -221.94513715710721                       -0.00004549562977
                     -216.95760598503739                       -0.00004413069454
                     -211.97007481296757                       -0.00004252735311
                     -206.98254364089775                       -0.00004072480003
                     -201.99501246882792                       -0.00003872289662
                     -197.00748129675810                       -0.00003655974567
                     -192.01995012468828                       -0.00003424949121
                     -187.03241895261846                       -0.00003182184171
                     -182.04488778054863                       -0.00002929990460
                     -177.05735660847881                       -0.00002671397092
                     -172.06982543640896                       -0.00002408993434
                     -167.08229426433914                       -0.00002145628750
                     -162.09476309226932                       -0.00001884490889
                     -157.10723192019950                       -0.00001629121423
                     -152.11970074812967                       -0.00001382481334
                     -147.13216957605985                       -0.00001146954019
                     -142.14463840399003                       -0.00000925462222
                     -137.15710723192021                       -0.00000721950021
                     -132.16957605985039                       -0.00000539664965
                     -127.18204488778055                       -0.00000379627454
                     -122.19451371571073                       -0.00000242590935
                     -117.20698254364090                       -0.00000132892261
                     -112.21945137157108                       -0.00000057920079
                     -107.23192019950125                       -0.00000020095076
                     -102.24438902743142                       -0.00000006709448
                      -97.25685785536160                       -0.00000002000915
                      -92.26932668329178                       -0.00000000480550
                      -87.28179551122196                       -0.00000000104525
                      -82.29426433915214                       -0.00000000058956
                      -77.30673316708230                       -0.00000000036125
                      -72.31920199501248                       -0.00000000014694
                      -67.33167082294266                       -0.00000000002130
                      -62.34413965087283                       -0.00000000000005
                      -57.35660847880300                       -0.00000000000000
                      -52.36907730673318                       -0.00000000000000
                      -47.38154613466335                       -0.00000000000000
                      -42.39401496259353                       -0.00000000000000
                      -37.40648379052371                        0.00000000000000
                      -32.41895261845388                        0.00000000000000
                      -27.43142144638406                        0.00000000000000
                      -22.44389027431423                        0.00000000000000
                      -17.45635910224441                        0.00000000000000
                      -12.46882793017458                        0.00000000000000
                       -7.48129675810476                        0.00000000000000
                       -2.49376558603493                        0.00000000000000
                        2.49376558603489                        0.00000000000000
                        7.48129675810472                        0.00000000000000
                       12.46882793017454                        0.00000000000000
                       17.45635910224437                        0.00000000000000
                       22.44389027431419                        0.00000000000000
                       27.43142144638401                        0.00000000000000
                       32.41895261845384                        0.00000000000000
                       37.40648379052367                        0.00000000000000
                       42.39401496259349                        0.00000000000000
                       47.38154613466332                        0.00000000000000
                       52.36907730673314                        0.00000000000000
                       57.35660847880297                        0.00000000000000
                       62.34413965087279                        0.00000000000000
                       67.33167082294261                        0.00000000000005
                       72.31920199501243                        0.00000000002130
                       77.30673316708226                        0.00000000014694
                       82.29426433915209                        0.00000000036125
                       87.28179551122192                        0.00000000058956
                       92.26932668329174                        0.00000000104525
                       97.25685785536156                        0.00000000480550
                      102.24438902743138                        0.00000002000915
                      107.23192019950122                        0.00000006709448
                      112.21945137157104                        0.00000020095076
                      117.20698254364086                        0.00000057920079
                      122.19451371571068                        0.00000132892261
                      127.18204488778051                        0.00000242590935
                      132.16957605985033                        0.00000379627454
                      137.15710723192015                        0.00000539664965
                      142.14463840398997                        0.00000721950021
                      147.13216957605982                        0.00000925462222
                      152.11970074812965                        0.00001146954019
                      157.10723192019947                        0.00001382481334
                      162.09476309226929                        0.00001629121423
                      167.08229426433911                        0.00001884490889
                      172.06982543640893                        0.00002145628750
                      177.05735660847876                        0.00002408993434
                      182.04488778054858                        0.00002671397093
                      187.03241895261840                        0.00002929990461
                      192.01995012468822                        0.00003182184171
                      197.00748129675804                        0.00003424949122
                      201.99501246882789                        0.00003655974573
                      206.98254364089772                        0.00003872289669
                      211.97007481296754                        0.00004072480003
                      216.95760598503736                        0.00004252735312
                      221.94513715710718                        0.00004413069445
                      226.93266832917701                        0.00004549562945
                      231.92019950124683                        0.00004666125992
                      236.90773067331665                        0.00004758592539
                      241.89526184538647                        0.00004822998977
                      246.88279301745629                        0.00004859864877
                      251.87032418952614                        0.00004864345468
                      256.85785536159597                        0.00004893402633
                      261.84538653366576                        0.00004944252756
                      266.83291770573561                        0.00004954118333
                      271.82044887780540                        0.00004932540091
                      276.80798004987525                        0.00004873961740
                      281.79551122194511                        0.00004784476355
                      286.78304239401490                        0.00004668710079
                      291.77057356608475                        0.00004522171136
                      296.75810473815454                        0.00004348833839
                      301.74563591022439                        0.00004148898834
                      306.73316708229419                        0.00003927181668
                      311.72069825436404                        0.00003685709053
                      316.70822942643383                        0.00003428294507
                      321.69576059850368                        0.00003157954982
                      326.68329177057348                        0.00002878563065
                      331.67082294264333                        0.00002593516279
                      336.65835411471318                        0.00002306503178
                      341.64588528678297                        0.00002021499225
                      346.63341645885282                        0.00001742788684
                      351.62094763092261                        0.00001473995248
                      356.60847880299247                        0.00001218086645
                      361.59600997506226                        0.00000978469491
                      366.58354114713211                        0.00000759447680
                      371.57107231920190                        0.00000564477596
                      376.55860349127175                        0.00000394630934
                      381.54613466334155                        0.00000250563455
                      386.53366583541140                        0.00000136382150
                      391.52119700748125                        0.00000059099038
                      396.50872817955104                        0.00000020485803
                      401.49625935162089                        0.00000006846137
                      406.48379052369069                        0.00000002043258
                      411.47132169576054                        0.00000000492275
                      416.45885286783033                        0.00000000106566
                      421.44638403990018                        0.00000000059349
                      426.43391521196997                        0.00000000036257
                      431.42144638403983                        0.00000000014628
                      436.40897755610968                        0.00000000002056
                      441.39650872817947                        0.00000000000004
                      446.38403990024932                        0.00000000000000
                      451.37157107231911                        0.00000000000000
                      456.35910224438896                        0.00000000000000
                      461.34663341645876                        0.00000000000000
                      466.33416458852861                        0.00000000000000
                      471.32169576059840                        0.00000000000000
                      476.30922693266825                        0.00000000000000
                      481.29675810473805                        0.00000000000000
                      486.28428927680790                        0.00000000000000
                      491.27182044887775                        0.00000000000000
                      496.25935162094754                        0.00000000000000
                      501.24688279301739                        0.00000000000000
                      506.23441396508719                        0.00000000000000
                      511.22194513715704                        0.00000000000000
                      516.20947630922683                        0.00000000000000
                      521.19700748129662                        0.00000000000000
                      526.18453865336653                        0.00000000000000
                      531.17206982543632                        0.00000000000000
                      536.15960099750612                        0.00000000000000
                      541.14713216957591                        0.00000000000000
                      546.13466334164582                        0.00000000000000
                      551.12219451371561                        0.00000000000000
                      556.10972568578541                        0.00000000000000
                      561.09725685785531                        0.00000000000000
                      566.08478802992511                        0.00000000000000
                      571.07231920199490                        0.00000000000000
                      576.05985037406469                        0.00000000000000
                      581.04738154613460                        0.00000000000000
                      586.03491271820440                        0.00000000000000
                      591.02244389027419                        0.00000000000000
                      596.00997506234398                        0.00000000000000
                      600.99750623441389                        0.00000000000000
                      605.98503740648368                        0.00000000000000
                      610.97256857855348                        0.00000000000000
                      615.96009975062339                        0.00000000000000
                      620.94763092269318                        0.00000000000000
                      625.93516209476297                        0.00000000000000
                      630.92269326683277                        0.00000000000000
                      635.91022443890267                        0.00000000000000
                      640.89775561097247                        0.00000000000000
                      645.88528678304226                        0.00000000000000
                      650.87281795511217                        0.00000000000000
                      655.86034912718196                        0.00000000000000
                      660.84788029925176                        0.00000000000000
                      665.83541147132155                        0.00000000000000
                      670.82294264339146                        0.00000000000000
                      675.81047381546125                        0.00000000000000
                      680.79800498753104                        0.00000000000000
                      685.78553615960084                        0.00000000000000
                      690.77306733167075                        0.00000000000000
                      695.76059850374054                        0.00000000000000
                      700.74812967581033                        0.00000000000000
                      705.73566084788024                        0.00000000000000
                      710.72319201995003                        0.00000000000000
                      715.71072319201983                        0.00000000000000
                      720.69825436408962                        0.00000000000000
                      725.68578553615953                        0.00000000000000
                      730.67331670822932                        0.00000000000000
                      735.66084788029912                        0.00000000000000
                      740.64837905236891                        0.00000000000000
                      745.63591022443882                        0.00000000000000
                      750.62344139650861                        0.00000000000000
                      755.61097256857840                        0.00000000000000
                      760.59850374064831                        0.00000000000000
                      765.58603491271811                        0.00000000000000
                      770.57356608478790                        0.00000000000000
                      775.56109725685769                        0.00000000000000
                      780.54862842892760                        0.00000000000000
                      785.53615960099739                        0.00000000000000
                      790.52369077306719                        0.00000000000000
                      795.51122194513698                        0.00000000000000
                      800.49875311720689                        0.00000000000000
                      805.48628428927668                        0.00000000000000
                      810.47381546134648                        0.00000000000000
                      815.46134663341638                        0.00000000000000
                      820.44887780548618                        0.00000000000000
                      825.43640897755597                        0.00000000000000
                      830.42394014962576                        0.00000000000000
                      835.41147132169567                        0.00000000000000
                      840.39900249376547                        0.00000000000000
                      845.38653366583526                        0.00000000000000
                      850.37406483790505                        0.00000000000000
                      855.36159600997496                        0.00000000000000
                      860.34912718204475                        0.00000000000000
                      865.33665835411455                        0.00000000000000
                      870.32418952618445                        0.00000000000000
                      875.31172069825425                        0.00000000000000
                      880.29925187032404                        0.00000000000000
                      885.28678304239384                        0.00000000000000
                      890.27431421446374                        0.00000000000000
                      895.26184538653354                        0.00000000000000
                      900.24937655860333                        0.00000000000000
                      905.23690773067312                        0.00000000000000
                      910.22443890274303                        0.00000000000000
                      915.21197007481283                        0.00000000000000
                      920.19950124688262                        0.00000000000000
                      925.18703241895253                        0.00000000000000
                      930.17456359102232                        0.00000000000000
                      935.16209476309211                        0.00000000000000
                      940.14962593516191                        0.00000000000000
                      945.13715710723181                        0.00000000000000
                      950.12468827930161                        0.00000000000000
                      955.11221945137140                        0.00000000000000
                      960.09975062344120                        0.00000000000000
                      965.08728179551110                        0.00000000000000
                      970.07481296758090                        0.00000000000000
                      975.06234413965069                        0.00000000000000
                      980.04987531172060                        0.00000000000000
                      985.03740648379039                        0.00000000000000
                      990.02493765586019                        0.00000000000000
                      995.01246882792998                        0.00000000000000
                      999.99999999999989                       -0.00000000000000
