                     -995.01246882793009                       -0.00000000000000
                     -990.02493765586019                        0.00000000000000
                     -985.03740648379039                        0.00000000000000
                     -980.04987531172060                        0.00000000000000
                     -975.06234413965080                        0.00000000000000
                     -970.07481296758090                        0.00000000000000
                     -965.08728179551110                        0.00000000000000
                     -960.09975062344131                        0.00000000000000
                     -955.11221945137152                        0.00000000000000
                     -950.12468827930161                        0.00000000000000
                     -945.13715710723181                        0.00000000000000
                     -940.14962593516202                        0.00000000000000
                     -935.16209476309211                        0.00000000000000
                     -930.17456359102232                        0.00000000000000
                     -925.18703241895253                        0.00000000000000
                     -920.19950124688273                        0.00000000000000
                     -915.21197007481283                        0.00000000000000
                     -910.22443890274303                        0.00000000000000
                     -905.23690773067324                        0.00000000000000
                     -900.24937655860344                        0.00000000000000
                     -895.26184538653354                        0.00000000000000
                     -890.27431421446374                        0.00000000000000
                     -885.28678304239395                        0.00000000000000
                     -880.29925187032404                        0.00000000000000
                     -875.31172069825425                        0.00000000000000
                     -870.32418952618445                        0.00000000000000
                     -865.33665835411466                        0.00000000000000
                     -860.34912718204475                        0.00000000000000
                     -855.36159600997496                        0.00000000000000
                     -850.37406483790517                        0.00000000000000
                     -845.38653366583537                        0.00000000000000
                     -840.39900249376547                        0.00000000000000
                     -835.41147132169567                        0.00000000000000
                     -830.42394014962588                        0.00000000000000
                     -825.43640897755597                        0.00000000000000
                     -820.44887780548618                        0.00000000000000
                     -815.46134663341638                        0.00000000000000
                     -810.47381546134659                        0.00000000000000
                     -805.48628428927668                        0.00000000000000
                     -800.49875311720689                        0.00000000000000
                     -795.51122194513709                        0.00000000000002
                     -790.52369077306730                        0.00000000000010
                     -785.53615960099739                        0.00000000000027
                     -780.54862842892760                        0.00000000001322
                     -775.56109725685781                        0.00000000014702
                     -770.57356608478790                        0.00000000049938
                     -765.58603491271811                        0.00000000092364
                     -760.59850374064831                        0.00000000130239
                     -755.61097256857852                        0.00000000237505
                     -750.62344139650861                        0.00000000969885
                     -745.63591022443882                        0.00000003789034
                     -740.64837905236902                        0.00000008722469
                     -735.66084788029923                        0.00000013670443
                     -730.67331670822932                        0.00000015595506
                     -725.68578553615953                        0.00000012282598
                     -720.69825436408973                        0.00000006291260
                     -715.71072319201983                        0.00000002530472
                     -710.72319201995003                        0.00000006941044
                     -705.73566084788024                        0.00000035781651
                     -700.74812967581045                        0.00000103572161
                     -695.76059850374054                        0.00000169016766
                     -690.77306733167075                        0.00000190584418
                     -685.78553615960095                        0.00000066206928
                     -680.79800498753116                       -0.00000181570638
                     -675.81047381546125                       -0.00000377830568
                     -670.82294264339146                       -0.00000285571678
                     -665.83541147132166                        0.00000255563615
                     -660.84788029925176                        0.00000833506186
                     -655.86034912718196                        0.00000897293187
                     -650.87281795511217                        0.00000167068547
                     -645.88528678304237                       -0.00000718468861
                     -640.89775561097247                       -0.00000910981611
                     -635.91022443890267                        0.00000001794056
                     -630.92269326683288                        0.00001140853498
                     -625.93516209476297                        0.00001355191520
                     -620.94763092269318                        0.00000183555573
                     -615.96009975062339                       -0.00001174334139
                     -610.97256857855359                       -0.00001288609070
                     -605.98503740648368                       -0.00000035153563
                     -600.99750623441389                        0.00001215764993
                     -596.00997506234410                        0.00001011736782
                     -591.02244389027430                       -0.00000495112758
                     -586.03491271820440                       -0.00001653243044
                     -581.04738154613460                       -0.00000907025925
                     -576.05985037406481                        0.00000972495966
                     -571.07231920199490                        0.00001875082665
                     -566.08478802992511                        0.00000461488164
                     -561.09725685785531                       -0.00001583368846
                     -556.10972568578552                       -0.00001738302419
                     -551.12219451371561                        0.00000416270654
                     -546.13466334164582                        0.00002283610035
                     -541.14713216957603                        0.00001079322872
                     -536.15960099750623                       -0.00001885832240
                     -531.17206982543632                       -0.00002607621196
                     -526.18453865336653                        0.00000701421765
                     -521.19700748129674                        0.00003697809792
                     -516.20947630922683                        0.00000620031276
                     -511.22194513715704                       -0.00003724906728
                     -506.23441396508724                        0.00012487621264
                     -501.24688279301739                        0.00042633207444
                     -496.25935162094760                        0.00086078899478
                     -491.27182044887775                        0.00141569424228
                     -486.28428927680795                        0.00190216491236
                     -481.29675810473810                        0.00233871706796
                     -476.30922693266831                        0.00274149848541
                     -471.32169576059846                        0.00312687848422
                     -466.33416458852861                        0.00349729254046
                     -461.34663341645881                        0.00384873854801
                     -456.35910224438896                        0.00419235101507
                     -451.37157107231917                        0.00452456101746
                     -446.38403990024932                        0.00482839089435
                     -441.39650872817953                        0.00510245118638
                     -436.40897755610968                        0.00536374586528
                     -431.42144638403988                        0.00561972268714
                     -426.43391521197003                        0.00585226004180
                     -421.44638403990024                        0.00604053115842
                     -416.45885286783039                        0.00618873432588
                     -411.47132169576054                        0.00631995249410
                     -406.48379052369074                        0.00644778270463
                     -401.49625935162089                        0.00656307296456
                     -396.50872817955110                        0.00664676598765
                     -391.52119700748125                        0.00668848660055
                     -386.53366583541145                        0.00669161030403
                     -381.54613466334160                        0.00666503987962
                     -376.55860349127181                        0.00661430914210
                     -371.57107231920196                        0.00654096716086
                     -366.58354114713217                        0.00644483660659
                     -361.59600997506232                        0.00632553121771
                     -356.60847880299247                        0.00618240105183
                     -351.62094763092267                        0.00601423837355
                     -346.63341645885282                        0.00581982169148
                     -341.64588528678303                        0.00559920107387
                     -336.65835411471318                        0.00535451806262
                     -331.67082294264338                        0.00508917065261
                     -326.68329177057353                        0.00480565007358
                     -321.69576059850374                        0.00450422166369
                     -316.70822942643389                        0.00418376356816
                     -311.72069825436409                        0.00384434675704
                     -306.73316708229424                        0.00348856737306
                     -301.74563591022439                        0.00312126882147
                     -296.75810473815460                        0.00274569519178
                     -291.77057356608475                        0.00236142716617
                     -286.78304239401496                        0.00196138401699
                     -281.79551122194511                        0.00154327137478
                     -276.80798004987531                        0.00111255388941
                     -271.82044887780546                        0.00070628818077
                     -266.83291770573567                        0.00036605362616
                     -261.84538653366582                        0.00014952606814
                     -256.85785536159602                        0.00004415281041
                     -251.87032418952617                        0.00001751527332
                     -246.88279301745635                        0.00000439261287
                     -241.89526184538653                       -0.00000366363817
                     -236.90773067331671                       -0.00000795225560
                     -231.92019950124688                       -0.00001150313937
                     -226.93266832917703                       -0.00001419361774
                     -221.94513715710721                       -0.00001681165118
                     -216.95760598503739                       -0.00001926275293
                     -211.97007481296757                       -0.00002173123691
                     -206.98254364089775                       -0.00002410787672
                     -201.99501246882792                       -0.00002639670516
                     -197.00748129675810                       -0.00002853506171
                     -192.01995012468828                       -0.00003052663364
                     -187.03241895261846                       -0.00003235913931
                     -182.04488778054863                       -0.00003402246407
                     -177.05735660847881                       -0.00003548224255
                     -172.06982543640896                       -0.00003671395058
                     -167.08229426433914                       -0.00003771460020
                     -162.09476309226932                       -0.00003849917893
                     -157.10723192019950                       -0.00003907068226
                     -152.11970074812967                       -0.00003940829600
                     -147.13216957605985                       -0.00003948450262
                     -142.14463840399003                       -0.00003929188207
                     -137.15710723192021                       -0.00003884688420
                     -132.16957605985039                       -0.00003817164894
                     -127.18204488778055                       -0.00003727806719
                     -122.19451371571073                       -0.00003616917523
                     -117.20698254364090                       -0.00003484958443
                     -112.21945137157108                       -0.00003333153510
                     -107.23192019950125                       -0.00003163374849
                     -102.24438902743142                       -0.00002977809749
                      -97.25685785536160                       -0.00002778728322
                      -92.26932668329178                       -0.00002568380374
                      -87.28179551122196                       -0.00002349092096
                      -82.29426433915214                       -0.00002123539168
                      -77.30673316708230                       -0.00001894821671
                      -72.31920199501248                       -0.00001666074075
                      -67.33167082294266                       -0.00001440077947
                      -62.34413965087283                       -0.00001219577656
                      -57.35660847880300                       -0.00001007988830
                      -52.36907730673318                       -0.00000809248773
                      -47.38154613466335                       -0.00000626484970
                      -42.39401496259353                       -0.00000461193864
                      -37.40648379052371                       -0.00000314736266
                      -32.41895261845388                       -0.00000191140706
                      -27.43142144638406                       -0.00000097535944
                      -22.44389027431423                       -0.00000039670601
                      -17.45635910224441                       -0.00000013976820
                      -12.46882793017458                       -0.00000004787751
                       -7.48129675810476                       -0.00000001412739
                       -2.49376558603493                       -0.00000000333950
                        2.49376558603489                       -0.00000000000000
                        7.48129675810472                        0.00000000333950
                       12.46882793017454                        0.00000001412739
                       17.45635910224437                        0.00000004787751
                       22.44389027431419                        0.00000013976820
                       27.43142144638401                        0.00000039670601
                       32.41895261845384                        0.00000097535944
                       37.40648379052367                        0.00000191140706
                       42.39401496259349                        0.00000314736266
                       47.38154613466332                        0.00000461193864
                       52.36907730673314                        0.00000626484970
                       57.35660847880297                        0.00000809248773
                       62.34413965087279                        0.00001007988830
                       67.33167082294261                        0.00001219577656
                       72.31920199501243                        0.00001440077948
                       77.30673316708226                        0.00001666074076
                       82.29426433915209                        0.00001894821666
                       87.28179551122192                        0.00002123539166
                       92.26932668329174                        0.00002349092098
                       97.25685785536156                        0.00002568380371
                      102.24438902743138                        0.00002778728325
                      107.23192019950122                        0.00002977809755
                      112.21945137157104                        0.00003163374849
                      117.20698254364086                        0.00003333153504
                      122.19451371571068                        0.00003484958443
                      127.18204488778051                        0.00003616917525
                      132.16957605985033                        0.00003727806710
                      137.15710723192015                        0.00003817164900
                      142.14463840398997                        0.00003884688497
                      147.13216957605982                        0.00003929188298
                      152.11970074812965                        0.00003948450141
                      157.10723192019947                        0.00003940829227
                      162.09476309226929                        0.00003907068185
                      167.08229426433911                        0.00003849918697
                      172.06982543640893                        0.00003771460371
                      177.05735660847876                        0.00003671393557
                      182.04488778054858                        0.00003548227039
                      187.03241895261840                        0.00003402264407
                      192.01995012468822                        0.00003235927621
                      197.00748129675804                        0.00003052593914
                      201.99501246882789                        0.00002853333229
                      206.98254364089772                        0.00002639711099
                      211.97007481296754                        0.00002411718354
                      216.95760598503736                        0.00002175087299
                      221.94513715710718                        0.00001927407530
                      226.93266832917701                        0.00001678585476
                      231.92019950124683                        0.00001416494615
                      236.90773067331665                        0.00001169748029
                      241.89526184538647                        0.00000898661295
                      246.88279301745629                        0.00000679476696
                      251.87032418952614                        0.00000385650391
                      256.85785536159597                        0.00000408794974
                      261.84538653366576                        0.00000747831468
                      266.83291770573561                        0.00001016882223
                      271.82044887780540                        0.00001351712807
                      276.80798004987525                        0.00001664768947
                      281.79551122194511                        0.00001997497648
                      286.78304239401490                        0.00002319294651
                      291.77057356608475                        0.00002642474876
                      296.75810473815454                        0.00002953354822
                      301.74563591022439                        0.00003253645605
                      306.73316708229419                        0.00003536972317
                      311.72069825436404                        0.00003801901641
                      316.70822942643383                        0.00004044949386
                      321.69576059850368                        0.00004264719284
                      326.68329177057348                        0.00004457705048
                      331.67082294264333                        0.00004620153005
                      336.65835411471318                        0.00004749925085
                      341.64588528678297                        0.00004847828435
                      346.63341645885282                        0.00004914721293
                      351.62094763092261                        0.00004949290264
                      356.60847880299247                        0.00004949108266
                      361.59600997506226                        0.00004913521742
                      366.58354114713211                        0.00004844430745
                      371.57107231920190                        0.00004744562804
                      376.55860349127175                        0.00004615730276
                      381.54613466334155                        0.00004458887606
                      386.53366583541140                        0.00004275255978
                      391.52119700748125                        0.00004067025689
                      396.50872817955104                        0.00003837215549
                      401.49625935162089                        0.00003589219837
                      406.48379052369069                        0.00003326478163
                      411.47132169576054                        0.00003052352658
                      416.45885286783033                        0.00002770244501
                      421.44638403990018                        0.00002483867649
                      426.43391521196997                        0.00002197292033
                      431.42144638403983                        0.00001914517094
                      436.40897755610968                        0.00001639065987
                      441.39650872817947                        0.00001374292590
                      446.38403990024932                        0.00001124070211
                      451.37157107231911                        0.00000892610715
                      456.35910224438896                        0.00000683111533
                      461.34663341645876                        0.00000496934649
                      466.33416458852861                        0.00000335114867
                      471.32169576059840                        0.00000201170643
                      476.30922693266825                        0.00000101532800
                      481.29675810473805                        0.00000040980959
                      486.28428927680790                        0.00000014495187
                      491.27182044887775                        0.00000005000655
                      496.25935162094754                        0.00000001537616
                      501.24688279301739                        0.00000000409171
                      506.23441396508719                        0.00000000138582
                      511.22194513715704                        0.00000000086968
                      516.20947630922683                        0.00000000049384
                      521.19700748129662                        0.00000000018609
                      526.18453865336653                        0.00000000002718
                      531.17206982543632                        0.00000000000038
                      536.15960099750612                        0.00000000000003
                      541.14713216957591                        0.00000000000000
                      546.13466334164582                        0.00000000000000
                      551.12219451371561                        0.00000000000000
                      556.10972568578541                        0.00000000000000
                      561.09725685785531                        0.00000000000000
                      566.08478802992511                        0.00000000000000
                      571.07231920199490                        0.00000000000000
                      576.05985037406469                        0.00000000000000
                      581.04738154613460                        0.00000000000000
                      586.03491271820440                        0.00000000000000
                      591.02244389027419                        0.00000000000000
                      596.00997506234398                        0.00000000000000
                      600.99750623441389                        0.00000000000000
                      605.98503740648368                        0.00000000000000
                      610.97256857855348                        0.00000000000000
                      615.96009975062339                        0.00000000000000
                      620.94763092269318                        0.00000000000000
                      625.93516209476297                        0.00000000000000
                      630.92269326683277                        0.00000000000000
                      635.91022443890267                        0.00000000000000
                      640.89775561097247                        0.00000000000000
                      645.88528678304226                        0.00000000000000
                      650.87281795511217                        0.00000000000000
                      655.86034912718196                        0.00000000000000
                      660.84788029925176                        0.00000000000000
                      665.83541147132155                        0.00000000000000
                      670.82294264339146                        0.00000000000000
                      675.81047381546125                        0.00000000000000
                      680.79800498753104                        0.00000000000000
                      685.78553615960084                        0.00000000000000
                      690.77306733167075                        0.00000000000000
                      695.76059850374054                        0.00000000000000
                      700.74812967581033                        0.00000000000000
                      705.73566084788024                        0.00000000000000
                      710.72319201995003                        0.00000000000000
                      715.71072319201983                        0.00000000000000
                      720.69825436408962                        0.00000000000000
                      725.68578553615953                        0.00000000000000
                      730.67331670822932                        0.00000000000000
                      735.66084788029912                        0.00000000000000
                      740.64837905236891                        0.00000000000000
                      745.63591022443882                        0.00000000000000
                      750.62344139650861                        0.00000000000000
                      755.61097256857840                        0.00000000000000
                      760.59850374064831                        0.00000000000000
                      765.58603491271811                        0.00000000000000
                      770.57356608478790                        0.00000000000000
                      775.56109725685769                        0.00000000000000
                      780.54862842892760                        0.00000000000000
                      785.53615960099739                        0.00000000000000
                      790.52369077306719                        0.00000000000000
                      795.51122194513698                        0.00000000000000
                      800.49875311720689                        0.00000000000000
                      805.48628428927668                        0.00000000000000
                      810.47381546134648                        0.00000000000000
                      815.46134663341638                        0.00000000000000
                      820.44887780548618                        0.00000000000000
                      825.43640897755597                        0.00000000000000
                      830.42394014962576                        0.00000000000000
                      835.41147132169567                        0.00000000000000
                      840.39900249376547                        0.00000000000000
                      845.38653366583526                        0.00000000000000
                      850.37406483790505                        0.00000000000000
                      855.36159600997496                        0.00000000000000
                      860.34912718204475                        0.00000000000000
                      865.33665835411455                        0.00000000000000
                      870.32418952618445                        0.00000000000000
                      875.31172069825425                        0.00000000000000
                      880.29925187032404                        0.00000000000000
                      885.28678304239384                        0.00000000000000
                      890.27431421446374                        0.00000000000000
                      895.26184538653354                        0.00000000000000
                      900.24937655860333                        0.00000000000000
                      905.23690773067312                        0.00000000000000
                      910.22443890274303                        0.00000000000000
                      915.21197007481283                        0.00000000000000
                      920.19950124688262                        0.00000000000000
                      925.18703241895253                        0.00000000000000
                      930.17456359102232                        0.00000000000000
                      935.16209476309211                        0.00000000000000
                      940.14962593516191                        0.00000000000000
                      945.13715710723181                        0.00000000000000
                      950.12468827930161                        0.00000000000000
                      955.11221945137140                        0.00000000000000
                      960.09975062344120                        0.00000000000000
                      965.08728179551110                        0.00000000000000
                      970.07481296758090                        0.00000000000000
                      975.06234413965069                        0.00000000000000
                      980.04987531172060                        0.00000000000000
                      985.03740648379039                        0.00000000000000
                      990.02493765586019                        0.00000000000000
                      995.01246882792998                        0.00000000000000
                      999.99999999999989                       -0.00000000000000
