                     -995.01246882793009                       -0.00000000000000
                     -990.02493765586019                        0.00000000000000
                     -985.03740648379039                        0.00000000000000
                     -980.04987531172060                        0.00000000000000
                     -975.06234413965080                        0.00000000000000
                     -970.07481296758090                        0.00000000000000
                     -965.08728179551110                        0.00000000000000
                     -960.09975062344131                        0.00000000000000
                     -955.11221945137152                        0.00000000000000
                     -950.12468827930161                        0.00000000000000
                     -945.13715710723181                        0.00000000000000
                     -940.14962593516202                        0.00000000000000
                     -935.16209476309211                        0.00000000000000
                     -930.17456359102232                        0.00000000000000
                     -925.18703241895253                        0.00000000000000
                     -920.19950124688273                        0.00000000000000
                     -915.21197007481283                        0.00000000000000
                     -910.22443890274303                        0.00000000000000
                     -905.23690773067324                        0.00000000000000
                     -900.24937655860344                        0.00000000000000
                     -895.26184538653354                        0.00000000000000
                     -890.27431421446374                        0.00000000000000
                     -885.28678304239395                        0.00000000000000
                     -880.29925187032404                        0.00000000000000
                     -875.31172069825425                        0.00000000000000
                     -870.32418952618445                        0.00000000000000
                     -865.33665835411466                        0.00000000000000
                     -860.34912718204475                        0.00000000000000
                     -855.36159600997496                        0.00000000000000
                     -850.37406483790517                        0.00000000000000
                     -845.38653366583537                        0.00000000000000
                     -840.39900249376547                        0.00000000000000
                     -835.41147132169567                        0.00000000000000
                     -830.42394014962588                        0.00000000000000
                     -825.43640897755597                        0.00000000000002
                     -820.44887780548618                        0.00000000000014
                     -815.46134663341638                        0.00000000000035
                     -810.47381546134659                        0.00000000001203
                     -805.48628428927668                        0.00000000014352
                     -800.49875311720689                        0.00000000051441
                     -795.51122194513709                        0.00000000097795
                     -790.52369077306730                        0.00000000139475
                     -785.53615960099739                        0.00000000224864
                     -780.54862842892760                        0.00000000848429
                     -775.56109725685781                        0.00000003421177
                     -770.57356608478790                        0.00000008105994
                     -765.58603491271811                        0.00000012916866
                     -760.59850374064831                        0.00000014960441
                     -755.61097256857852                        0.00000012492962
                     -750.62344139650861                        0.00000007725429
                     -745.63591022443882                        0.00000004639083
                     -740.64837905236902                        0.00000008081123
                     -735.66084788029923                        0.00000031521419
                     -730.67331670822932                        0.00000090330607
                     -725.68578553615953                        0.00000151387149
                     -720.69825436408973                        0.00000177926715
                     -715.71072319201983                        0.00000087959922
                     -710.72319201995003                       -0.00000121169650
                     -705.73566084788024                       -0.00000307388295
                     -700.74812967581045                       -0.00000285736260
                     -695.76059850374054                        0.00000135655361
                     -690.77306733167075                        0.00000661653032
                     -685.78553615960095                        0.00000838389043
                     -680.79800498753116                        0.00000326719682
                     -675.81047381546125                       -0.00000444416078
                     -670.82294264339146                       -0.00000789781601
                     -665.83541147132166                       -0.00000206399409
                     -660.84788029925176                        0.00000756151956
                     -655.86034912718196                        0.00001192513036
                     -650.87281795511217                        0.00000458931538
                     -645.88528678304237                       -0.00000706149456
                     -640.89775561097247                       -0.00001135208100
                     -635.91022443890267                       -0.00000364105236
                     -630.92269326683288                        0.00000709831716
                     -625.93516209476297                        0.00000930705180
                     -620.94763092269318                       -0.00000030893021
                     -615.96009975062339                       -0.00001086675109
                     -610.97256857855359                       -0.00000973021650
                     -605.98503740648368                        0.00000309283331
                     -600.99750623441389                        0.00001316735831
                     -596.00997506234410                        0.00000744395594
                     -591.02244389027430                       -0.00000713979567
                     -586.03491271820440                       -0.00001323698399
                     -581.04738154613460                       -0.00000224046386
                     -576.05985037406481                        0.00001191232987
                     -571.07231920199490                        0.00001016239933
                     -566.08478802992511                       -0.00000585163903
                     -561.09725685785531                       -0.00001425442692
                     -556.10972568578552                       -0.00000284954265
                     -551.12219451371561                        0.00001182247862
                     -546.13466334164582                        0.00000678807032
                     -541.14713216957603                       -0.00000920775700
                     -536.15960099750623                       -0.00001018610260
                     -531.17206982543632                        0.00000495553385
                     -526.18453865336653                        0.00001079206912
                     -521.19700748129674                       -0.00000418945071
                     -516.20947630922683                       -0.00001863138977
                     -511.22194513715704                       -0.00001091072134
                     -506.23441396508724                       -0.00009257829400
                     -501.24688279301739                       -0.00035688223251
                     -496.25935162094760                       -0.00061266939157
                     -491.27182044887775                       -0.00065966688152
                     -486.28428927680795                       -0.00046231816200
                     -481.29675810473810                       -0.00009611818111
                     -476.30922693266831                        0.00030939562039
                     -471.32169576059846                        0.00072542000859
                     -466.33416458852861                        0.00114621707743
                     -461.34663341645881                        0.00156038272814
                     -456.35910224438896                        0.00196883928881
                     -451.37157107231917                        0.00237204476698
                     -446.38403990024932                        0.00276756969783
                     -441.39650872817953                        0.00314844032120
                     -436.40897755610968                        0.00351225548875
                     -431.42144638403988                        0.00386460831616
                     -426.43391521197003                        0.00420765557486
                     -421.44638403990024                        0.00453240024060
                     -416.45885286783039                        0.00482981914515
                     -411.47132169576054                        0.00510494893386
                     -406.48379052369074                        0.00536976646718
                     -401.49625935162089                        0.00562316664718
                     -396.50872817955110                        0.00584818976440
                     -391.52119700748125                        0.00603211356941
                     -386.53366583541145                        0.00618230932533
                     -381.54613466334160                        0.00631737213927
                     -376.55860349127181                        0.00644603680229
                     -371.57107231920196                        0.00655915412706
                     -366.58354114713217                        0.00664052862448
                     -361.59600997506232                        0.00668145134887
                     -356.60847880299247                        0.00668480917392
                     -351.62094763092267                        0.00665858964055
                     -346.63341645885282                        0.00660826070447
                     -341.64588528678303                        0.00653556979426
                     -336.65835411471318                        0.00644028285885
                     -331.67082294264338                        0.00632174823184
                     -326.68329177057353                        0.00617904636686
                     -321.69576059850374                        0.00601087518236
                     -316.70822942643389                        0.00581609018807
                     -311.72069825436409                        0.00559510362623
                     -306.73316708229424                        0.00535021094450
                     -301.74563591022439                        0.00508474163629
                     -296.75810473815460                        0.00480069259967
                     -291.77057356608475                        0.00449831258912
                     -286.78304239401496                        0.00417647850851
                     -281.79551122194511                        0.00383562265940
                     -276.80798004987531                        0.00347863601716
                     -271.82044887780546                        0.00311014018848
                     -266.83291770573567                        0.00273334086072
                     -261.84538653366582                        0.00234671882081
                     -256.85785536159602                        0.00194243134932
                     -251.87032418952617                        0.00151962375677
                     -246.88279301745635                        0.00108652199436
                     -241.89526184538653                        0.00067805771426
                     -236.90773067331671                        0.00034951517270
                     -231.92019950124688                        0.00014157937984
                     -226.93266832917703                        0.00005170820753
                     -221.94513715710721                        0.00001883187299
                     -216.95760598503739                        0.00000490399448
                     -211.97007481296757                       -0.00000184783469
                     -206.98254364089775                       -0.00000593832051
                     -201.99501246882792                       -0.00000901650902
                     -197.00748129675810                       -0.00001164514893
                     -192.01995012468828                       -0.00001407207986
                     -187.03241895261846                       -0.00001643406539
                     -182.04488778054863                       -0.00001878152970
                     -177.05735660847881                       -0.00002108862551
                     -172.06982543640896                       -0.00002331073341
                     -167.08229426433914                       -0.00002541502995
                     -162.09476309226932                       -0.00002739084234
                     -157.10723192019950                       -0.00002923030299
                     -152.11970074812967                       -0.00003091269585
                     -147.13216957605985                       -0.00003240674290
                     -142.14463840399003                       -0.00003369106597
                     -137.15710723192021                       -0.00003476561942
                     -132.16957605985039                       -0.00003563937772
                     -127.18204488778055                       -0.00003630787427
                     -122.19451371571073                       -0.00003674812314
                     -117.20698254364090                       -0.00003693632230
                     -112.21945137157108                       -0.00003686710764
                     -107.23192019950125                       -0.00003655395545
                     -102.24438902743142                       -0.00003601432478
                      -97.25685785536160                       -0.00003525783109
                      -92.26932668329178                       -0.00003428724304
                      -87.28179551122196                       -0.00003310655159
                      -82.29426433915214                       -0.00003172649853
                      -77.30673316708230                       -0.00003016447330
                      -72.31920199501248                       -0.00002844135560
                      -67.33167082294266                       -0.00002657851276
                      -62.34413965087283                       -0.00002459708335
                      -57.35660847880300                       -0.00002252004658
                      -52.36907730673318                       -0.00002037461283
                      -47.38154613466335                       -0.00001819100862
                      -42.39401496259353                       -0.00001599843829
                      -37.40648379052371                       -0.00001382394365
                      -32.41895261845388                       -0.00001169743109
                      -27.43142144638406                       -0.00000965538351
                      -22.44389027431423                       -0.00000773421130
                      -17.45635910224441                       -0.00000595895748
                      -12.46882793017458                       -0.00000433026335
                       -7.48129675810476                       -0.00000282928082
                       -2.49376558603493                       -0.00000139988706
                        2.49376558603489                       -0.00000000000000
                        7.48129675810472                        0.00000139988706
                       12.46882793017454                        0.00000282928082
                       17.45635910224437                        0.00000433026335
                       22.44389027431419                        0.00000595895747
                       27.43142144638401                        0.00000773421130
                       32.41895261845384                        0.00000965538352
                       37.40648379052367                        0.00001169743111
                       42.39401496259349                        0.00001382394370
                       47.38154613466332                        0.00001599843829
                       52.36907730673314                        0.00001819100856
                       57.35660847880297                        0.00002037461273
                       62.34413965087279                        0.00002252004654
                       67.33167082294261                        0.00002459708340
                       72.31920199501243                        0.00002657851276
                       77.30673316708226                        0.00002844135557
                       82.29426433915209                        0.00003016447335
                       87.28179551122192                        0.00003172649856
                       92.26932668329174                        0.00003310655149
                       97.25685785536156                        0.00003428724289
                      102.24438902743138                        0.00003525783096
                      107.23192019950122                        0.00003601432499
                      112.21945137157104                        0.00003655395622
                      117.20698254364086                        0.00003686710787
                      122.19451371571068                        0.00003693632078
                      127.18204488778051                        0.00003674812248
                      132.16957605985033                        0.00003630787842
                      137.15710723192015                        0.00003563937875
                      142.14463840398997                        0.00003476559809
                      147.13216957605982                        0.00003369104759
                      152.11970074812965                        0.00003240685473
                      157.10723192019947                        0.00003091300054
                      162.09476309226929                        0.00002923034223
                      167.08229426433911                        0.00002738963804
                      172.06982543640893                        0.00002541284358
                      177.05735660847876                        0.00002331191549
                      182.04488778054858                        0.00002110025747
                      187.03241895261840                        0.00001880270974
                      192.01995012468822                        0.00001644424089
                      197.00748129675804                        0.00001405012074
                      201.99501246882789                        0.00001163681570
                      206.98254364089772                        0.00000923796979
                      211.97007481296754                        0.00000686386805
                      216.95760598503736                        0.00000455923112
                      221.94513715710718                        0.00000230656197
                      226.93266832917701                        0.00000019864500
                      231.92019950124683                       -0.00000185619224
                      236.90773067331665                       -0.00000365470798
                      241.89526184538647                       -0.00000547656774
                      246.88279301745629                       -0.00000679478672
                      251.87032418952614                       -0.00000849225336
                      256.85785536159597                       -0.00000848966425
                      261.84538653366576                       -0.00000665630625
                      266.83291770573561                       -0.00000513681988
                      271.82044887780540                       -0.00000296341094
                      276.80798004987525                       -0.00000073111777
                      281.79551122194511                        0.00000188599086
                      286.78304239401490                        0.00000462847811
                      291.77057356608475                        0.00000759200452
                      296.75810473815454                        0.00001066452788
                      301.74563591022439                        0.00001385658723
                      306.73316708229419                        0.00001709850322
                      311.72069825436404                        0.00002036822222
                      316.70822942643383                        0.00002361899224
                      321.69576059850368                        0.00002681906277
                      326.68329177057348                        0.00002992638234
                      331.67082294264333                        0.00003290490809
                      336.65835411471318                        0.00003571802072
                      341.64588528678297                        0.00003833845465
                      346.63341645885282                        0.00004074443222
                      351.62094763092261                        0.00004291049024
                      356.60847880299247                        0.00004480044497
                      361.59600997506226                        0.00004638119391
                      366.58354114713211                        0.00004764037660
                      371.57107231920190                        0.00004858354844
                      376.55860349127175                        0.00004921209932
                      381.54613466334155                        0.00004951120709
                      386.53366583541140                        0.00004946258888
                      391.52119700748125                        0.00004906457068
                      396.50872817955104                        0.00004833534728
                      401.49625935162089                        0.00004729908025
                      406.48379052369069                        0.00004597323386
                      411.47132169576054                        0.00004436907465
                      416.45885286783033                        0.00004250032873
                      421.44638403990018                        0.00004038929861
                      426.43391521196997                        0.00003806638633
                      431.42144638403983                        0.00003556587396
                      436.40897755610968                        0.00003292206249
                      441.39650872817947                        0.00003016832269
                      446.38403990024932                        0.00002733931238
                      451.37157107231911                        0.00002447338137
                      456.35910224438896                        0.00002161112491
                      461.34663341645876                        0.00001879075384
                      466.33416458852861                        0.00001604664659
                      471.32169576059840                        0.00001341439711
                      476.30922693266825                        0.00001093513723
                      481.29675810473805                        0.00000864925713
                      486.28428927680790                        0.00000658331418
                      491.27182044887775                        0.00000474830115
                      496.25935162094754                        0.00000315947292
                      501.24688279301739                        0.00000186016516
                      506.23441396508719                        0.00000091582032
                      511.22194513715704                        0.00000036248611
                      516.20947630922683                        0.00000012942173
                      521.19700748129662                        0.00000004486214
                      526.18453865336653                        0.00000001392200
                      531.17206982543632                        0.00000000387164
                      536.15960099750612                        0.00000000148371
                      541.14713216957591                        0.00000000092673
                      546.13466334164582                        0.00000000051400
                      551.12219451371561                        0.00000000018752
                      556.10972568578541                        0.00000000002676
                      561.09725685785531                        0.00000000000042
                      566.08478802992511                        0.00000000000004
                      571.07231920199490                        0.00000000000001
                      576.05985037406469                        0.00000000000000
                      581.04738154613460                        0.00000000000000
                      586.03491271820440                        0.00000000000000
                      591.02244389027419                        0.00000000000000
                      596.00997506234398                        0.00000000000000
                      600.99750623441389                        0.00000000000000
                      605.98503740648368                        0.00000000000000
                      610.97256857855348                        0.00000000000000
                      615.96009975062339                        0.00000000000000
                      620.94763092269318                        0.00000000000000
                      625.93516209476297                        0.00000000000000
                      630.92269326683277                        0.00000000000000
                      635.91022443890267                        0.00000000000000
                      640.89775561097247                        0.00000000000000
                      645.88528678304226                        0.00000000000000
                      650.87281795511217                        0.00000000000000
                      655.86034912718196                        0.00000000000000
                      660.84788029925176                        0.00000000000000
                      665.83541147132155                        0.00000000000000
                      670.82294264339146                        0.00000000000000
                      675.81047381546125                        0.00000000000000
                      680.79800498753104                        0.00000000000000
                      685.78553615960084                        0.00000000000000
                      690.77306733167075                        0.00000000000000
                      695.76059850374054                        0.00000000000000
                      700.74812967581033                        0.00000000000000
                      705.73566084788024                        0.00000000000000
                      710.72319201995003                        0.00000000000000
                      715.71072319201983                        0.00000000000000
                      720.69825436408962                        0.00000000000000
                      725.68578553615953                        0.00000000000000
                      730.67331670822932                        0.00000000000000
                      735.66084788029912                        0.00000000000000
                      740.64837905236891                        0.00000000000000
                      745.63591022443882                        0.00000000000000
                      750.62344139650861                        0.00000000000000
                      755.61097256857840                        0.00000000000000
                      760.59850374064831                        0.00000000000000
                      765.58603491271811                        0.00000000000000
                      770.57356608478790                        0.00000000000000
                      775.56109725685769                        0.00000000000000
                      780.54862842892760                        0.00000000000000
                      785.53615960099739                        0.00000000000000
                      790.52369077306719                        0.00000000000000
                      795.51122194513698                        0.00000000000000
                      800.49875311720689                        0.00000000000000
                      805.48628428927668                        0.00000000000000
                      810.47381546134648                        0.00000000000000
                      815.46134663341638                        0.00000000000000
                      820.44887780548618                        0.00000000000000
                      825.43640897755597                        0.00000000000000
                      830.42394014962576                        0.00000000000000
                      835.41147132169567                        0.00000000000000
                      840.39900249376547                        0.00000000000000
                      845.38653366583526                        0.00000000000000
                      850.37406483790505                        0.00000000000000
                      855.36159600997496                        0.00000000000000
                      860.34912718204475                        0.00000000000000
                      865.33665835411455                        0.00000000000000
                      870.32418952618445                        0.00000000000000
                      875.31172069825425                        0.00000000000000
                      880.29925187032404                        0.00000000000000
                      885.28678304239384                        0.00000000000000
                      890.27431421446374                        0.00000000000000
                      895.26184538653354                        0.00000000000000
                      900.24937655860333                        0.00000000000000
                      905.23690773067312                        0.00000000000000
                      910.22443890274303                        0.00000000000000
                      915.21197007481283                        0.00000000000000
                      920.19950124688262                        0.00000000000000
                      925.18703241895253                        0.00000000000000
                      930.17456359102232                        0.00000000000000
                      935.16209476309211                        0.00000000000000
                      940.14962593516191                        0.00000000000000
                      945.13715710723181                        0.00000000000000
                      950.12468827930161                        0.00000000000000
                      955.11221945137140                        0.00000000000000
                      960.09975062344120                        0.00000000000000
                      965.08728179551110                        0.00000000000000
                      970.07481296758090                        0.00000000000000
                      975.06234413965069                        0.00000000000000
                      980.04987531172060                        0.00000000000000
                      985.03740648379039                        0.00000000000000
                      990.02493765586019                        0.00000000000000
                      995.01246882792998                        0.00000000000000
                      999.99999999999989                       -0.00000000000000
