                     -995.01246882793009                        0.99999999999650
                     -990.02493765586019                        0.99999999999650
                     -985.03740648379039                        0.99999999999650
                     -980.04987531172060                        0.99999999999650
                     -975.06234413965080                        0.99999999999650
                     -970.07481296758090                        0.99999999999650
                     -965.08728179551110                        0.99999999999650
                     -960.09975062344131                        0.99999999999650
                     -955.11221945137152                        0.99999999999650
                     -950.12468827930161                        0.99999999999650
                     -945.13715710723181                        0.99999999999650
                     -940.14962593516202                        0.99999999999650
                     -935.16209476309211                        0.99999999999650
                     -930.17456359102232                        0.99999999999650
                     -925.18703241895253                        0.99999999999650
                     -920.19950124688273                        0.99999999999650
                     -915.21197007481283                        0.99999999999650
                     -910.22443890274303                        0.99999999999650
                     -905.23690773067324                        0.99999999999650
                     -900.24937655860344                        0.99999999999650
                     -895.26184538653354                        0.99999999999650
                     -890.27431421446374                        0.99999999999650
                     -885.28678304239395                        0.99999999999650
                     -880.29925187032404                        0.99999999999650
                     -875.31172069825425                        0.99999999999650
                     -870.32418952618445                        0.99999999999650
                     -865.33665835411466                        0.99999999999650
                     -860.34912718204475                        0.99999999999650
                     -855.36159600997496                        0.99999999999650
                     -850.37406483790517                        0.99999999999650
                     -845.38653366583537                        0.99999999999650
                     -840.39900249376547                        0.99999999999650
                     -835.41147132169567                        0.99999999999650
                     -830.42394014962588                        0.99999999999650
                     -825.43640897755597                        0.99999999999650
                     -820.44887780548618                        0.99999999999650
                     -815.46134663341638                        0.99999999999650
                     -810.47381546134659                        0.99999999999650
                     -805.48628428927668                        0.99999999999650
                     -800.49875311720689                        0.99999999999650
                     -795.51122194513709                        0.99999999999650
                     -790.52369077306730                        0.99999999999650
                     -785.53615960099739                        0.99999999999650
                     -780.54862842892760                        0.99999999999650
                     -775.56109725685781                        0.99999999999650
                     -770.57356608478790                        0.99999999999650
                     -765.58603491271811                        0.99999999999650
                     -760.59850374064831                        0.99999999999650
                     -755.61097256857852                        0.99999999998540
                     -750.62344139650861                        0.99999999796319
                     -745.63591022443882                        0.99999997775490
                     -740.64837905236902                        0.99999993067804
                     -735.66084788029923                        0.99999987390065
                     -730.67331670822932                        0.99999983076837
                     -725.68578553615953                        0.99999958028543
                     -720.69825436408973                        0.99999829162066
                     -715.71072319201983                        0.99999384264006
                     -710.72319201995003                        0.99998625937724
                     -705.73566084788024                        0.99997882566686
                     -700.74812967581045                        0.99997617212280
                     -695.76059850374054                        0.99998237482514
                     -690.77306733167075                        0.99999332172110
                     -685.78553615960095                        1.00000017071425
                     -680.79800498753116                        0.99999215920211
                     -675.81047381546125                        0.99993939685723
                     -670.82294264339146                        0.99982537909054
                     -665.83541147132166                        0.99972102599340
                     -660.84788029925176                        0.99970059494326
                     -655.86034912718196                        0.99994939505095
                     -650.87281795511217                        1.00037603811488
                     -645.88528678304237                        1.00067630740332
                     -640.89775561097247                        1.00038742822844
                     -635.91022443890267                        0.99938636662791
                     -630.92269326683288                        0.99848059142896
                     -625.93516209476297                        0.99865015432611
                     -620.94763092269318                        1.00011056136054
                     -615.96009975062339                        1.00154592366043
                     -610.97256857855359                        1.00142915057590
                     -605.98503740648368                        0.99949814597348
                     -600.99750623441389                        0.99763117718453
                     -596.00997506234410                        0.99791333488793
                     -591.02244389027430                        1.00040000927465
                     -586.03491271820440                        1.00254695099147
                     -581.04738154613460                        1.00192639605743
                     -576.05985037406481                        0.99923721976270
                     -571.07231920199490                        0.99733142808273
                     -566.08478802992511                        0.99868741048517
                     -561.09725685785531                        1.00181974805027
                     -556.10972568578552                        1.00334563547053
                     -551.12219451371561                        1.00079847814018
                     -546.13466334164582                        0.99705543708401
                     -541.14713216957603                        0.99652513902574
                     -536.15960099750623                        1.00041942166331
                     -531.17206982543632                        1.00419000860234
                     -526.18453865336653                        1.00267359876475
                     -521.19700748129674                        0.99782963822508
                     -516.20947630922683                        0.99431690250799
                     -511.22194513715704                        1.00828199191892
                     -506.23441396508724                        1.05955292445979
                     -501.24688279301739                        1.14459013275291
                     -496.25935162094760                        1.32267754684449
                     -491.27182044887775                        1.48607690152030
                     -486.28428927680795                        1.59028436658691
                     -481.29675810473810                        1.65484084484010
                     -476.30922693266831                        1.70360504663936
                     -471.32169576059846                        1.74484862238883
                     -466.33416458852861                        1.78208077780705
                     -461.34663341645881                        1.82007349685236
                     -456.35910224438896                        1.85631865754017
                     -451.37157107231917                        1.88554913035628
                     -446.38403990024932                        1.90761414711756
                     -441.39650872817953                        1.92692496626628
                     -436.40897755610968                        1.94648351985093
                     -431.42144638403988                        1.96483754170999
                     -426.43391521197003                        1.97858401107792
                     -421.44638403990024                        1.98591649879800
                     -416.45885286783039                        1.98748212842142
                     -411.47132169576054                        1.98474421115943
                     -406.48379052369074                        1.97846849200864
                     -401.49625935162089                        1.96880269270459
                     -396.50872817955110                        1.95572631243485
                     -391.52119700748125                        1.93923088255551
                     -386.53366583541145                        1.91924065187623
                     -381.54613466334160                        1.89556951746790
                     -376.55860349127181                        1.86801767402953
                     -371.57107231920196                        1.83654341741176
                     -366.58354114713217                        1.80139872941145
                     -361.59600997506232                        1.76307574683774
                     -356.60847880299247                        1.72201247068742
                     -351.62094763092267                        1.67830092276758
                     -346.63341645885282                        1.63174980964495
                     -341.64588528678303                        1.58228582962638
                     -336.65835411471318                        1.53026584179256
                     -331.67082294264338                        1.47637122350934
                     -326.68329177057353                        1.42115232106771
                     -321.69576059850374                        1.36460622459317
                     -316.70822942643389                        1.30598326977843
                     -311.72069825436409                        1.24461106028225
                     -306.73316708229424                        1.18132263958132
                     -301.74563591022439                        1.12019079620400
                     -296.75810473815460                        1.06820921855992
                     -291.77057356608475                        1.03256086700835
                     -286.78304239401496                        1.01522170912849
                     -281.79551122194511                        1.00912089651542
                     -276.80798004987531                        1.00662389489630
                     -271.82044887780546                        1.00555038355751
                     -266.83291770573567                        1.00483242215173
                     -261.84538653366582                        1.00432585552771
                     -256.85785536159602                        1.00379673021603
                     -251.87032418952617                        1.00343399076701
                     -246.88279301745635                        1.00276763339243
                     -241.89526184538653                        1.00241026982849
                     -236.90773067331671                        1.00192296461487
                     -231.92019950124688                        1.00151261676992
                     -226.93266832917703                        1.00108441453585
                     -221.94513715710721                        1.00070490878861
                     -216.95760598503739                        1.00033946459380
                     -211.97007481296757                        1.00000940523710
                     -206.98254364089775                        0.99970922385819
                     -201.99501246882792                        0.99944972129579
                     -197.00748129675810                        0.99922872883835
                     -192.01995012468828                        0.99904605932688
                     -187.03241895261846                        0.99889899845098
                     -182.04488778054863                        0.99879069835438
                     -177.05735660847881                        0.99872585841185
                     -172.06982543640896                        0.99870665601743
                     -167.08229426433914                        0.99873019584879
                     -162.09476309226932                        0.99879240649166
                     -157.10723192019950                        0.99889121101369
                     -152.11970074812967                        0.99902630157758
                     -147.13216957605985                        0.99919690062325
                     -142.14463840399003                        0.99940081834875
                     -137.15710723192021                        0.99963492803090
                     -132.16957605985039                        0.99989578046548
                     -127.18204488778055                        1.00017973516715
                     -122.19451371571073                        1.00048302807627
                     -117.20698254364090                        1.00080185243364
                     -112.21945137157108                        1.00113210847790
                     -107.23192019950125                        1.00146903366012
                     -102.24438902743142                        1.00180748782905
                      -97.25685785536160                        1.00214278820927
                      -92.26932668329178                        1.00247078648126
                      -87.28179551122196                        1.00278673276480
                      -82.29426433915214                        1.00308469147312
                      -77.30673316708230                        1.00335915029509
                      -72.31920199501248                        1.00360710667824
                      -67.33167082294266                        1.00382698135509
                      -62.34413965087283                        1.00401422842569
                      -57.35660847880300                        1.00415904564325
                      -52.36907730673318                        1.00425168926649
                      -47.38154613466335                        1.00429447485758
                      -42.39401496259353                        1.00430963992690
                      -37.40648379052371                        1.00431511639017
                      -32.41895261845388                        1.00431689630641
                      -27.43142144638406                        1.00431735908874
                      -22.44389027431423                        1.00431744043785
                      -17.45635910224441                        1.00431748313740
                      -12.46882793017458                        1.00431752395898
                       -7.48129675810476                        1.00431754615065
                       -2.49376558603493                        1.00431755026166
                        2.49376558603489                        1.00431755030881
                        7.48129675810472                        1.00431755026166
                       12.46882793017454                        1.00431754615065
                       17.45635910224437                        1.00431752395898
                       22.44389027431419                        1.00431748313740
                       27.43142144638401                        1.00431744043785
                       32.41895261845384                        1.00431735908874
                       37.40648379052367                        1.00431689630641
                       42.39401496259349                        1.00431511639017
                       47.38154613466332                        1.00430963992690
                       52.36907730673314                        1.00429447485758
                       57.35660847880297                        1.00425168926649
                       62.34413965087279                        1.00415904564325
                       67.33167082294261                        1.00401422842569
                       72.31920199501243                        1.00382698135509
                       77.30673316708226                        1.00360710667824
                       82.29426433915209                        1.00335915029509
                       87.28179551122192                        1.00308469147312
                       92.26932668329174                        1.00278673276480
                       97.25685785536156                        1.00247078648126
                      102.24438902743138                        1.00214278820927
                      107.23192019950122                        1.00180748782905
                      112.21945137157104                        1.00146903366012
                      117.20698254364086                        1.00113210847790
                      122.19451371571068                        1.00080185243364
                      127.18204488778051                        1.00048302807627
                      132.16957605985033                        1.00017973516160
                      137.15710723192015                        0.99989578046548
                      142.14463840398997                        0.99963492803090
                      147.13216957605982                        0.99940081834875
                      152.11970074812965                        0.99919690062325
                      157.10723192019947                        0.99902630157758
                      162.09476309226929                        0.99889121104143
                      167.08229426433911                        0.99879240652494
                      172.06982543640893                        0.99873019579886
                      177.05735660847876                        0.99870665585931
                      182.04488778054858                        0.99872585837579
                      187.03241895261840                        0.99879069888420
                      192.01995012468822                        0.99889899921382
                      197.00748129675804                        0.99904605858346
                      201.99501246882789                        0.99922872567327
                      206.98254364089772                        0.99944971941504
                      211.97007481296754                        0.99970922693451
                      216.95760598503736                        1.00000940246869
                      221.94513715710718                        1.00033944521770
                      226.93266832917701                        1.00070493532430
                      231.92019950124683                        1.00108457672645
                      236.90773067331665                        1.00151267169431
                      241.89526184538647                        1.00192198649202
                      246.88279301745629                        1.00240737428426
                      251.87032418952614                        1.00276497898844
                      256.85785536159597                        1.00343147921913
                      261.84538653366576                        1.00379188242059
                      266.83291770573561                        1.00428958875100
                      271.82044887780540                        1.00470030916636
                      276.80798004987525                        1.00513392395446
                      281.79551122194511                        1.00551773378734
                      286.78304239401490                        1.00588271009574
                      291.77057356608475                        1.00620531417730
                      296.75810473815454                        1.00649516462890
                      301.74563591022439                        1.00673920822105
                      306.73316708229419                        1.00693571183142
                      311.72069825436404                        1.00708362053456
                      316.70822942643383                        1.00718729233354
                      321.69576059850368                        1.00724481572938
                      326.68329177057348                        1.00725173751953
                      331.67082294264333                        1.00720579042813
                      336.65835411471318                        1.00711009301740
                      341.64588528678297                        1.00696930789049
                      346.63341645885282                        1.00678623778608
                      351.62094763092261                        1.00656186170081
                      356.60847880299247                        1.00629769583065
                      361.59600997506226                        1.00599696673357
                      366.58354114713211                        1.00566413217530
                      371.57107231920190                        1.00530405766854
                      376.55860349127175                        1.00492171539026
                      381.54613466334155                        1.00452210327921
                      386.53366583541140                        1.00411021408127
                      391.52119700748125                        1.00369129564388
                      396.50872817955104                        1.00327117687011
                      401.49625935162089                        1.00285593056337
                      406.48379052369069                        1.00245101237392
                      411.47132169576054                        1.00206117872299
                      416.45885286783033                        1.00169160810906
                      421.44638403990018                        1.00134844856530
                      426.43391521196997                        1.00103717380598
                      431.42144638403983                        1.00076048954779
                      436.40897755610968                        1.00051943681865
                      441.39650872817947                        1.00031780576173
                      446.38403990024932                        1.00016443494778
                      451.37157107231911                        1.00006781708203
                      456.35910224438896                        1.00002379897664
                      461.34663341645876                        1.00000816595434
                      466.33416458852861                        1.00000251801325
                      471.32169576059840                        1.00000067900060
                      476.30922693266825                        1.00000019713066
                      481.29675810473805                        1.00000011129605
                      486.28428927680790                        1.00000006783366
                      491.27182044887775                        1.00000002636853
                      496.25935162094754                        1.00000000398823
                      501.24688279301739                        1.00000000003533
                      506.23441396508719                        0.99999999999650
                      511.22194513715704                        0.99999999999650
                      516.20947630922683                        0.99999999999650
                      521.19700748129662                        0.99999999999650
                      526.18453865336653                        0.99999999999650
                      531.17206982543632                        0.99999999999650
                      536.15960099750612                        0.99999999999650
                      541.14713216957591                        0.99999999999650
                      546.13466334164582                        0.99999999999650
                      551.12219451371561                        0.99999999999650
                      556.10972568578541                        0.99999999999650
                      561.09725685785531                        0.99999999999650
                      566.08478802992511                        0.99999999999650
                      571.07231920199490                        0.99999999999650
                      576.05985037406469                        0.99999999999650
                      581.04738154613460                        0.99999999999650
                      586.03491271820440                        0.99999999999650
                      591.02244389027419                        0.99999999999650
                      596.00997506234398                        0.99999999999650
                      600.99750623441389                        0.99999999999650
                      605.98503740648368                        0.99999999999650
                      610.97256857855348                        0.99999999999650
                      615.96009975062339                        0.99999999999650
                      620.94763092269318                        0.99999999999650
                      625.93516209476297                        0.99999999999650
                      630.92269326683277                        0.99999999999650
                      635.91022443890267                        0.99999999999650
                      640.89775561097247                        0.99999999999650
                      645.88528678304226                        0.99999999999650
                      650.87281795511217                        0.99999999999650
                      655.86034912718196                        0.99999999999650
                      660.84788029925176                        0.99999999999650
                      665.83541147132155                        0.99999999999650
                      670.82294264339146                        0.99999999999650
                      675.81047381546125                        0.99999999999650
                      680.79800498753104                        0.99999999999650
                      685.78553615960084                        0.99999999999650
                      690.77306733167075                        0.99999999999650
                      695.76059850374054                        0.99999999999650
                      700.74812967581033                        0.99999999999650
                      705.73566084788024                        0.99999999999650
                      710.72319201995003                        0.99999999999650
                      715.71072319201983                        0.99999999999650
                      720.69825436408962                        0.99999999999650
                      725.68578553615953                        0.99999999999650
                      730.67331670822932                        0.99999999999650
                      735.66084788029912                        0.99999999999650
                      740.64837905236891                        0.99999999999650
                      745.63591022443882                        0.99999999999650
                      750.62344139650861                        0.99999999999650
                      755.61097256857840                        0.99999999999650
                      760.59850374064831                        0.99999999999650
                      765.58603491271811                        0.99999999999650
                      770.57356608478790                        0.99999999999650
                      775.56109725685769                        0.99999999999650
                      780.54862842892760                        0.99999999999650
                      785.53615960099739                        0.99999999999650
                      790.52369077306719                        0.99999999999650
                      795.51122194513698                        0.99999999999650
                      800.49875311720689                        0.99999999999650
                      805.48628428927668                        0.99999999999650
                      810.47381546134648                        0.99999999999650
                      815.46134663341638                        0.99999999999650
                      820.44887780548618                        0.99999999999650
                      825.43640897755597                        0.99999999999650
                      830.42394014962576                        0.99999999999650
                      835.41147132169567                        0.99999999999650
                      840.39900249376547                        0.99999999999650
                      845.38653366583526                        0.99999999999650
                      850.37406483790505                        0.99999999999650
                      855.36159600997496                        0.99999999999650
                      860.34912718204475                        0.99999999999650
                      865.33665835411455                        0.99999999999650
                      870.32418952618445                        0.99999999999650
                      875.31172069825425                        0.99999999999650
                      880.29925187032404                        0.99999999999650
                      885.28678304239384                        0.99999999999650
                      890.27431421446374                        0.99999999999650
                      895.26184538653354                        0.99999999999650
                      900.24937655860333                        0.99999999999650
                      905.23690773067312                        0.99999999999650
                      910.22443890274303                        0.99999999999650
                      915.21197007481283                        0.99999999999650
                      920.19950124688262                        0.99999999999650
                      925.18703241895253                        0.99999999999650
                      930.17456359102232                        0.99999999999650
                      935.16209476309211                        0.99999999999650
                      940.14962593516191                        0.99999999999650
                      945.13715710723181                        0.99999999999650
                      950.12468827930161                        0.99999999999650
                      955.11221945137140                        0.99999999999650
                      960.09975062344120                        0.99999999999650
                      965.08728179551110                        0.99999999999650
                      970.07481296758090                        0.99999999999650
                      975.06234413965069                        0.99999999999650
                      980.04987531172060                        0.99999999999650
                      985.03740648379039                        0.99999999999650
                      990.02493765586019                        0.99999999999650
                      995.01246882792998                        0.99999999999650
                      999.99999999999989                        0.99999999999650
