                     -995.01246882793009                        0.01000000000000
                     -990.02493765586019                        0.01000000000000
                     -985.03740648379039                        0.01000000000000
                     -980.04987531172060                        0.01000000000000
                     -975.06234413965080                        0.01000000000000
                     -970.07481296758090                        0.01000000000000
                     -965.08728179551110                        0.01000000000000
                     -960.09975062344131                        0.01000000000000
                     -955.11221945137152                        0.01000000000000
                     -950.12468827930161                        0.01000000000000
                     -945.13715710723181                        0.01000000000000
                     -940.14962593516202                        0.01000000000000
                     -935.16209476309211                        0.01000000000000
                     -930.17456359102232                        0.01000000000000
                     -925.18703241895253                        0.01000000000000
                     -920.19950124688273                        0.01000000000000
                     -915.21197007481283                        0.01000000000000
                     -910.22443890274303                        0.01000000000000
                     -905.23690773067324                        0.01000000000000
                     -900.24937655860344                        0.01000000000000
                     -895.26184538653354                        0.01000000000000
                     -890.27431421446374                        0.01000000000000
                     -885.28678304239395                        0.01000000000000
                     -880.29925187032404                        0.01000000000000
                     -875.31172069825425                        0.01000000000000
                     -870.32418952618445                        0.01000000000000
                     -865.33665835411466                        0.01000000000000
                     -860.34912718204475                        0.01000000000000
                     -855.36159600997496                        0.01000000000000
                     -850.37406483790517                        0.01000000000000
                     -845.38653366583537                        0.01000000000000
                     -840.39900249376547                        0.01000000000000
                     -835.41147132169567                        0.01000000000000
                     -830.42394014962588                        0.01000000000000
                     -825.43640897755597                        0.01000000000000
                     -820.44887780548618                        0.01000000000000
                     -815.46134663341638                        0.01000000000000
                     -810.47381546134659                        0.01000000000000
                     -805.48628428927668                        0.01000000000000
                     -800.49875311720689                        0.01000000000000
                     -795.51122194513709                        0.01000000000000
                     -790.52369077306730                        0.01000000000000
                     -785.53615960099739                        0.01000000000000
                     -780.54862842892760                        0.01000000000000
                     -775.56109725685781                        0.01000000000000
                     -770.57356608478790                        0.01000000000000
                     -765.58603491271811                        0.01000000000000
                     -760.59850374064831                        0.01000000000000
                     -755.61097256857852                        0.01000000000000
                     -750.62344139650861                        0.01000000000000
                     -745.63591022443882                        0.01000000000000
                     -740.64837905236902                        0.01000000000000
                     -735.66084788029923                        0.01000000000000
                     -730.67331670822932                        0.01000000000000
                     -725.68578553615953                        0.01000000000000
                     -720.69825436408973                        0.01000000000000
                     -715.71072319201983                        0.01000000000000
                     -710.72319201995003                        0.01000000000000
                     -705.73566084788024                        0.01000000000000
                     -700.74812967581045                        0.01000000000000
                     -695.76059850374054                        0.01000000000000
                     -690.77306733167075                        0.01000000000000
                     -685.78553615960095                        0.01000000000000
                     -680.79800498753116                        0.01000000000000
                     -675.81047381546125                        0.01000000000000
                     -670.82294264339146                        0.01000000000000
                     -665.83541147132166                        0.01000000000000
                     -660.84788029925176                        0.01000000000000
                     -655.86034912718196                        0.01000000000000
                     -650.87281795511217                        0.01000000000000
                     -645.88528678304237                        0.01000000000000
                     -640.89775561097247                        0.01000000000000
                     -635.91022443890267                        0.01000000000000
                     -630.92269326683288                        0.01000000000000
                     -625.93516209476297                        0.01000000000000
                     -620.94763092269318                        0.01000000000000
                     -615.96009975062339                        0.01000000000000
                     -610.97256857855359                        0.01000000000000
                     -605.98503740648368                        0.01000000000000
                     -600.99750623441389                        0.01000000000000
                     -596.00997506234410                        0.01000000000000
                     -591.02244389027430                        0.01000000000000
                     -586.03491271820440                        0.01000000000000
                     -581.04738154613460                        0.01000000000000
                     -576.05985037406481                        0.01000000000000
                     -571.07231920199490                        0.01000000000000
                     -566.08478802992511                        0.01000000000000
                     -561.09725685785531                        0.01000000000000
                     -556.10972568578552                        0.01000000000000
                     -551.12219451371561                        0.01000000000000
                     -546.13466334164582                        0.01000000000000
                     -541.14713216957603                        0.01000000000000
                     -536.15960099750623                        0.01000000000000
                     -531.17206982543632                        0.01000000000000
                     -526.18453865336653                        0.01000000000000
                     -521.19700748129674                        0.01000000000000
                     -516.20947630922683                        0.01000000000000
                     -511.22194513715704                        0.01000000000000
                     -506.23441396508724                        0.01000000000000
                     -501.24688279301739                        0.01000000000000
                     -496.25935162094760                        0.01000000000000
                     -491.27182044887775                        0.01000000000000
                     -486.28428927680795                        0.01000000000000
                     -481.29675810473810                        0.01000000000000
                     -476.30922693266831                        0.01000000000000
                     -471.32169576059846                        0.01000000000000
                     -466.33416458852861                        0.01000000000000
                     -461.34663341645881                        0.01000000000000
                     -456.35910224438896                        0.01000000000000
                     -451.37157107231917                        0.01000000000000
                     -446.38403990024932                        0.01000000000000
                     -441.39650872817953                        0.01000000000000
                     -436.40897755610968                        0.01000000000000
                     -431.42144638403988                        0.01000000000000
                     -426.43391521197003                        0.01000000000000
                     -421.44638403990024                        0.01000000000000
                     -416.45885286783039                        0.01000000000000
                     -411.47132169576054                        0.01000000000000
                     -406.48379052369074                        0.01000000000000
                     -401.49625935162089                        0.01000000000000
                     -396.50872817955110                        0.01000000000000
                     -391.52119700748125                        0.01000000000000
                     -386.53366583541145                        0.01000000000000
                     -381.54613466334160                        0.01000000000000
                     -376.55860349127181                        0.01000000000000
                     -371.57107231920196                        0.01000000000000
                     -366.58354114713217                        0.01000000000000
                     -361.59600997506232                        0.01000000000000
                     -356.60847880299247                        0.01000000000000
                     -351.62094763092267                        0.01000000000000
                     -346.63341645885282                        0.01000000000000
                     -341.64588528678303                        0.01000000000000
                     -336.65835411471318                        0.01000000000000
                     -331.67082294264338                        0.01000000000000
                     -326.68329177057353                        0.01000000000000
                     -321.69576059850374                        0.01000000000000
                     -316.70822942643389                        0.01000000000000
                     -311.72069825436409                        0.01000000000000
                     -306.73316708229424                        0.01000000000000
                     -301.74563591022439                        0.01000000000000
                     -296.75810473815460                        0.01000000000000
                     -291.77057356608475                        0.01000000000000
                     -286.78304239401496                        0.01000000000000
                     -281.79551122194511                        0.01000000000000
                     -276.80798004987531                        0.01000000000000
                     -271.82044887780546                        0.01000000000000
                     -266.83291770573567                        0.01000000000000
                     -261.84538653366582                        0.01000000000000
                     -256.85785536159602                        0.01000008660450
                     -251.87032418952617                        0.08331621041372
                     -246.88279301745635                        0.01434425208844
                     -241.89526184538653                        0.01436184137382
                     -236.90773067331671                        0.01438330114005
                     -231.92019950124688                        0.01439825223658
                     -226.93266832917703                        0.01441118779708
                     -221.94513715710721                        0.01442003689654
                     -216.95760598503739                        0.01442635009014
                     -211.97007481296757                        0.01443009460984
                     -206.98254364089775                        0.01443199697432
                     -201.99501246882792                        0.01443247258586
                     -197.00748129675810                        0.01443202562097
                     -192.01995012468828                        0.01443107123692
                     -187.03241895261846                        0.01442994341344
                     -182.04488778054863                        0.01442889755220
                     -177.05735660847881                        0.01442810222467
                     -172.06982543640896                        0.01442762924602
                     -167.08229426433914                        0.01442742469513
                     -162.09476309226932                        0.01442735721969
                     -157.10723192019950                        0.01442733585707
                     -152.11970074812967                        0.01442732997955
                     -147.13216957605985                        0.01442732877279
                     -142.14463840399003                        0.01442732860187
                     -137.15710723192021                        0.01442732850476
                     -132.16957605985039                        0.01442732844048
                     -127.18204488778055                        0.01442732842226
                     -122.19451371571073                        0.01442732842139
                     -117.20698254364090                        0.01442732842139
                     -112.21945137157108                        0.01442732842139
                     -107.23192019950125                        0.01442732842139
                     -102.24438902743142                        0.01442732842139
                      -97.25685785536160                        0.01442732842139
                      -92.26932668329178                        0.01442732842139
                      -87.28179551122196                        0.01442732842139
                      -82.29426433915214                        0.01442732842139
                      -77.30673316708230                        0.01442732842139
                      -72.31920199501248                        0.01442732842139
                      -67.33167082294266                        0.01442732842139
                      -62.34413965087283                        0.01442732842139
                      -57.35660847880300                        0.01442732842139
                      -52.36907730673318                        0.01442732842139
                      -47.38154613466335                        0.01442732842139
                      -42.39401496259353                        0.01442732842139
                      -37.40648379052371                        0.01442732842139
                      -32.41895261845388                        0.01442732842139
                      -27.43142144638406                        0.01442732842139
                      -22.44389027431423                        0.01442732842139
                      -17.45635910224441                        0.01442732842139
                      -12.46882793017458                        0.01442732842139
                       -7.48129675810476                        0.01442732842139
                       -2.49376558603493                        0.01442732842139
                        2.49376558603489                        0.01442732842139
                        7.48129675810472                        0.01442732842139
                       12.46882793017454                        0.01442732842139
                       17.45635910224437                        0.01442732842139
                       22.44389027431419                        0.01442732842139
                       27.43142144638401                        0.01442732842139
                       32.41895261845384                        0.01442732842139
                       37.40648379052367                        0.01442732842139
                       42.39401496259349                        0.01442732842139
                       47.38154613466332                        0.01442732842139
                       52.36907730673314                        0.01442732842139
                       57.35660847880297                        0.01442732842139
                       62.34413965087279                        0.01442732842139
                       67.33167082294261                        0.01442732842139
                       72.31920199501243                        0.01442732842139
                       77.30673316708226                        0.01442732842139
                       82.29426433915209                        0.01442732842139
                       87.28179551122192                        0.01442732842139
                       92.26932668329174                        0.01442732842139
                       97.25685785536156                        0.01442732842139
                      102.24438902743138                        0.01442732842139
                      107.23192019950122                        0.01442732842139
                      112.21945137157104                        0.01442732842139
                      117.20698254364086                        0.01442732842139
                      122.19451371571068                        0.01442732842139
                      127.18204488778051                        0.01442732842139
                      132.16957605985033                        0.01442732842226
                      137.15710723192015                        0.01442732844048
                      142.14463840398997                        0.01442732850476
                      147.13216957605982                        0.01442732860187
                      152.11970074812965                        0.01442732877279
                      157.10723192019947                        0.01442732997955
                      162.09476309226929                        0.01442733585707
                      167.08229426433911                        0.01442735721969
                      172.06982543640893                        0.01442742469513
                      177.05735660847876                        0.01442762924602
                      182.04488778054858                        0.01442810222467
                      187.03241895261840                        0.01442889755220
                      192.01995012468822                        0.01442994341344
                      197.00748129675804                        0.01443107123692
                      201.99501246882789                        0.01443202562097
                      206.98254364089772                        0.01443247258586
                      211.97007481296754                        0.01443199697432
                      216.95760598503736                        0.01443009460984
                      221.94513715710718                        0.01442635009014
                      226.93266832917701                        0.01442003689654
                      231.92019950124683                        0.01441118779708
                      236.90773067331665                        0.01439825223658
                      241.89526184538647                        0.01438330114005
                      246.88279301745629                        0.01436184137382
                      251.87032418952614                        0.01434425208844
                      256.85785536159597                        0.08331621041372
                      261.84538653366576                        0.01000008660450
                      266.83291770573561                        0.01000000000000
                      271.82044887780540                        0.01000000000000
                      276.80798004987525                        0.01000000000000
                      281.79551122194511                        0.01000000000000
                      286.78304239401490                        0.01000000000000
                      291.77057356608475                        0.01000000000000
                      296.75810473815454                        0.01000000000000
                      301.74563591022439                        0.01000000000000
                      306.73316708229419                        0.01000000000000
                      311.72069825436404                        0.01000000000000
                      316.70822942643383                        0.01000000000000
                      321.69576059850368                        0.01000000000000
                      326.68329177057348                        0.01000000000000
                      331.67082294264333                        0.01000000000000
                      336.65835411471318                        0.01000000000000
                      341.64588528678297                        0.01000000000000
                      346.63341645885282                        0.01000000000000
                      351.62094763092261                        0.01000000000000
                      356.60847880299247                        0.01000000000000
                      361.59600997506226                        0.01000000000000
                      366.58354114713211                        0.01000000000000
                      371.57107231920190                        0.01000000000000
                      376.55860349127175                        0.01000000000000
                      381.54613466334155                        0.01000000000000
                      386.53366583541140                        0.01000000000000
                      391.52119700748125                        0.01000000000000
                      396.50872817955104                        0.01000000000000
                      401.49625935162089                        0.01000000000000
                      406.48379052369069                        0.01000000000000
                      411.47132169576054                        0.01000000000000
                      416.45885286783033                        0.01000000000000
                      421.44638403990018                        0.01000000000000
                      426.43391521196997                        0.01000000000000
                      431.42144638403983                        0.01000000000000
                      436.40897755610968                        0.01000000000000
                      441.39650872817947                        0.01000000000000
                      446.38403990024932                        0.01000000000000
                      451.37157107231911                        0.01000000000000
                      456.35910224438896                        0.01000000000000
                      461.34663341645876                        0.01000000000000
                      466.33416458852861                        0.01000000000000
                      471.32169576059840                        0.01000000000000
                      476.30922693266825                        0.01000000000000
                      481.29675810473805                        0.01000000000000
                      486.28428927680790                        0.01000000000000
                      491.27182044887775                        0.01000000000000
                      496.25935162094754                        0.01000000000000
                      501.24688279301739                        0.01000000000000
                      506.23441396508719                        0.01000000000000
                      511.22194513715704                        0.01000000000000
                      516.20947630922683                        0.01000000000000
                      521.19700748129662                        0.01000000000000
                      526.18453865336653                        0.01000000000000
                      531.17206982543632                        0.01000000000000
                      536.15960099750612                        0.01000000000000
                      541.14713216957591                        0.01000000000000
                      546.13466334164582                        0.01000000000000
                      551.12219451371561                        0.01000000000000
                      556.10972568578541                        0.01000000000000
                      561.09725685785531                        0.01000000000000
                      566.08478802992511                        0.01000000000000
                      571.07231920199490                        0.01000000000000
                      576.05985037406469                        0.01000000000000
                      581.04738154613460                        0.01000000000000
                      586.03491271820440                        0.01000000000000
                      591.02244389027419                        0.01000000000000
                      596.00997506234398                        0.01000000000000
                      600.99750623441389                        0.01000000000000
                      605.98503740648368                        0.01000000000000
                      610.97256857855348                        0.01000000000000
                      615.96009975062339                        0.01000000000000
                      620.94763092269318                        0.01000000000000
                      625.93516209476297                        0.01000000000000
                      630.92269326683277                        0.01000000000000
                      635.91022443890267                        0.01000000000000
                      640.89775561097247                        0.01000000000000
                      645.88528678304226                        0.01000000000000
                      650.87281795511217                        0.01000000000000
                      655.86034912718196                        0.01000000000000
                      660.84788029925176                        0.01000000000000
                      665.83541147132155                        0.01000000000000
                      670.82294264339146                        0.01000000000000
                      675.81047381546125                        0.01000000000000
                      680.79800498753104                        0.01000000000000
                      685.78553615960084                        0.01000000000000
                      690.77306733167075                        0.01000000000000
                      695.76059850374054                        0.01000000000000
                      700.74812967581033                        0.01000000000000
                      705.73566084788024                        0.01000000000000
                      710.72319201995003                        0.01000000000000
                      715.71072319201983                        0.01000000000000
                      720.69825436408962                        0.01000000000000
                      725.68578553615953                        0.01000000000000
                      730.67331670822932                        0.01000000000000
                      735.66084788029912                        0.01000000000000
                      740.64837905236891                        0.01000000000000
                      745.63591022443882                        0.01000000000000
                      750.62344139650861                        0.01000000000000
                      755.61097256857840                        0.01000000000000
                      760.59850374064831                        0.01000000000000
                      765.58603491271811                        0.01000000000000
                      770.57356608478790                        0.01000000000000
                      775.56109725685769                        0.01000000000000
                      780.54862842892760                        0.01000000000000
                      785.53615960099739                        0.01000000000000
                      790.52369077306719                        0.01000000000000
                      795.51122194513698                        0.01000000000000
                      800.49875311720689                        0.01000000000000
                      805.48628428927668                        0.01000000000000
                      810.47381546134648                        0.01000000000000
                      815.46134663341638                        0.01000000000000
                      820.44887780548618                        0.01000000000000
                      825.43640897755597                        0.01000000000000
                      830.42394014962576                        0.01000000000000
                      835.41147132169567                        0.01000000000000
                      840.39900249376547                        0.01000000000000
                      845.38653366583526                        0.01000000000000
                      850.37406483790505                        0.01000000000000
                      855.36159600997496                        0.01000000000000
                      860.34912718204475                        0.01000000000000
                      865.33665835411455                        0.01000000000000
                      870.32418952618445                        0.01000000000000
                      875.31172069825425                        0.01000000000000
                      880.29925187032404                        0.01000000000000
                      885.28678304239384                        0.01000000000000
                      890.27431421446374                        0.01000000000000
                      895.26184538653354                        0.01000000000000
                      900.24937655860333                        0.01000000000000
                      905.23690773067312                        0.01000000000000
                      910.22443890274303                        0.01000000000000
                      915.21197007481283                        0.01000000000000
                      920.19950124688262                        0.01000000000000
                      925.18703241895253                        0.01000000000000
                      930.17456359102232                        0.01000000000000
                      935.16209476309211                        0.01000000000000
                      940.14962593516191                        0.01000000000000
                      945.13715710723181                        0.01000000000000
                      950.12468827930161                        0.01000000000000
                      955.11221945137140                        0.01000000000000
                      960.09975062344120                        0.01000000000000
                      965.08728179551110                        0.01000000000000
                      970.07481296758090                        0.01000000000000
                      975.06234413965069                        0.01000000000000
                      980.04987531172060                        0.01000000000000
                      985.03740648379039                        0.01000000000000
                      990.02493765586019                        0.01000000000000
                      995.01246882792998                        0.01000000000000
                      999.99999999999989                        0.01000000000000
